,0
0,3.712955829731328
1,3.4682738155297317
2,3.37153076001238
3,3.3726650229106063
4,3.3828938005187443
5,3.3791805720907573
6,3.513266744049129
7,3.3045928683916075
8,3.0954090563112167
9,2.954305628315536
10,3.0680542624863745
11,2.7384185197746196
12,2.6230816550190013
13,2.6207729212981943
14,2.6211168152393354
15,2.868921151832375
16,2.7088484893767886
17,2.615416024328909
18,2.8672536629933725
19,2.7139259720895543
20,2.5749754301766035
21,2.726556759877732
22,2.3681693987180994
23,2.23825905784685
24,2.247562055670369
25,2.295415061691578
26,2.2896211436955367
27,2.404127803459391
28,2.172881132551439
29,2.3091432281372946
30,2.3180838086454667
31,2.4644182981951777
32,2.5410690028530327
33,2.7721176780957197
34,3.36002457432511
35,3.448910875225772
36,3.851932914148354
37,4.586502668971223
38,4.2135625487781345
39,4.875539677465817
40,4.396132670833128
41,4.997959637755499
42,4.812241280543192
43,4.25185662034199
44,3.9170027778007483
45,4.007951135669154
46,3.7905769870116974
47,3.7842763976895597
48,3.9700357288893002
49,3.797739250472776
50,3.8390862255828426
51,3.998482147372
52,3.587303815535019
53,3.709270573882975
54,3.5982884068513603
55,3.455457668215127
56,3.4054943174447234
57,3.209885954553538
58,3.297354680863943
59,2.7532175916248454
60,3.1661188266363562
61,3.298872874074276
62,3.2089688083339927
63,3.328299046484741
64,3.4289619089394154
65,3.440960791795073
66,3.40494960152196
67,3.4454589827131303
68,3.611156216353868
69,3.823025329368628
70,3.4823574367637438
71,3.397638071225176
72,3.391669095746788
73,3.4698812429114207
74,3.4590622444115318
75,3.7928739824525484
76,3.8109636401200175
77,3.9508720234600254
78,3.7472460094651256
79,3.5171190136072012
80,3.5141955188137697
81,3.5088767984511477
82,3.401240149174812
83,3.3274250841287953
84,3.1297346689225147
85,3.2302554533052814
86,3.2149388292706944
87,3.112582822299748
88,3.0508328377188776
89,3.227589497544731
90,2.9381309846557246
91,2.9344861686290775
92,2.9852965864686922
93,2.696410891033496
94,2.8255754205438675
95,2.6637554449975007
96,2.55631722539469
97,2.3877843314797085
98,2.541538789515533
99,2.598843505152983
100,2.7423691467810056
101,2.6315861342835816
102,2.6037937769361212
103,2.3632641632630675
104,2.253122010087118
105,2.1146582591428844
106,2.024091753115925
107,1.9278008830362225
108,1.7748841003622755
109,1.9189140120998973
110,1.8731657265253343
111,1.8851307709529872
112,1.8857284330728628
113,1.6384420811309302
114,1.7298489015007537
115,1.571604422073492
116,1.5212403873754687
117,1.6942981169002318
118,1.76435667287422
119,1.6582187511296336
120,1.658948284912323
121,1.8570295433131867
122,1.7593230119063643
123,1.9013591503169969
124,1.9255824967739246
125,2.138124507965413
126,2.06538471248192
127,1.9736421447479773
128,2.1412292493437675
129,2.1642360196171357
130,2.2569156815478895
131,2.198272065228489
132,2.3367548890953667
133,2.3315899996040055
134,2.3839131126294304
135,2.408896145997753
136,2.6878835306266997
137,3.0117398627025795
138,3.02127687260943
139,2.7402544832068942
140,3.06587011338144
141,2.9101116171897736
142,2.7287837674343822
143,2.6574414995386415
144,2.630636507628406
145,2.8306094282732794
146,2.6983378302988106
147,2.648650984824797
148,2.6186597806009755
149,2.594700276566278
150,2.8765605821664217
151,2.6408435412967015
152,2.4240164325204976
153,2.399890222608345
154,2.406480143006
155,2.3148210302866503
156,2.032174943379074
157,2.2695281807240106
158,2.2755024659473304
159,2.3359517353282424
160,2.1012348563223746
161,2.225834075109065
162,2.267446312901762
163,2.1725945714975534
164,2.1687219715475363
165,2.3135529001553117
166,2.265303254018106
167,2.4285378459402094
168,2.5022946153536436
169,2.6894485134733457
170,3.047015051672094
171,2.746864816077102
172,3.106768592292328
173,2.7538076235835196
174,3.3617119349171434
175,3.477660821739957
176,3.458853752592004
177,3.5195175996340065
178,3.548259437614655
179,3.8849420618486765
180,4.081966635046663
181,4.4360497341902905
182,4.594346557977824
183,5.054633957917944
184,4.646910172212357
185,4.83172283493528
186,4.079824208424144
187,4.379223492614549
188,3.940879075402915
189,3.749801900604221
190,3.7169435282896344
191,3.8209491037829992
192,3.7331794882664098
193,3.4543623736442224
194,3.981878937530326
195,4.358708196038981
196,3.9308353233502493
197,4.091537444635589
198,4.098641448074204
199,4.0913226371170515
200,3.832124284369066
201,3.6973510792688464
202,3.7990374096869797
203,3.751851089045507
204,3.90244352910617
205,3.7804545421175937
206,3.995661145311558
207,4.512806650345597
208,5.252082134193348
209,4.895477747650514
210,5.117519241125775
211,5.213176694429381
212,4.711806032309408
213,4.775074059894012
214,4.392286963158653
215,5.2223889023708505
216,5.35327620255113
217,5.21770075904934
218,5.693858075905196
219,6.066189770940844
220,5.3007065557390725
221,5.479909544253041
222,4.878916454583422
223,4.512646485051033
224,4.375098392171321
225,4.400776738090814
226,4.19984789545617
227,4.126748308426711
228,4.522994812713264
229,4.028308080933122
230,4.3582423771039105
231,4.55751991358905
232,4.349094434081739
233,4.088123062927146
234,4.250219908816997
235,4.003372174685703
236,3.7711493033123062
237,3.8006048172117377
238,3.890992902830879
239,3.6806433788106787
240,3.5470066907579527
241,3.9693098908903828
242,3.9597891018976914
243,4.700928164643037
244,5.290741592618035
245,4.81967701783096
246,4.922649737935641
247,5.417546876866447
248,4.869954605519435
249,5.114157336167465
250,5.30887017991259
251,5.89631265306745
252,6.0462258089962715
253,5.9562885277461834
254,6.257207182307554
255,6.274304275761388
256,6.651499207682987
257,6.762953119549952
258,6.779779396632043
259,6.779779396632043
260,6.779779396632043
261,6.4189922292162
262,6.262129898262565
263,6.2907120402671435
264,6.115596933665016
265,6.090951897239369
266,6.1033903724395
267,5.433340258413802
268,6.0701934287457995
269,5.424129720913698
270,5.504931873862614
271,5.298017684113405
272,4.457029544899455
273,4.646314368327424
274,4.170863163573591
275,4.275404527743119
276,4.066795740777538
277,4.003301602520316
278,3.9134538085555977
279,4.047057369603516
280,4.355822337892124
281,4.362433499753382
282,4.4565735705915515
283,4.465341446584683
284,4.102023186818638
285,4.088839781522099
286,4.026745649870465
287,3.9929514714068715
288,4.023356308980331
289,4.071082806724963
290,4.39029481831891
291,4.2114614450742085
292,3.9980858716988807
293,4.145849287344985
294,4.231632626370323
295,4.473084026746948
296,4.825017264918901
297,4.301095560781292
298,4.435131601728931
299,5.051974232479025
300,4.292042156123435
301,4.4344648087631535
302,4.082122747073139
303,4.49062419052588
304,4.586046954674387
305,4.97950540555489
306,5.292065297008322
307,5.38838642500986
308,5.704936839151028
309,6.114129210837721
310,6.100241320422623
311,5.377343696072283
312,5.257460692586664
313,4.810368668133839
314,4.866242778927057
315,4.204978825548301
316,4.780184451207166
317,4.523072947902496
318,4.366341397180056
319,4.67261752436643
320,4.500277252252964
321,4.01947434216493
322,4.082704498280369
323,3.7728195530710025
324,3.7448175696024006
325,3.6432684021628337
326,3.476673500819388
327,3.392185043898014
328,3.213150934250783
329,3.358730437209861
330,3.333288960885282
331,3.822123537442998
332,3.64409213957856
333,3.6647732848503165
334,3.966312825243646
335,3.869217762417651
336,3.875387868015165
337,3.9169745209708595
338,4.180821401765844
339,3.9886392517136473
340,3.9781463722360497
341,3.5373406142838957
342,3.4299928876874697
343,3.7406446602248904
344,3.1642759106943426
345,2.8115109389696116
346,2.5765357483647624
347,2.5089175706902007
348,2.5015624966762977
349,2.457653613390522
350,2.1738112680565442
351,1.911669213244124
352,1.739200587869092
353,1.615689913216157
354,1.5004452051643205
355,1.3311781544342325
356,1.2672348003716436
357,1.214165016019034
358,1.2399357173428367
359,1.1018409446146327
360,1.0961089242557223
361,1.219256670705766
362,1.1152368826452672
363,1.139263298036553
364,1.1426813164637424
365,1.2313061106944423
366,1.3063702766025587
367,1.3230169036063766
368,1.6639540498587502
369,1.8290006019973395
370,2.104960719088496
371,2.4457675576868647
372,2.7729630638065514
373,3.1093660191119823
374,3.1984287993610465
375,3.4474167783512635
376,3.83326300737871
377,4.3366242460943925
378,4.284823231711789
379,4.313066609111535
380,4.514112975494179
381,4.598065622304014
382,4.694870328451281
383,4.713718762054781
384,4.495422027486882
385,4.994056929586866
386,4.765375284400408
387,4.508692336792397
388,4.861065768664119
389,4.811489407096909
390,4.7059589902631584
391,4.153815030135126
392,4.170274794185505
393,4.074116173663822
394,4.277959807543436
395,4.10218067657831
396,3.9574172217657795
397,4.345099282091603
398,4.402822347283822
399,4.371092069925786
400,4.9389098808294944
401,4.6419498629436875
402,4.915254345768426
403,5.086586969160731
404,4.8565719176258115
405,4.85582611229688
406,4.959795946722543
407,5.0933074419158775
408,5.33008751676759
409,5.28073363250635
410,5.057895924121004
411,5.518623892724643
412,5.395623536697424
413,5.533503978686587
414,5.240213351457551
415,5.350428646476417
416,5.388965154109453
417,4.899470789382498
418,4.877215282768303
419,4.517402122341098
420,4.142036952787783
421,4.112754758900951
422,4.180642588412249
423,4.029183969297452
424,4.018297653326049
425,3.7202402891885127
426,4.097570367308554
427,3.7546710350023367
428,3.4812382045857344
429,3.2088910885980138
430,3.3532002309400353
431,3.0318691580184507
432,2.9800163825188806
433,2.9279696771562365
434,2.7803587236767213
435,2.701042818333449
436,2.6299089608875987
437,2.765797832038035
438,2.6757496753761068
439,2.5191594121604743
440,2.592955903395958
441,2.602694849585589
442,2.5838634816143795
443,2.1983493889604717
444,2.197021133312445
445,2.134027533704828
446,2.248952797581951
447,2.084594699256353
448,2.144784177443817
449,2.1254577583586776
450,2.116856341753732
451,2.1080509647108703
452,2.0451745650860946
453,2.0265281258199357
454,1.8884919745451778
455,1.8977071675891226
456,1.693470881013364
457,1.6624584802107267
458,1.5309705077026856
459,1.51478742199518
460,1.488333101236429
461,1.443211909919948
462,1.3965359798667782
463,1.3059273136942706
464,1.3951267490147228
465,1.3703797486996474
466,1.6113810657628937
467,1.6471968748215793
468,1.8351230850833788
469,2.0776662820518523
470,2.3919336315709776
471,2.760257505793786
472,3.1720503745273487
473,3.541420464997947
474,3.584130054427096
475,3.8551507645061265
476,3.8456710088361246
477,4.306102163424862
478,4.556756068111685
479,5.146809035536103
480,4.99594744221252
481,5.858294270532505
482,6.014707771670273
483,6.091348923246205
484,6.227212908070322
485,6.27720911135133
486,6.287702763468835
487,6.339168805924157
488,6.654404043272929
489,6.670627297392308
490,6.760090844443489
491,6.762953119549952
492,6.762953119549952
493,6.779779396632043
494,6.779779396632043
495,6.779779396632043
496,6.779779396632043
497,6.779779396632043
498,6.779779396632043
499,6.739525797421546
500,6.760090844443489
501,6.4021659521341086
502,6.254035946345829
503,6.293616875857086
504,6.559173385525344
505,6.240856562811895
506,6.146671708804698
507,6.078142808929703
508,5.3525699831140425
509,6.533441655847805
510,6.385758187628352
511,5.4459556130085325
512,6.203830786410752
513,6.274304275761388
514,5.373907384173145
515,6.052781447541489
516,5.549414664224817
517,4.840924453912828
518,5.035198173490383
519,5.282437113318781
520,4.549450830380009
521,5.04684774381937
522,4.885354122737722
523,4.42328889987703
524,4.552014706583835
525,4.354403497720412
526,4.385446068103596
527,4.179201506074415
528,3.909982021008019
529,3.747046082346991
530,3.880043250964344
531,3.861475799647489
532,3.4782272325919785
533,3.705982737758218
534,3.462560963092773
535,3.4691621808717583
536,3.428889814884828
537,3.4056255202058368
538,3.0715469036107748
539,2.906595637469924
540,2.8362378154588606
541,2.524428170817255
542,2.491572382044839
543,2.5042473023322267
544,2.504264917342733
545,2.5066089767177266
546,2.3778845792669667
547,2.5300709032585997
548,2.579567048416476
549,2.5773187218146205
550,2.5412558208990887
551,2.559765311649218
552,2.569333728931072
553,2.3942349592415977
554,2.66138798063805
555,2.7001099367694974
556,2.576897248837686
557,2.7218656326344877
558,2.7281591245019867
559,2.854584618930287
560,2.743561974262348
561,2.5972568421236413
562,2.5278756956570763
563,2.551425236880064
564,2.4165767115332817
565,2.368610114752461
566,2.2884338641075668
567,2.154184095037096
568,2.093637926223665
569,2.0697805689375874
570,2.0220671584787677
571,2.06072925795668
572,2.024595285796457
573,2.098550528420291
574,1.9735650013325636
575,1.7660224361247607
576,1.7692922103484932
577,1.724215512205548
578,1.8388607722401218
579,1.7214739930150103
580,1.7138600200333347
581,1.8287878393162253
582,1.9160076918830276
583,1.9794991213388589
584,2.102877999049701
585,2.2654406203750597
586,2.511729484793997
587,2.474045466622739
588,2.322324936000415
589,2.3841335049944363
590,2.1396076577391026
591,2.3183278822536852
592,2.3051468668797983
593,2.289505866539481
594,2.2393406447135926
595,2.4349573856878086
596,2.5616913922362072
597,2.5651003258999086
598,2.3988049931589353
599,2.2444074562944207
600,2.241229537812145
601,2.119413340315207
602,2.137869471741609
603,2.160041336997766
604,2.2204783733816895
605,2.725617119860242
606,2.595704654548244
607,2.730428973409497
608,2.737243902681056
609,2.8305489763805007
610,3.127642163197029
611,3.348222439043296
612,3.191727283613753
613,3.4033712993770413
614,3.4185691191967127
615,3.9064459415928314
616,4.024863166410637
617,4.463091038434933
618,4.500995715238288
619,5.336125674989923
620,5.525405083570929
621,5.387623927793668
622,5.463132648476649
623,5.353992856473724
624,5.273574033198228
625,4.421768637054037
626,4.539246929153401
627,4.379040251969771
628,4.091833897196854
629,4.559122512806744
630,4.858678897041792
631,4.128420293465362
632,4.526407625092134
633,4.2350871305410545
634,3.758151117838655
635,4.0816721800763665
636,3.7336341967965683
637,3.5459735306910147
638,3.828958140223897
639,3.539770419808553
640,3.4683801800879714
641,3.4379498623818465
642,3.680182817428898
643,3.975435872399553
644,4.023245839963488
645,4.481848815453483
646,4.859068269045361
647,4.956901215350061
648,4.946381729795953
649,5.616876666375277
650,6.212253757350031
651,6.643910391155424
652,6.762953119549952
653,6.779779396632043
654,6.779779396632043
655,6.779779396632043
656,6.779779396632043
657,6.779779396632043
658,6.779779396632043
659,6.4189922292162
660,6.262129898262565
661,6.239225166381589
662,6.2907120402671435
663,6.559173385525344
664,6.252281505904793
665,6.559173385525344
666,6.340349768541682
667,6.651499207682987
668,6.147631688189709
669,5.231097065498763
670,5.925589348976927
671,6.088851882132121
672,5.960100076681602
673,5.199277447465377
674,4.843221846492197
675,5.039463576112937
676,5.039492283020756
677,4.694768384003832
678,5.040804880636179
679,5.444399472216622
680,4.518729569759987
681,4.866374542677352
682,4.5145717715451825
683,4.414167316689217
684,4.0525300030512055
685,4.061491009159211
686,3.90075152208312
687,3.994099046380386
688,4.018539109760104
689,3.6203153473175553
690,3.6507898294530485
691,3.9079381253626893
692,3.9773819369785057
693,4.2453286761862215
694,4.344679555096545
695,4.507123837295816
696,5.076111988204154
697,5.481915624822625
698,6.113569675501027
699,6.231549727041188
700,6.1181541083928535
701,6.131856473626195
702,5.4451321920778915
703,5.065875630781275
704,4.885733291553359
705,4.78815392866582
706,5.363278043280215
707,5.256033711580189
708,4.819917893802635
709,4.4277797987824785
710,4.4385254013842985
711,5.208180455556659
712,5.257451505713213
713,6.0701934287457995
714,6.274304275761388
715,5.423188651627509
716,5.736969782033339
717,4.925796808085417
718,4.728612643596825
719,5.225619318089556
720,4.396718060946821
721,4.264935368886955
722,5.223764921360497
723,4.713031153900012
724,5.062642804994677
725,4.38177810876272
726,4.724103441456148
727,4.256010142923123
728,4.350411185197469
729,4.673527086718916
730,4.098363572222118
731,3.94169271649445
732,3.916921072293316
733,3.803954938975198
734,3.8942780438672617
735,3.7866085493478088
736,3.7987760383419356
737,3.9498150549335262
738,3.788233954329421
739,3.774038994207224
740,3.9713655612233625
741,3.956383571217925
742,3.763783521563887
743,3.778352878251714
744,3.7791375968327316
745,3.9816750846983777
746,3.7025963920171225
747,3.7632488627451153
748,3.5997751191496787
749,3.775293410293909
750,3.684094925007907
751,3.593120810507103
752,3.6672004693943236
753,3.4923732453245346
754,3.732074155410489
755,3.828390308865558
756,3.9169223656058816
757,3.964691502049304
758,3.7631328446819365
759,4.2121104991154255
760,3.9281725188719925
761,3.813279932120328
762,4.1290996986209265
763,3.971835191356047
764,4.226339425255991
765,3.800191319186219
766,4.467815461171105
767,3.9170765836017667
768,4.066647998067212
769,4.071938417268393
770,3.4908096320100586
771,3.681560884039839
772,3.2663046001752347
773,2.9673738750165164
774,2.67261729821506
775,2.4376273700355116
776,2.632204208782132
777,2.43009531220927
778,2.6505817961960187
779,2.6642436222508614
780,2.729208253238857
781,2.6524257897693184
782,2.6980499007213696
783,2.626854763719344
784,2.4445686631614043
785,2.614935168597572
786,2.696666520154711
787,2.8343090777431885
788,2.7746191270011904
789,3.1030791822462285
790,3.4385544477452927
791,3.5839974592188844
792,3.925356938325818
793,4.005753780763008
794,3.967225092679253
795,4.413161830243467
796,4.07601669742509
797,4.677063359832079
798,4.482658279271738
799,4.184603728239616
800,4.451626630451496
801,4.864848227635995
802,4.718617437616493
803,4.3873720850112425
804,4.373171404042876
805,4.218412480204775
806,4.157490688075569
807,4.503077245363879
808,4.03667410502077
809,4.013783726184288
810,3.885317172613621
811,4.013725729246637
812,4.241390225119622
813,3.959492062470841
814,4.3813908775631605
815,4.690565281225119
816,4.049312692894885
817,4.231067488440862
818,4.246007937731857
819,3.9197061742017194
820,4.716203299566136
821,3.765046811528942
822,4.04370022809902
823,3.8892592900858465
824,3.7789667050467317
825,3.7771779372437173
826,4.253466850601094
827,4.225019187799556
828,4.35833572194301
829,5.066004095084281
830,5.281463818310428
831,4.882222383707045
832,4.8844069602521625
833,4.8297742207679075
834,4.625272153993763
835,4.50901742978775
836,4.354186119888424
837,4.143631073425592
838,3.811545327800162
839,4.152797228945882
840,4.176686861695303
841,3.892557161771287
842,3.9754726455457314
843,3.4643603555972673
844,3.3779733933368727
845,3.5395778929323702
846,3.2771139933185585
847,3.1819687490452755
848,2.995025329977534
849,2.923365891983964
850,3.0509809374094834
851,2.879562937654599
852,3.1973529124669753
853,3.0248917896516905
854,3.0642745158469973
855,2.7859257969898863
856,2.4971476140020106
857,2.550262408177965
858,2.4136446219328596
859,2.2161578611742545
860,2.1215426364746164
861,2.2425663144122665
862,2.227630363016266
863,2.1370047759278337
864,2.364948473541945
865,2.4447396798793135
866,2.5640727207977627
867,2.5649980052922907
868,2.7137282079135114
869,2.828011494675204
870,2.945999975945951
871,3.3472778006109074
872,3.0364211417033444
873,3.0938020323361557
874,3.132630056964542
875,3.019822331592452
876,2.999651898634555
877,3.2829463270813095
878,3.3710936193352365
879,3.770105396995309
880,4.049857567693157
881,3.944084577877692
882,4.034234186585012
883,3.8109369893242127
884,4.089521885291278
885,4.20336192670749
886,3.8831270555556308
887,3.7883278085217977
888,4.337420000973896
889,4.358761137577094
890,4.0755251193383915
891,4.217687601812912
892,3.7475136473047552
893,3.860668873035563
894,3.4777831270377093
895,3.2524285195703797
896,3.082735894091105
897,2.996464410949635
898,3.1986561674514506
899,2.9551503639190013
900,2.8404632789962823
901,2.914742762546181
902,2.864785949902823
903,2.822290075174829
904,2.931828612151247
905,2.866014348688136
906,2.688054303263496
907,2.668761032625224
908,2.801266101576696
909,2.7626979733822807
910,2.7872635489841966
911,2.914394117217542
912,3.079342081074851
913,2.8040005311705234
914,3.0294840572921204
915,3.2416904929606805
916,3.147424223608364
917,3.340273438008288
918,3.155654215270408
919,3.1752874941935745
920,3.516516588792482
921,3.79975823076647
922,3.68205245270237
923,3.5689833179115467
924,3.5286651679643755
925,3.40288286955967
926,3.416056249171484
927,3.281489853671287
928,3.3289487936064286
929,3.0204312669249567
930,2.999544612852101
931,2.739616107296774
932,2.557523056145054
933,2.4475186787432115
934,2.2360446216801377
935,2.170964959418385
936,2.004803828792655
937,1.8493583538264884
938,1.8858372524157139
939,2.0607084943570477
940,1.9602717374080778
941,1.920837290554392
942,1.9829891905353192
943,1.9761621793969086
944,2.090239008329265
945,2.0088056812285027
946,1.9723581952813998
947,1.8802902307341713
948,2.1109865485143793
949,2.1384949526728936
950,3.0728074143529027
951,3.1686247674287875
952,3.4944919311950278
953,4.202211410945927
954,3.952573826777891
955,4.188790637277565
956,4.070866141342211
957,3.9551436792980965
958,3.6586101982060044
959,3.8236053481985155
960,3.711244192430363
961,3.33997348453698
962,3.3097576958548207
963,3.3775242887432273
964,3.430245018193146
965,3.2212313170757714
966,2.982507568836567
967,2.877543969456536
968,2.8692230026451844
969,2.7740170541718454
970,2.6998879778153984
971,2.6873233168958164
972,2.981854376688496
973,3.3449940388263264
974,2.90690186747836
975,3.099310770899442
976,2.8357091588660652
977,3.0709359504779705
978,3.1837391556055197
979,3.243195311327262
980,3.277902968690044
981,3.353243205823829
982,3.386260593915358
983,3.760965731364496
984,3.5219425144218457
985,3.4744827437017207
986,3.4963142588188627
987,3.5545178575691674
988,3.8556884423665974
989,3.803602137556011
990,4.034590931512983
991,4.593916097923394
992,4.365647966678148
993,4.262924463292677
994,4.516501093426202
995,4.242668842074215
996,4.260487778512581
997,4.886030861788474
998,5.109938568170316
999,5.494455622678387
1000,5.7216963974994615
1001,5.944433178533919
1002,5.438262396380281
1003,6.0701934287457995
1004,6.228895856674717
1005,5.326984567173874
1006,6.086601193251555
1007,5.358123980597317
1008,5.246615994190186
1009,4.872472258854547
1010,5.07746749625592
1011,4.868802609638022
1012,4.974964638996058
1013,4.8519879473554735
1014,4.373062650368759
1015,4.691098734787308
1016,4.334364699471105
1017,3.8811176752379906
1018,3.949215381611074
1019,4.114096992005211
1020,4.05472967380055
1021,4.113992045922718
1022,4.374173100649371
1023,4.412678722043662
1024,4.541213218857235
1025,4.82505540992883
1026,5.323009967901688
1027,4.8985205363776485
1028,5.069096126924763
1029,4.730329683287986
1030,4.503488579459462
1031,4.848548417469574
1032,4.262139583857424
1033,3.9088361888977907
1034,3.4944839135748844
1035,3.6884292841528596
1036,3.5298760210299944
1037,3.4616636510773704
1038,3.853572739012828
1039,3.5791072834557185
1040,4.137954863780547
1041,4.021811348307664
1042,4.019885552321023
1043,4.011871198088406
1044,3.763564577073945
1045,3.8820288901447983
1046,3.469883702036064
1047,3.4356985674181155
1048,3.239167148069725
1049,3.1609065956677775
1050,2.9852007043087454
1051,3.1187337247542
1052,2.9191122899986603
1053,3.3732551176190233
1054,3.6668029171119345
1055,3.8706332934328214
1056,5.19365997463602
1057,5.356808565694356
1058,6.0858561817641
1059,6.120934644755946
1060,6.116479223625091
1061,6.227498476356907
1062,6.233576931155791
1063,6.559173385525344
1064,6.4021659521341086
1065,6.2907120402671435
1066,6.651499207682987
1067,6.762953119549952
1068,6.779779396632043
1069,6.49665102619803
1070,6.356004258236561
1071,6.239225166381589
1072,6.16950505522137
1073,6.284797927878894
1074,6.094894609772287
1075,6.245303621180473
1076,5.562655440291813
1077,5.939491287035071
1078,5.9520328670347045
1079,5.101548324111462
1080,4.8593066265543605
1081,4.3981070660842265
1082,4.073347207356499
1083,3.7836626970819442
1084,3.9790430718800236
1085,3.9157210173446533
1086,3.2303089444863518
1087,3.3241380041584727
1088,2.9900998834406334
1089,2.902129239161979
1090,2.7963713407850004
1091,2.8235034708123856
1092,2.7709127685281665
1093,2.7469173628209913
1094,2.795803057607814
1095,3.2940051028464845
1096,2.936018385869601
1097,3.2370789507204973
1098,3.077990397431461
1099,3.558210827607807
1100,3.688521716541791
1101,4.861258538739872
1102,5.618658635237195
1103,6.098853562574375
1104,5.731964241758677
1105,5.52103228989005
1106,5.1319965160503624
1107,4.35939322006494
1108,4.281047826644776
1109,4.31688354984317
1110,4.004719970764418
1111,3.875486875942348
1112,4.003554597129937
1113,3.93587388364121
1114,3.9526608096252485
1115,3.7382668249387927
1116,3.6643136220426875
1117,3.4780851607313705
1118,3.2865803249634866
1119,3.373689278002106
1120,3.4577756055957956
1121,3.7325996311041187
1122,4.079759157533447
1123,4.491555930424154
1124,3.909775060848714
1125,3.8078867348452796
1126,3.7356737801784186
1127,3.7249191968017237
1128,3.751809144590161
1129,3.4368844286178084
1130,3.9579400524989627
1131,3.456726952406427
1132,3.406537993109537
1133,3.4664059532364684
1134,3.468910799175617
1135,3.800448076103542
1136,3.6983383115375044
1137,3.9351064113270633
1138,4.354646931272316
1139,4.6216593766933975
1140,5.316886555931202
1141,5.3477650172201265
1142,5.452418176295776
1143,5.431976899695308
1144,5.288803190633104
1145,4.825859930591584
1146,4.877726412023421
1147,4.603326530264469
1148,4.3851105939443205
1149,4.269100280925128
1150,4.620913408077568
1151,4.797273237427325
1152,4.536569852958494
1153,4.794189133140645
1154,4.371837219791027
1155,4.381904114700537
1156,3.9573399213534457
1157,4.221958358043796
1158,4.336044410565946
1159,4.085622484417037
1160,4.249512340544181
1161,3.8382369366143925
1162,4.073497996424156
1163,3.473057455847833
1164,3.7270376609311313
1165,3.680136298539416
1166,3.7286228081146278
1167,3.6989906905922223
1168,3.4879570190234723
1169,3.9835071744529382
1170,3.887206902994316
1171,3.778843257166573
1172,3.836948250035798
1173,4.12301896868407
1174,4.874339261305984
1175,4.044759734351662
1176,5.178539973809691
1177,4.6958417587010635
1178,4.187559605217844
1179,4.388462968331919
1180,4.516737660395755
1181,4.77936555834307
1182,4.357077438288731
1183,5.257417638265576
1184,4.703393359179129
1185,4.395981231828467
1186,4.863306217915939
1187,4.791982181123226
1188,4.578934499578399
1189,4.609877547964893
1190,4.35184380961125
