,0
0,2.4386282869949696
1,2.2368565632533324
2,2.356110029405547
3,2.405913059265089
4,2.356582227112633
5,2.3658347901464647
6,2.39260244357771
7,2.537773752374375
8,2.387867785901989
9,2.5904872775281307
10,2.3941955574253133
11,2.3990367938177983
12,2.0563217287560884
13,2.3368757580035253
14,2.0610295942689736
15,2.2099629062933333
16,2.243944037055191
17,2.2500281968412157
18,2.234202229488073
19,2.0641985831203624
20,2.0538089914314073
21,1.9709224114310542
22,1.8835182040832223
23,2.037567215958274
24,2.0394494005236155
25,2.0553818234823713
26,2.341793126318093
27,2.4244583681698804
28,2.934249648096639
29,3.866992391149907
30,3.1735573115908124
31,2.6156138372235502
32,2.2608540900104632
33,2.0156990239804147
34,1.8899467420287341
35,2.042898465286127
36,2.8212389154138915
37,3.3520670408792506
38,3.5739967993981288
39,3.5939721745702804
40,3.578276783142403
41,3.680290215649112
42,3.941436213450166
43,3.7089041631080994
44,3.5459767881316013
45,3.581399364212077
46,3.968692396839276
47,3.709478174498813
48,3.896236874309829
49,3.6723706892280235
50,3.855405688697593
51,3.412411692133084
52,2.7923926248246214
53,2.7485421464739375
54,2.60071475657779
55,2.4561003899146323
56,2.5593115011454506
57,2.3881197909325564
58,2.2339154675987203
59,2.4064948235560077
60,2.21262672534065
61,2.1584579185739865
62,2.161899235101381
63,2.023570121394721
64,1.9161238590872538
65,1.8262975083323327
66,1.89928556026656
67,1.738461332369178
68,1.534563982180851
69,1.4107063717984512
70,1.3599480038653147
71,1.3292227795520106
72,1.3950869526943908
73,1.3637710128062863
74,1.4384033324974208
75,1.4697525382882923
76,1.3503113188810265
77,1.531049377464929
78,1.4688732549685863
79,1.5862150387104372
80,1.67778729027074
81,1.6941559831848652
82,1.9250486506121136
83,1.9110266172868353
84,1.9190243306294485
85,1.9361911503644345
86,1.936970034802429
87,1.7750689203163994
88,1.9239866722740058
89,1.683618457831456
90,1.767913460183202
91,1.6929916832930916
92,1.6451442382934018
93,1.6933048704094347
94,1.762524431334332
95,1.7588366404934366
96,1.73513774936168
97,1.7628449409551818
98,1.9500021329852897
99,2.1830693587352616
100,2.3630860719567783
101,1.9922010314741694
102,1.8333695102852623
103,1.7621594715934872
104,1.6083096533792052
105,1.6332012121697053
106,1.7161953321324217
107,1.6526154779790192
108,1.7110685091066244
109,2.0122297792269843
110,2.189823370224883
111,2.249786506122649
112,2.373608770246793
113,2.293208515449894
114,2.0361441242184255
115,1.7201423896625971
116,1.6914362160722722
117,1.4407392371584409
118,1.3546218524190137
119,1.274314759362484
120,1.2843059554613199
121,1.3616877913045304
122,1.262083399281777
123,1.3553379291011025
124,1.2483663953402337
125,1.1187753566953413
126,1.2045343309263472
127,1.1283063350313742
128,1.0674322243248602
129,0.9742201075088149
130,0.962975453233205
131,0.9063407900153667
132,0.9418208700329233
133,0.8862092047601585
134,0.8508988906059183
135,0.8433689519116733
136,0.8244059730471981
137,0.9441482585863752
138,1.009346562938767
139,1.1068237616225778
140,1.3525713771826449
141,1.2861808127085128
142,1.240988773285289
143,1.3836313305920833
144,1.3942345222451527
145,1.3441918028939182
146,1.6269873382465654
147,1.9178720826888633
148,1.983001763752143
149,2.417263845033035
150,2.3563773078833252
151,2.405450039420867
152,2.581335219870141
153,2.5068055784237173
154,2.5869972988706227
155,2.823466226086891
156,3.239670152021068
157,3.388059155294632
158,3.3945674471445093
159,4.101742731292133
160,4.874939414568686
161,5.378575050354219
162,5.408097368137259
163,4.80672692061112
164,5.291071085350398
165,4.402266412219463
166,4.1673751026516115
167,4.004576157976834
168,3.359300703170046
169,3.2807420605254576
170,3.492471335728535
171,3.152504063605443
172,3.4119389815260472
173,3.5966015917329854
174,3.921360355522063
175,4.089428459713662
176,4.650058499663369
177,4.8538618292683005
178,4.93708139837763
179,4.865745209482595
180,4.672880270125041
181,4.3256064172308015
182,3.6782560876613646
183,3.8590195927216073
184,3.820627328325653
185,4.024459338897502
186,4.518270461990027
187,4.577252490294339
188,4.717743626209111
189,5.252071788091449
190,4.687496110775661
191,4.690263553033759
192,4.662847558317891
193,4.655834465429541
194,4.041419728691264
195,3.9199731412995504
196,3.884332433745285
197,3.877102695264951
198,4.082227152095049
199,4.010398802443367
200,4.022891644494899
201,4.4931109516364405
202,4.653757019629886
203,4.181826324384597
204,4.597043475688349
205,4.123051637489591
206,4.683028418323141
207,4.094552649016468
208,3.7857118485844983
209,3.839626832976174
210,3.302705771067067
211,3.8169495016091997
212,3.398512608209471
213,3.8456674805044595
214,3.905571658211699
215,3.8955246064507967
216,4.015742255662413
217,3.9671319554457285
218,3.912482279851475
219,3.825208334852534
220,3.7359856010942623
221,3.784881195742284
222,3.5245945820280538
223,3.5703279313648495
224,3.1651845727758112
225,3.2806027757847795
226,3.3098723744107024
227,3.1720326591012467
228,3.1423256024925323
229,2.88878141023162
230,3.217604491318938
231,3.5192025000014375
232,3.3663296287323643
233,3.370300549244901
234,3.461519208925313
235,3.3503847865706127
236,3.422943994105169
237,3.8613569100687606
238,3.343808364798256
239,3.3197231465613743
240,3.4737746337977455
241,2.854950330981733
242,3.132564085611403
243,3.126196993464472
244,2.7521388834813796
245,2.4663778874602174
246,2.513894355345904
247,2.3931896523214986
248,2.5181609266699683
249,2.476889399135181
250,2.520668620304237
251,2.1969012509395127
252,2.197488972507312
253,2.499683894977449
254,2.299215871116677
255,2.0868733505519206
256,2.0367081187159592
257,1.938616015106342
258,1.9150091386085515
259,1.7645873945964796
260,1.6259643248853344
261,1.5833864508355466
262,1.4948957791346589
263,1.4663253988325549
264,1.4910941909427307
265,1.4778069783768257
266,1.4051468900210655
267,1.3621604687164361
268,1.483420694433279
269,1.378735620378028
270,1.2855568983598125
271,1.270104586910002
272,1.1514333179558274
273,1.1493528333129976
274,1.1523223346471332
275,1.1561745625005162
276,1.1494051614156813
277,1.210138312779785
278,1.4204669434894954
279,1.4550711362624322
280,1.5657502711545939
281,1.5617208584257787
282,1.643152403949634
283,1.647930903333177
284,1.777465361877419
285,1.7123942822242515
286,1.6211428963958967
287,1.6402373539343513
288,1.641757097612509
289,1.5903164266740402
290,1.645912646190676
291,1.7672116068553319
292,1.696313629976282
293,1.7380058322236134
294,1.8719264002662062
295,2.135605267643712
296,2.019540597297462
297,2.0268956060433427
298,1.9818755306543994
299,1.7884132506850334
300,1.796300605943732
301,1.7313833028892167
302,1.636861647000898
303,1.8423303162929618
304,1.7238558193317923
305,1.7117946253313607
306,1.614694728644384
307,1.8366079249664922
308,2.0806862024898805
309,2.0159575773882548
310,2.0045379954369924
311,2.1038006922197354
312,2.178581069388636
313,2.543141388779482
314,2.4696671938016848
315,2.6509801524985552
316,2.796485109731692
317,2.565349045772827
318,2.4693751917626323
319,2.773841118835291
320,2.6524671983534165
321,2.8751220130380655
322,2.9254432196826055
323,2.941238688312707
324,2.729446028709695
325,3.047550252782385
326,2.9624551115089246
327,3.1228660960151133
328,3.0947971779892502
329,3.5206722822184475
330,3.6366603459973628
331,3.1704563902606706
332,2.8076468959205703
333,2.921998094415211
334,2.9120967506720197
335,2.7805982603032002
336,2.5631762498150907
337,2.514514934250951
338,2.566934450279641
339,2.530892220724585
340,2.5215693129560868
341,2.7060473552324043
342,2.745044859675057
343,2.7968806504277612
344,2.6854755610653287
345,2.3135831451587445
346,2.3777569999774153
347,2.126580507512892
348,1.9060264817834314
349,1.9717419955201678
350,1.9607683671707394
351,1.985311615914663
352,1.9636393600190174
353,1.8292492650115395
354,2.0278800049967254
355,1.9857173065117735
356,2.0595485835371337
357,2.0449784506354756
358,1.8706777635056218
359,1.6707475687233135
360,1.603628752408347
361,1.5796488363305943
362,1.6078783458977843
363,1.6796408789498831
364,1.6819260690970217
365,1.7765618716955447
366,1.8820100819278196
367,2.0062413162294677
368,2.289342224630003
369,2.6743122065700193
370,2.7857117115202814
371,2.2415914189998003
372,2.6175358207407764
373,2.298795438407745
374,2.6030275586114024
375,2.658057399165099
376,3.0959177364892185
377,3.4613646198306465
378,3.8440290181851458
379,3.9490358855718783
380,3.339223396330383
381,3.325461386053499
382,2.8808902448325253
383,3.2450531689736635
384,2.93701385988315
385,2.8703398175175807
386,2.8713097029297554
387,2.9267547815663133
388,3.583154004052802
389,3.961548266680605
390,3.9875312123700777
391,4.2812502143972395
392,4.930240830647784
393,4.197892867281193
394,4.079419446129332
395,3.69260856127256
396,3.798712553433623
397,3.5777074822910064
398,3.346901975605406
399,3.3306683569997695
400,3.1434183843661976
401,3.1435396081279228
402,3.4097586412056216
403,3.3285250044786445
404,2.8091314673340437
405,2.7624205938573803
406,2.707339904715713
407,2.5514357549594044
408,2.6688823196346996
409,2.575297062624264
410,2.5551177248141994
411,2.5701851584255495
412,2.8015870328097026
413,2.679068595982547
414,2.8414337958021023
415,3.1501137148655465
416,2.82233563599835
417,2.585224805475538
418,2.585965954949471
419,2.6264315979415587
420,2.847908688253627
421,2.9584674873603114
422,3.015141016931034
423,3.146564274472101
424,2.97227601453458
425,2.8855843296114796
426,3.1996250173526932
427,2.93083787122568
428,3.1908141675221127
429,2.8855638191071833
430,2.947400950983611
431,2.5542974086006804
432,2.5794785860208487
433,2.565711316606251
434,2.5317407896516295
435,2.7459727761096033
436,2.7691039301499276
437,2.544170637121326
438,2.561798666072741
439,2.7991607336470414
440,2.6124060552520767
441,2.5722451141012916
442,2.4149132954119334
443,2.3883775645107366
444,2.146497215882779
445,2.1268036388503924
446,2.1596400803896123
447,2.1477728636279343
448,2.156204048330209
449,2.3208319447604833
450,2.4303179249994558
451,2.2713953943540437
452,2.4309549247262576
453,2.4296290240854
454,2.2512380945415953
455,2.023659176994817
456,1.929295921710619
457,1.9983106560702097
458,2.2657027826525913
459,2.623162450421949
460,2.6553864626860992
461,3.492304608900407
462,3.5128270569958673
463,3.8294430346545667
464,3.8779986700483136
465,3.806190617265105
466,3.4703504358793764
467,3.8088044346485725
468,3.5835550267890484
469,3.334129201251742
470,3.1488159619347997
471,3.374848127067151
472,3.731216011275841
473,3.788139811855038
474,3.8598065752220907
475,3.940565927683049
476,3.786128890668357
477,3.8285291445899055
478,3.757293119968087
479,3.5446385161971374
480,3.3937376130902663
481,3.7945523579538234
482,4.250741458064379
483,5.418209980247472
484,5.27312276778344
485,5.48313593168789
486,5.794773206294491
487,5.717377144273742
488,5.662423810522066
489,4.699424785498475
490,4.319393798183985
491,4.044711414236148
492,3.858002529042504
493,3.3191148028911157
494,3.2184620766030565
495,3.2628783291758454
496,3.232894505698978
497,3.3033209945555124
498,3.2948658208099095
499,3.304099832919152
500,3.179310025354585
501,3.3353558972303183
502,2.704823694994652
503,2.748025165484419
504,2.737972814242808
505,2.6616335817934678
506,2.6581717850236286
507,2.480813187487315
508,2.530565609755293
509,2.6750092704834496
510,2.428201778084273
511,2.5449577074630776
512,2.4294574143877457
513,2.634454208020761
514,2.7165133498692424
515,2.706437942812439
516,2.7806069207199626
517,2.74843760086328
518,2.741819373238493
519,2.7485670350376945
520,2.828412797265681
521,3.1359186606121274
522,3.127145774176488
523,3.122641292130371
524,3.3605477515172666
525,3.8587816512634223
526,3.621627059144983
527,3.788405679267433
528,3.760911928261865
529,3.724163013470239
530,3.2452795573965347
531,3.2790200147486566
532,3.0987737969168174
533,3.0845322089344465
534,3.301391190494835
535,3.303498394119633
536,3.380608517997958
537,3.388488390648722
538,3.3131195179982833
539,3.1188859322911218
540,3.3522823751913076
541,3.06651438003749
542,2.519233380844768
543,2.5749693959191333
544,2.4906787602912766
545,2.546770820653047
546,2.6711530567337056
547,3.2169522134124953
548,3.173847380155947
549,3.327535165464472
550,3.4203544313529295
551,3.275971700061718
552,3.2776611680255305
553,3.1961711881406702
554,2.7044534443348742
555,2.577972872234646
556,2.373898628589771
557,2.156140063593007
558,2.5176194112138393
559,3.1145862858621953
560,3.9106432711187553
561,4.079097264534793
562,4.326525188793971
563,4.879027235222688
564,4.879598486591596
565,5.8412779860726545
566,4.768483108989369
567,5.4628015694987
568,5.431850854871515
569,4.713828311557725
570,4.515759267044253
571,4.556089904804786
572,4.4931226691232
573,4.4114269019283485
574,4.580194472346951
575,4.203284152946871
576,3.951566348310659
577,3.802620704467432
578,3.9216449181348225
579,3.6421974120849745
580,3.297588581375507
581,3.019453443741973
582,2.839490142687291
583,3.0139014975944702
584,3.024330499423902
585,2.8320459658622323
586,2.7494899053445945
587,2.564560447833005
588,2.4959391012213334
589,2.500485702052574
590,2.617760518583399
591,2.4913878913872844
592,2.3465600791467804
593,2.206757583101972
594,2.039564174042477
595,2.2013261886146385
596,2.6723030132811374
597,3.797306384687875
598,3.790482145960867
599,3.37178067494479
600,3.1541313170418137
601,2.787270105948121
602,3.013192508033606
603,2.757528979848658
604,3.1279095196272206
605,3.3511593811501843
606,2.80750306976646
607,3.1026402745737856
608,2.7900131265334984
609,2.648458296981891
610,2.599291415819757
611,2.6099134826178454
612,2.2811916234459257
613,2.3412909621597726
614,2.2756582780897427
615,2.0497878165355186
616,1.7549512971947623
617,1.9829026390008033
618,1.9989773957662735
619,2.0395247263030196
620,2.336601950709027
621,2.6416281617834882
622,2.663079301105494
623,3.1271877352152644
624,3.082487541790588
625,3.1419299352601633
626,3.4608180337151886
627,3.5418989767446023
628,3.588657320327284
629,3.9885963262729525
630,3.9891941811634712
631,4.224403221954521
632,4.803221043609675
633,4.837540268833649
634,5.787102615296227
635,6.383768290189752
636,6.395143442814905
637,6.441420902100151
638,6.414672983421633
639,6.346963832663759
640,6.426785581628473
641,6.426785581628473
642,6.45736236064161
643,6.45736236064161
644,6.45736236064161
645,6.45736236064161
646,6.45736236064161
647,6.443821987970802
648,6.413190931307504
649,6.425701028048372
650,6.370501554087528
651,6.370501554087528
652,6.370501554087528
653,6.357197001497262
654,6.357197001497262
655,6.326620222484125
656,6.316217146007791
657,6.316217146007791
658,6.285640366994653
659,6.331440998241258
660,6.274265214369501
661,6.2020018123011305
662,6.253008300312587
663,6.253008300312587
664,5.707911200854154
665,6.253008300312587
666,6.237307620040477
667,4.681495537841458
668,5.249043059594515
669,5.489150310076022
670,5.189968142945853
671,5.1615511816007364
672,4.984996889181138
673,5.184344765636348
674,4.6600212780303085
675,4.394295106254453
676,4.502512939014217
677,4.4970674733211204
678,4.236959532074774
679,4.440915611749073
680,4.2254166611859185
681,4.423112301571453
682,4.357667626528472
683,4.045886073692757
684,3.8975005924850556
685,3.9065969058077963
686,3.713784150533147
687,3.5657689291308756
688,3.4074439460610915
689,3.2576967411183047
690,3.2611831054992453
691,3.1992619313098674
692,3.2812356344825018
693,3.275207287363829
694,3.403258120253526
695,3.324079918656792
696,3.321815639386128
697,3.4300877276278765
698,3.560475122282016
699,3.5219555690166646
700,3.9528924328391684
701,3.571200034821453
702,3.889853875554216
703,3.598659398342377
704,3.9260652334867814
705,3.4209640007856477
706,3.3429196899565543
707,3.3611215037968307
708,3.2708892548219426
709,2.9226383737639448
710,2.690167163120492
711,2.827893065789248
712,2.7131609656845015
713,2.9036002348755243
714,2.9104489310043085
715,3.214877067373815
716,3.033103821881418
717,3.255153184478372
718,3.5385684290246266
719,3.388422040778661
720,3.820500803867374
721,3.50188119484536
722,3.3356936996695827
723,3.7627537045997217
724,3.768107080842477
725,3.8541187643833728
726,3.7850031293324715
727,3.750571647823504
728,3.5841348607663335
729,3.343841651325671
730,3.4101885366955544
731,3.734042262754853
732,3.7921335345713665
733,3.564872114471565
734,3.510948215594488
735,3.7253276234282513
736,3.428652857716494
737,3.709619427535692
738,3.1805476762858693
739,3.6434765781456666
740,3.2287207886671556
741,3.0328357257834244
742,2.8666172461161206
743,2.5585234884303905
744,2.527643126992862
745,2.5003044549007516
746,2.6485584105582216
747,2.4658523619748878
748,2.4456034247103826
749,2.3168847639654575
750,2.2280612199917305
751,1.9805983095257356
752,1.73015453883974
753,1.75181369158889
754,1.96067206257674
755,1.9315264448286373
756,1.7753791967738826
757,1.9979607870501748
758,1.99669038052343
759,1.8980069245808906
760,1.648521292611573
761,1.4996301466757838
762,1.299981671649003
763,1.220585392509886
764,1.086724555989996
765,1.142042363279544
766,1.2107816430833636
767,1.2927232130420128
768,1.3702232902690699
769,1.3946077057650625
770,1.526872648771965
771,1.4832207131343553
772,1.4130884981098484
773,1.4836021842813751
774,1.651483087750586
775,2.1545831036694443
776,2.9742930791939868
777,4.016496982835117
778,4.022021008856622
779,4.056338025947136
780,3.9955523260668047
781,4.842551503142519
782,4.435828749969262
783,4.217885810145735
784,4.802211562710726
785,4.525933988514765
786,4.371196326645739
787,4.447525751188766
788,4.703860161649675
789,4.747530181004841
790,4.660477975760708
791,4.717711548239635
792,4.632769474916689
793,4.46364932416476
794,4.1914604163556834
795,4.203543438115294
796,4.030260661573758
797,3.8452310577553
798,3.9485982501324934
799,3.8957289788491
800,4.0395792964685375
801,4.2436864359104245
802,4.267665439736278
803,4.6118913245660424
804,4.661443295001205
805,4.219249571117295
806,4.221076683906116
807,4.203523354059142
808,4.097283469428834
809,3.9382510645674467
810,3.9177703223564464
811,4.358189119976924
812,4.05035753365971
813,3.839325851137557
814,3.8062606394444813
815,3.85400581584204
816,4.001200738475854
817,3.549795186732777
818,3.240977561489975
819,2.9021410335319566
820,2.7439153900130235
821,2.7563808522235456
822,2.4780029939554065
823,2.6995317303545927
824,2.6553604253924763
825,3.1513294649075663
826,2.7442106309932544
827,2.707454206635717
828,2.6998447475962197
829,2.602952745908039
830,2.3138816450696313
831,2.311635840551415
832,2.282100228800831
833,2.26497550527307
834,2.101317954575751
835,2.113451721608367
836,2.1133319629246943
837,2.225479073510378
838,1.916478833488817
839,2.0322940803463543
840,1.9892937226954317
841,2.0466832276288685
842,1.9997591370939336
843,1.8459386937958233
844,2.2010389380538293
845,2.219671676289288
846,2.0449433101966408
847,2.259984866769626
848,2.0664261623867595
849,2.215092106283429
850,2.218671849899045
851,2.3339563679499795
852,2.37561298238572
853,2.364857501168987
854,2.0037918775199595
855,1.9460119431434102
856,1.9876434032678805
857,1.938177634159279
858,1.6666982530416639
859,1.6205785279306584
860,1.6641146427775926
861,1.6265158289614585
862,1.5190496495089063
863,1.664146989873657
864,1.521754234715953
865,1.4922376463600642
866,1.5032188280891283
867,1.4193144065431365
868,1.417849544964671
869,1.3947725000132711
870,1.421088748645376
871,1.5716809677396382
872,1.8541193163671728
873,2.1541514861920392
874,2.72266458154701
875,2.9589798880286526
876,3.5731555397073693
877,3.4861435551207536
878,3.9448871029469808
879,3.9815428495556837
880,3.37644157190994
881,3.1240618877724455
882,2.565326500688223
883,2.33309990728333
884,2.463240972862974
885,2.341500628190333
886,2.640109696887752
887,3.1940407188303688
888,2.9637250044388046
889,2.8715982293402
890,3.239834437275417
891,2.933074294850535
892,2.8337582750857595
893,2.5679811268548365
894,2.3773365468114114
895,2.492391581248969
896,2.38466539567354
897,2.5848096774867555
898,2.4741147937211427
899,2.5537867327190398
900,2.8738778233031255
901,3.477598611560925
902,3.4875249200862104
903,4.846633903013246
904,4.256844720186757
905,4.202581475199241
906,4.7967206251813
907,4.52645731407233
908,3.976211997950514
909,3.923992878253837
910,3.9751317069569465
911,3.668579064459275
912,3.461136889285061
913,3.4374860806769147
914,3.6909481308942973
915,3.3448129319927267
916,3.1251647909864406
917,2.9245813386636526
918,3.04250794330354
919,2.668580375243419
920,3.0254732992389117
921,2.4093512027444466
922,2.6102283973700033
923,2.5906945954577276
924,2.6183832303225967
925,2.5801328174617537
926,2.2558092460324106
927,2.290446570381381
928,2.5041940010708985
929,2.141116308292814
930,2.265708130001529
931,2.1026189711638867
932,2.0921408200039364
933,1.8522038503482903
934,1.7214804271512743
935,1.89848729724054
936,1.9807147209068485
937,2.047242397415955
938,2.2278603331772846
939,2.179992062064803
940,2.2148515940688465
941,2.1982635609806955
942,2.061715845499782
943,2.4005921451336993
944,2.169990513164605
945,1.7541391296936442
946,1.6963359340062147
947,1.8479569010760994
948,2.0560808898424914
949,1.9650978423032381
950,2.0289139263361444
951,1.9603250252665123
952,1.9723186606758278
953,1.9795936774820309
954,2.0447537440208636
955,2.378690302113488
956,2.0335420121566465
957,2.0489059404607333
958,1.916286387955518
959,1.6874459559701172
960,1.7754086108094558
961,1.6246696251131434
962,1.6137346183371373
963,1.6186118604797424
964,1.6940190822589563
965,1.7072680288016548
966,1.7779481251652653
967,1.8016980758204322
968,2.6901704044659343
969,3.4679311423680432
970,4.022908683351962
971,4.327371233118386
972,4.285948529128956
973,4.82775501027926
974,4.243630844070574
975,4.14371912047488
976,3.261276262584949
977,3.086352862489189
978,3.174955450355241
979,3.2172590586170613
980,3.6094465049654265
981,3.122332051015037
982,2.964267573730331
983,3.007214288763947
984,2.525858938543463
985,2.3707039535473364
986,2.2364426130454875
987,2.147980809851202
988,1.8440388592112573
989,2.0054685562612797
990,2.0185342582725982
991,2.396040839480289
992,2.6505736347337354
993,2.656498120209195
994,2.9898540808665355
995,3.09668217169818
996,3.347985164161656
997,3.4887391473069878
998,3.530741411019229
999,3.9946487667159234
1000,3.9799515547270032
1001,3.9721235900226692
1002,4.1350878582172905
1003,4.26816361207731
1004,4.223338695285629
1005,4.615735965704743
1006,4.4115833157629325
1007,5.37730220905869
1008,4.611325017961307
1009,4.808707119775359
1010,4.63949702598021
1011,4.560800233094626
1012,4.638775462237701
1013,4.689114609272994
1014,4.683576832828809
1015,4.687829100922969
1016,4.500203290094011
1017,5.7594687053255775
1018,5.405105825886892
1019,5.346823328446883
1020,4.685581087192212
1021,4.668708444355481
1022,4.471887453221122
1023,4.627424135948231
1024,4.092353579857102
