,0
0,3.298479704754592
1,3.5428006201578826
2,4.427714194802729
3,3.6576423099766715
4,4.598875831018255
5,3.886098142851314
6,3.9425703735484094
7,3.606112097165976
8,3.1611440478653376
9,3.724093642534728
10,4.5943782365295585
11,4.7121240691670465
12,4.699092139469354
13,4.6579990779207305
14,4.73599338775133
15,5.861424550626264
16,5.831549957236815
17,4.820263350917594
18,5.038410556789217
19,4.66508701292806
20,4.595186204136875
21,5.179769391346822
22,5.183543600297581
23,5.185379667513199
24,4.879335558593335
25,4.907721626372297
26,4.27365876694309
27,4.06045593495462
28,3.86087461535908
29,3.673887445243115
30,3.70175020242279
31,3.7251700389810245
32,3.583863961163565
33,3.0536010148110235
34,3.208494899412723
35,3.055843038416295
36,3.1727861708003613
37,3.376004403307556
38,3.869961589450455
39,3.809189268606097
40,3.780851874008734
41,3.9501641566041172
42,4.678257440903748
43,4.6397345309614115
44,4.510285817558214
45,4.892981363400268
46,5.586809678981517
47,5.740814898409332
48,6.402249139827917
49,6.57134172028361
50,6.681547299214882
51,6.562423493955382
52,6.492997688721119
53,6.15656528368167
54,5.98264233029192
55,5.898068536911174
56,5.842184772586155
57,5.91045542932386
58,5.866135818021185
59,5.895868801610101
60,5.767489512049559
61,4.896887866373251
62,5.480824407085545
63,5.463920401396396
64,5.343366330871527
65,4.824475414838951
66,4.709911272877846
67,4.619241800506609
68,3.7550631330775195
69,3.416234723954203
70,3.23841018982271
71,3.2259569305529006
72,3.212293732642384
73,3.1727066219191977
74,3.1271981776359246
75,3.179461212301767
76,3.0204260095275908
77,3.0976678610425257
78,2.986937404162788
79,3.0435176421455292
80,3.057911970633382
81,2.853223586790913
82,2.968083735352896
83,2.6970082773540414
84,2.776653781693102
85,2.6290632581166293
86,2.598046941691097
87,2.6144433256344213
88,2.482304287733724
89,2.6201419513940616
90,2.5374475500937104
91,3.0270736809351297
92,2.75302053823764
93,2.7321958237307804
94,2.6498885783397084
95,2.4698227758574047
96,2.2410368387545994
97,2.514613479565684
98,2.2732246132132463
99,2.517725420063849
100,2.6723830111475166
101,2.539301201613074
102,2.5900336430596593
103,2.4967916347610037
104,2.774512347187894
105,2.464848180971337
106,2.207100902888576
107,2.4409519972312665
108,2.2097093526397424
109,2.16027968528476
110,2.4310944153449148
111,2.581468806327376
112,2.9678312490229373
113,3.2732136751373977
114,3.446460750331518
115,2.869884412481096
116,2.817849690297935
117,2.989063315051272
118,3.5736397815501495
119,3.078398792278646
120,3.0320030793083403
121,3.0585821220196805
122,3.0523898958925852
123,2.7660579577996756
124,2.589177543814229
125,2.6470431143181545
126,2.517388935952105
127,2.5050504727570564
128,2.4188659336903857
129,2.306938744802521
130,2.5794119876468633
131,2.342416461450849
132,2.392091689205901
133,2.4640446413402195
134,2.245597018986472
135,2.1487409087410505
136,1.9559336582429527
137,2.024814047047606
138,1.9079899212485387
139,1.924097272957332
140,2.057127327012498
141,2.4624302630158543
142,2.5689598273102687
143,2.407831292648666
144,2.573355533070137
145,3.2664022217253295
146,3.474435686572835
147,4.345409401720847
148,3.7491344984706014
149,4.119678370164828
150,4.133210057928949
151,4.721875436419483
152,4.532490188860389
153,6.481965690400635
154,6.884721048884311
155,6.58990218470596
156,5.062066329967296
157,4.104155791522038
158,4.402393932820393
159,6.683384638891457
160,6.736303788206269
161,6.955373209118504
162,7.0227071099717495
163,4.449608160485671
164,5.056482586206961
165,4.464621281456961
166,4.342127980677841
167,3.760559155584258
168,3.6731828850832486
169,3.5490375492583306
170,3.356307476223369
171,3.234994533104832
172,3.117112370062104
173,3.148803140824372
174,3.0730406507856105
175,3.194163377744214
176,2.9908275374052815
177,3.0540642287097572
178,3.086795361590536
179,3.0464700876629958
180,3.021878086059597
181,2.909435477722258
182,2.932109163711536
183,2.964918086200507
184,2.8586371065175085
185,2.7590496141950984
186,2.7714814900615
187,2.666668570752282
188,2.4209773655836315
189,2.202601532599462
190,2.1823005703483798
191,2.222830779968328
192,2.3654797423911655
193,2.346934415740893
194,2.1048253503429266
195,2.0964265465063456
196,2.044805605372548
197,1.9169065308942483
198,1.877336437445535
199,1.6706281459480592
200,1.5410377315094321
201,1.5407358599937118
202,1.7407098893021
203,2.061694597218382
204,2.410963769984563
205,2.571025848183617
206,2.5643745641129465
207,2.675873484364577
208,2.9059889669507424
209,3.3494624338621657
210,3.492726910369247
211,3.5877449663658973
212,3.21596642798523
213,3.101673531599911
214,3.0769275183274223
215,3.0840444826453424
216,3.0849561360535094
217,3.1460196472237314
218,2.7437220826809474
219,2.7412653610441153
220,2.6236757452483817
221,2.5803155896057417
222,2.5308837346923574
223,2.548201746017177
224,2.593315019162804
225,2.8829594359594095
226,2.962124978312948
227,2.5726607968962583
228,2.6326996889605043
229,2.5231827652453136
230,2.5432702653371413
231,2.6302313345863833
232,2.6719757160585464
233,2.689539083684606
234,2.7809556339598944
235,3.0141839172098144
236,2.9635152386374966
237,2.784935599816273
238,2.829997761605279
239,2.9995545691476284
240,3.2218590433098413
241,3.001753903109173
242,2.949714906457115
243,2.797234567913758
244,2.591955598058785
245,2.505160124713506
246,2.556063165242884
247,2.6316913663141484
248,2.6628310009277576
249,2.673738064809011
250,2.4159891439073298
251,2.6131008826313664
252,2.465588466768032
253,2.3206300932954527
254,2.3121194554956905
255,2.5277486497893435
256,2.3343839732962146
257,2.291947901736199
258,2.0982954616064418
259,2.216399962528438
260,2.072635789510058
261,2.0778313435841462
262,2.199696142852809
263,2.094569839388523
264,2.2518228438415515
265,2.3622669879600786
266,2.5746256893146153
267,2.5706615567247404
268,2.7125772872712894
269,2.6187915009296825
270,2.5903474050259283
271,2.5789868002817062
272,2.503576298784843
273,2.461694264038873
274,2.2573402983843507
275,2.1039911723476776
276,1.8813016861989689
277,1.9388416247302604
278,1.9279513144939255
279,1.9565486321664216
280,2.0416416657347223
281,1.8720490545745565
282,1.9169623395501063
283,1.8947892584155692
284,1.6510363317169405
285,1.5980011659063125
286,1.4924981508578186
287,1.4137248521617103
288,1.326636473652646
289,1.2876169335965766
290,1.078259939906221
291,1.1139299971926835
292,1.1145579042656573
293,1.1386667500312848
294,1.1118358367904295
295,1.1567615083348315
296,1.0890534281035704
297,1.084217578560645
298,0.9997865158569998
299,1.008280094183338
300,0.9225997715515654
301,0.9358859577798202
302,1.2032757856884204
303,1.000750070342193
304,1.1022001933629957
305,1.3681592939342726
306,1.2822871080448546
307,1.3866346234050888
308,1.58419939539193
309,1.8761427707316896
310,2.095201401116998
311,2.274770200628468
312,2.4596521909675904
313,2.641611698446011
314,2.738410978719425
315,2.9619385785586516
316,3.1158537768656442
317,3.090089183455063
318,3.196789362098792
319,3.792893334863724
320,3.3904923425954556
321,3.7670742477152293
322,4.075803332081291
323,4.061954497593409
324,4.16275832762328
325,4.078634314100821
326,4.067024921211327
327,3.9550150913665942
328,3.724735019810979
329,3.6521176860803326
330,3.685874327393635
331,3.0766836911499476
332,3.004567186636602
333,3.0254457985315852
334,3.364696559768818
335,3.015064819053873
336,3.3006155945733076
337,3.18158317081781
338,2.9773130641601213
339,2.8347686860957393
340,2.7376882374161253
341,2.7463403363542307
342,2.8425702457184254
343,3.1695562638811645
344,3.1343747057764637
345,3.293558752234664
346,3.60220844437799
347,3.6912239871938968
348,3.670303740573081
349,4.4054668485048145
350,4.658926929392411
351,4.649931023518143
352,4.624861565060377
353,3.8742365123261915
354,3.078718832311831
355,3.279092322855918
356,3.1762968099030866
357,2.9629711459879835
358,2.9641273485289976
359,2.880912951745296
360,3.1854989349919607
361,3.154429224271082
362,3.1351993379709238
363,3.0675247074850684
364,3.0551823963125115
365,2.9110669360787664
366,2.982054004807123
367,3.271796461313235
368,2.8508990037427613
369,3.0253047334082184
370,3.2340760758561995
371,3.3066873873954705
372,3.5607517333599215
373,3.0805261230261185
374,3.0772016470233354
375,3.486201907249053
376,3.848080882162337
377,3.8283546064895058
378,3.8310806091740432
379,3.877329535112265
380,3.639515430352619
381,4.3555272219500605
382,3.8830178600557486
383,3.826450393219281
384,3.3258731206965924
385,3.342269468117095
386,3.2999017532374664
387,3.790448199367771
388,3.638349241583772
389,3.631765542340901
390,3.8260841676715973
391,3.327706962150464
392,3.8285729111675604
393,3.870001153130014
394,3.6918326497184717
395,4.426750879446749
396,4.036375007104342
397,3.8045319596920097
398,3.8137763519492203
399,3.3575555215851507
400,3.4869261249131545
401,3.480623267696515
402,3.619389345427856
403,3.981525483492587
404,3.937024047656033
405,3.8147151828070514
406,3.3992153656710826
407,3.9725566402982344
408,3.625566580155736
409,3.416161068045698
410,3.201433742597687
411,3.368818400698309
412,3.1490960438603537
413,3.213948506333057
414,3.2283670019937345
415,3.230139170295814
416,3.1195181146618
417,3.1668492557855488
418,3.2480462059413506
419,3.191183435247115
420,2.7207113956996536
421,2.8007311158542825
422,2.8056201528979656
423,2.6422651913625863
424,2.621813532223156
425,2.81685920362451
426,2.79058447544836
427,2.386614423291929
428,2.2615890863630126
429,2.271660746191699
430,2.1674608111074067
431,1.9881139773634813
432,1.8913626195647368
433,1.8748960875212553
434,1.6719005408694079
435,1.8098084510363144
436,1.8224845372845808
437,1.6092661004874325
438,1.5702409870191285
439,1.6404573313014232
440,1.6608457215153374
441,1.888211397695312
442,1.7370439179543176
443,1.804586035992674
444,2.135406726821153
445,1.8865427528782435
446,2.193226212905482
447,2.3722243970653296
448,2.5066321587976415
449,2.377995910876244
450,2.7855062781676136
451,2.849132764678108
452,3.2864321316861123
453,3.276147164022351
454,3.4753142720482284
455,3.613148049301005
456,4.73025014291339
457,4.764818778891678
458,4.688856005495062
459,5.169889751772438
460,4.756098346596426
461,4.819811357536036
462,4.536789227542953
463,4.632497891716909
464,4.443118997699501
465,4.051878101431022
466,4.456784160777113
467,4.005166231024322
468,3.962718198478994
469,3.797490133060206
470,3.5745924657823474
471,3.0861035437509705
472,3.0390660701207843
473,2.9933880433054703
474,2.7746112282060587
475,2.943524485489814
476,2.926645437336989
477,2.8604526304734286
478,3.0758800606794043
479,2.7474625232714005
480,3.047393228030784
481,2.862071083805673
482,2.8948574568212186
483,2.9248287854027226
484,2.9870453466232383
485,3.5002116418240328
486,3.6340920277773545
487,3.5345769066580175
488,3.356387993235325
489,3.596992140570347
490,3.8221162378170583
491,3.751445144659369
492,3.899649670229116
493,4.164480512365615
494,4.091854786091943
495,4.02419039360398
496,3.9976352289758363
497,3.685492546953071
498,3.165119081276155
499,3.440879518128884
500,4.090421905713338
501,4.172493214723997
502,4.583946746269759
503,4.493453939517786
504,4.330117839713063
505,4.475749104351156
506,3.6045121945980565
507,3.806573844480588
508,3.5815840837049833
509,3.3513381180324164
510,3.282667530534177
511,3.130178205846621
512,2.8605878754917593
513,2.5681318512754294
514,2.4816768913614156
515,2.2843045380304616
516,2.484022069174564
517,2.246345617891494
518,2.2186874195057085
519,2.2348666233838785
520,2.6043544027478718
521,2.4214558454742305
522,2.4861136268099697
523,2.4025070250838336
524,2.114855843396523
525,2.129728532181742
526,2.0609556834278044
527,1.9679020735689192
528,1.9089379077711104
529,1.6843463584865754
530,1.6678258412509188
531,1.5222057178843362
532,1.5111091823234661
533,1.437878759023165
534,1.3690270699287714
535,1.6166028724462553
536,1.7109161870602236
537,1.9038487536832034
538,2.0812551220537228
539,2.1503318213697544
540,2.6145503304648474
541,3.1545372090950825
542,3.8155311305590334
543,4.537836233459037
544,3.891565639956234
545,4.213070173342225
546,4.082551129305036
547,4.538879637125698
548,4.403273526003972
549,4.089521826533305
550,4.076687223768733
551,4.57235525595241
552,4.104417335991265
553,4.370497347620305
554,4.4531946130468265
555,4.080629209140018
556,3.9973409110039584
557,3.984353825877187
558,4.015153081734022
559,3.9322184987482776
560,3.776557619763591
561,3.893319918982131
562,3.9151507378153623
563,3.9428782702573124
564,3.7514399870987134
565,3.7756933768585865
566,3.798541100304429
567,4.295978307071369
568,3.840732952868883
569,4.1910621630662845
570,4.567218056360065
571,5.058686131113869
572,4.720664315350901
573,4.645052817842298
574,5.113961022094904
575,5.34656277101024
576,4.968131558075957
577,4.881273883040136
578,4.679180360156878
579,4.645783386182112
580,4.530455715181342
581,4.609324485909838
582,4.5836682470242325
583,4.608096660165704
584,4.266185721295597
585,3.6314260741620434
586,3.827511428859923
587,3.758290718766214
588,3.7597493486152884
589,3.708590133275376
590,3.765744912451919
591,4.1242526040386815
592,3.8811176584049414
593,4.527228079004092
594,5.200468144968465
595,4.904272172066506
596,4.383472699790758
597,4.432574189563941
598,3.898903187336021
599,3.873396240600944
600,3.9619190948139695
601,3.842484429259188
602,3.4314566884801865
603,3.819838323161773
604,3.619777275725516
605,3.27821065646909
606,3.606815342087421
607,3.2923099281668127
608,3.4865095860131854
609,3.5909502354574427
610,3.2823597583916673
611,3.5541432418707455
612,3.3248637873250866
613,3.421405796354172
614,3.562396715158702
615,3.56212198538779
616,3.3277547501984728
617,3.2859620679636117
618,3.244313118564205
619,3.1648819348085735
620,3.272999357306937
621,3.0749151880886654
622,3.0091410793295283
623,2.9486387849020548
624,3.0723695054828806
625,3.1276263473019688
626,3.274670743838801
627,3.016435823711582
628,2.952219073747754
629,2.7031341096397483
630,2.660483423206871
631,2.4849417687976847
632,2.55768957637394
633,2.598334517050565
634,2.6409969248657785
635,2.8913819368565994
636,2.9647631669600205
637,2.9313721462027913
638,2.9809180806369775
639,2.699381388011326
640,2.5298959666038776
641,2.7012876070220044
642,2.4668501999114834
643,2.5691903162773086
644,2.228962698049606
645,2.4013171881366495
646,2.135288056180579
647,2.45677787914924
648,2.117571488823352
649,2.1171241620575625
650,1.9970991183949263
651,2.1487896158256654
652,2.106215135837152
653,1.9256770628367414
654,1.8770472349161085
655,1.8558041774921377
656,1.8582558073771474
657,1.8020110168943868
658,1.8257487836711652
659,1.9821222510319267
660,2.040808032545553
661,1.9781230997439445
662,1.9511703794022097
663,2.037022373972065
664,1.93034319321782
665,2.3973385107216973
666,2.6177381991608857
667,2.8374304352961914
668,3.091171935243365
669,3.145778386963753
670,3.1339637457809184
671,3.4348474574389645
672,3.49936946218572
673,4.3411388643896185
674,4.791601807794345
675,4.893884830674261
676,4.895065541544157
677,4.7649091240677945
678,4.217741070772591
679,4.011284079567724
680,3.8269974131017377
681,3.2091849312651703
682,3.1899537608413957
683,3.019618454915668
684,3.076084488264546
685,3.783041901326243
686,3.8511340918706343
687,3.7544014106727928
688,3.8377844076682432
689,3.7542844402236666
690,3.2545699220457993
691,3.5303172865610355
692,3.101323509659646
693,3.130773507027016
694,3.1334250857404125
695,3.1194108179465974
696,3.1143568531458317
697,3.1256157437100414
698,3.1484023237010876
699,3.2550450411764977
700,3.1014287531305174
701,3.0772550204411147
702,3.1126326388070593
703,3.144393193441458
704,2.9644543941299077
705,2.8968908498322348
706,3.005586474368568
707,2.878085034963952
708,2.6189083776983817
709,2.6946805988044127
710,2.595019130282778
711,2.7764752274979774
712,2.879667113149233
713,2.8398619205852946
714,2.8465070099670964
715,2.6776352056307426
716,2.791046692160012
717,2.9389802034996246
718,2.698858174290767
719,2.738759636320965
720,2.8407211633904432
721,3.1180751270837614
722,2.805300137840831
723,3.006224796822452
724,3.0032580115232426
725,2.9982940684606554
726,2.84077701712422
727,2.9396684288606187
728,2.780477890104094
729,2.7385261422661276
730,2.7965906243704888
731,2.858056786603424
732,2.6127303134742643
733,2.958734890128281
734,2.7153378889270705
735,2.747709710802211
736,2.558856956940557
737,2.4630693986676855
738,2.328384452615221
739,2.576385861026502
740,2.958011191724157
741,2.6364041938055207
742,2.7418435102689394
743,3.410774679585636
744,4.411248307763058
745,4.56159465317592
746,3.851518641143601
747,3.313073023108133
748,4.248084424602559
749,3.2282146890845165
750,3.7198365361040726
751,3.7037004612292637
752,3.2857583715773737
753,3.5618302980720125
754,3.5206981000423947
755,3.192085156132569
756,3.14260971672905
757,3.096950965538041
758,3.1222963429090274
759,2.708296645594758
760,2.862500158030711
761,2.7000398131016565
762,3.002685832211286
763,2.9007095156312324
764,3.0521844250588965
765,3.3511947022696824
766,3.3094195390621586
767,3.035117359444301
768,3.049279525473425
769,3.317478429769392
770,3.6089808374498307
771,3.5294410372856793
772,3.1454067311339045
773,3.298822090038938
774,3.6086081288076204
775,3.4285656248071246
776,3.738738776994206
777,3.8991324967258474
778,3.381574334892005
779,3.340964719083803
780,3.015941382923153
781,2.7558518363374733
782,2.842911062495821
783,2.7367967087897807
784,2.459106823557783
785,2.43268398724053
786,2.411373714125743
787,2.0001168979080157
788,2.383839844563671
789,2.194728722309687
790,2.142523924005026
791,1.9293630390235676
792,2.1244467290709252
793,1.9160638622127968
794,1.9317835804003463
795,1.728555942802435
796,1.8686180857077248
797,1.838816599142617
798,1.730884010429416
799,1.8484754237019867
800,1.8100266818311097
801,1.5676847751373717
802,1.5948177131200703
803,1.805137621339721
804,1.6459261925852429
805,1.6910330223288756
806,2.0492814910259396
807,2.1392593741936743
808,2.1607646060512296
809,2.038323929003284
810,2.462047122135479
811,2.662577717483334
812,2.555005246533084
813,2.533244816266167
814,2.775886996997939
815,2.638727170241978
816,2.4888650491327433
817,2.491132023608864
818,2.271275853933911
819,2.208810132972901
820,1.9564299169044992
821,2.0984812221593816
822,2.194628192615207
823,2.141535968316959
824,2.1440161837829024
825,2.140862502739882
826,2.3497936831399215
827,2.233591530770242
828,2.0168789089719596
829,1.9433185113142375
830,1.9267437080489438
831,1.9212819638116498
832,1.9136106383253815
833,1.8913512678669555
834,1.848192407906632
835,1.7703957434040491
836,1.775778426501886
837,2.140527641560758
838,2.222922240479575
839,2.1093979793213053
840,2.137019691669187
841,1.7395666860747387
842,2.0578002260237165
843,1.7154409956287495
844,1.6100804640334012
845,1.618895491669381
846,1.41002591028491
847,1.357995870431785
848,1.3477042760702014
849,1.271841824848849
850,1.3123523853261962
851,1.2585895632921793
852,1.2255813127594988
853,1.1642199845759171
854,1.2402069620826375
855,1.2424527810642882
856,1.1977477784162374
857,1.3423346783180556
858,1.3940705487930967
859,1.42136098538224
860,1.474498178409965
861,1.5688052056845823
862,1.839474729651256
863,1.7002217020515107
864,1.8015239699883758
865,1.7360258052730584
866,1.8286843882549852
867,1.8375452997740398
868,2.5032606451184387
869,2.8999998159377585
870,2.927773155400582
871,3.6404465140851308
872,3.728822701846452
873,4.3152962721792605
874,4.172080958886193
875,4.671589653153609
876,4.808797465576315
877,4.879076968129523
878,4.552825351488677
879,4.247018145132994
880,4.2898327968625924
881,4.106105960218355
882,4.067420790450937
883,3.804414139394948
884,3.9016266907344854
885,3.840545103793811
886,3.7811362022855857
887,3.825473560672474
888,3.6357218262684636
889,3.373347232360039
890,3.2655078576492644
891,3.4127206828115666
892,3.6142682585072237
893,4.655736407814621
894,4.387808762698521
895,4.6940960090713695
896,3.860315949732067
897,3.9490041042542035
898,4.386132899298996
899,4.37970453765644
900,3.8604294484579444
901,3.8326608641302227
902,3.881974489229413
903,4.051089038871427
904,3.737039497645407
905,3.6303101202158605
906,3.912133126843166
907,4.347716113468204
908,3.661087060995732
909,3.780390536835637
910,3.7478535649842297
911,3.7725778008799944
912,4.435203465726404
913,3.8093379733810337
914,3.797657485344569
915,4.083803290429862
916,3.835195138914514
917,3.8211964255769115
918,3.950985776008127
919,3.2058580917779653
920,3.7861087726232254
921,3.5200678125876133
922,3.2641713303634154
923,3.2680277250009078
924,3.3005506777671725
925,3.661299251381463
926,3.8354149496348633
927,3.83011508845779
928,3.8386222865085053
929,3.8222114244612415
930,3.8662001435077866
931,4.054888317350552
932,3.9501928941680498
933,4.183955681880035
934,4.42793218595793
935,3.927787988963349
936,3.9002790329347716
937,3.8904117867438286
938,4.004858301059155
939,3.86843089003134
940,3.8531758490314654
941,3.617768670785759
942,3.424867401468249
943,3.284181733769074
944,3.1832098002328646
945,3.1750559845033917
946,3.1923199785272693
947,3.1741967491254597
948,3.1910744675464744
949,3.2282248232675212
950,3.991346663659867
951,3.8111651631880825
952,4.024583129519433
953,3.885595875668843
954,3.8697948310131274
955,3.6990937808356055
956,3.575410662011295
957,3.5315042331847857
958,3.3767743386130733
959,3.6742052412702657
960,3.763807485745547
961,3.738211871082564
962,3.6357949357413526
963,3.446663929281885
964,4.232429825170681
965,3.8052725809759713
966,3.5945659941542107
967,3.1487505972125716
968,3.1258430026823243
969,3.224528800134395
970,3.131924110215911
971,3.215213364142973
972,2.898445423509186
973,2.80333622514529
974,3.1381396946088747
975,2.7419846518924844
976,2.793941057652742
977,2.3219282208583163
978,2.4931222065995975
979,2.428290888708007
980,2.2563814412080405
981,2.288900943029201
982,2.2089938323392158
983,2.1272484959294355
984,2.1080309243669952
985,1.9587635017626401
986,2.281989132881586
987,2.51119747666539
988,2.0473709921130596
989,1.8528770484043926
990,1.8474618269522
991,1.7249318983341324
992,1.5730902687406598
993,1.5508201757443978
994,1.7125023396982975
995,1.5659520304066252
996,1.664060136437272
997,1.8499897717801772
998,2.2293427120057148
999,1.945273615904105
1000,1.9559720855575975
1001,1.9005645610690922
1002,1.9392723518023278
1003,1.9607988537831291
1004,1.9864742135022422
1005,1.9650272622838292
1006,2.183763286658801
1007,2.316997961463146
1008,2.6452772861506717
1009,2.84241774338146
1010,2.9503800591697074
1011,3.059706565644404
1012,2.722177246354565
1013,2.1392972604123623
1014,2.555537920496628
1015,2.240222248633529
1016,1.979785579781084
1017,1.9517577383100218
1018,1.9415292420134356
1019,2.116715981811528
1020,2.43699152140858
1021,2.1137863442014826
1022,2.370668939206849
1023,2.375403170623009
1024,2.485522524712795
1025,2.5084472717066695
1026,2.324991442693907
1027,1.937622668161839
1028,1.9300478790951703
1029,1.982788881494984
1030,2.0079038781300547
1031,1.8792631827435051
1032,1.9055448569973683
1033,2.276556087236948
1034,2.148660689075795
1035,2.3433217688825274
1036,2.3881420157946125
1037,2.3424980910193294
1038,2.6965480225669327
1039,2.7232013315579264
1040,2.7214665657198442
1041,2.8566630482143145
1042,2.925650831429102
1043,2.949840051862427
1044,3.184949414387429
1045,3.308556572470012
1046,3.9497426746126214
1047,3.958100516292854
1048,3.9676213443970125
1049,3.8416767415272144
1050,3.9356784106623706
1051,3.901039099509718
1052,3.267140325758533
1053,3.8057392488011623
1054,3.938690262810507
1055,3.9131102189857776
1056,4.021465520850135
1057,4.012659089593239
1058,4.2755543426008735
1059,3.857169323799411
1060,3.8364094612562063
1061,3.5593441643971393
1062,3.458670527711609
1063,2.930377754304972
1064,2.9309370511733626
1065,3.0645276316874632
1066,2.6706344003174194
1067,2.5402729411024496
1068,2.629440405249321
1069,2.3852099446224955
1070,2.64317206388281
1071,2.4580526517070647
1072,2.199085649021673
1073,2.3715671343215594
1074,2.023701049316631
1075,2.076561748511139
1076,1.9280938856603276
1077,2.077526156685941
1078,1.9327009198264526
1079,1.864470656668591
1080,1.8660739335947794
1081,2.0870252660538835
1082,2.49984162297857
1083,2.757351718673698
1084,2.79343338903292
1085,2.5446427851091777
1086,2.494051927876788
1087,2.694469009486992
1088,2.3018966460827954
1089,2.9942226680422115
1090,2.9952837560293633
1091,2.754798840197805
1092,2.632997890436769
1093,2.6551594525815085
1094,3.7659850325950748
1095,3.8339794846535025
1096,3.757739820833236
1097,3.0876133686626472
1098,3.107451120458518
1099,3.1125388357859562
1100,2.94606367961519
1101,2.6693153264874194
1102,2.900239894746081
1103,3.015953542572757
1104,3.106654334325346
1105,3.1346528492898145
1106,3.2907934913070136
1107,3.5015942089629157
1108,3.625664032384428
1109,3.584193573823706
1110,3.8032165236278237
1111,4.135980685743507
1112,3.703844462501718
1113,4.270010490663657
1114,3.734605887143275
1115,3.327153860382814
1116,3.2944064421999295
1117,3.132664877420596
1118,3.1101459524492987
1119,2.8411720423764484
1120,2.8965324569530586
1121,2.604909181960273
1122,2.710753210601241
1123,2.5997203738544323
1124,2.5392441827912773
1125,2.600855859124558
1126,2.3032787941450494
1127,2.4164695641361202
1128,2.511955158642163
1129,2.730713584349525
1130,2.671906599311275
1131,2.5115458580288164
1132,2.9317248720539837
1133,2.9951494230283346
1134,2.9923236990503637
1135,2.952589823894184
1136,3.2562251567935627
1137,3.2627227363255935
1138,2.9808902994926245
1139,3.0590228167865887
1140,3.0817989738858165
1141,3.6726275043398027
1142,3.3962665246917174
1143,3.323661187454276
1144,3.9744436939754277
1145,3.91178319471105
1146,3.763181058293914
1147,3.7071590577744646
1148,3.6826025884579643
1149,3.331341928929611
1150,3.8390040243353676
1151,3.4586830825484927
1152,3.2990300436721123
1153,3.139232327854635
1154,3.1783743806036293
1155,3.3078535752056166
1156,2.9273352202845437
1157,3.1450996131263786
1158,3.1354589718685295
1159,3.1697634384440017
1160,3.3058769218652424
1161,3.286796403623
1162,2.8456314428079588
1163,3.068451355523684
1164,2.7873426820887985
1165,2.9455509606955377
1166,2.869681811683409
1167,2.973193479590188
1168,2.9212828946952856
1169,2.6328844839800865
1170,3.0043057825395536
1171,3.0580621702161532
1172,2.8497136800124077
1173,2.7371201538723566
1174,2.8020507369625425
1175,2.489058269817595
1176,2.583630762392753
1177,2.8629548711673576
1178,2.7055040650799875
1179,2.7779659569348363
1180,3.0338835940846582
1181,3.4788461118882137
1182,3.5434076172437736
1183,3.4709777416781553
1184,3.4787120115622407
1185,3.897071829410363
1186,3.8977765630760755
1187,3.8983626067468653
1188,3.9102895141134972
1189,3.9063018454047396
1190,3.5186331557734287
1191,3.594194631894839
1192,3.37994060799201
1193,3.1619704275929736
1194,3.712707708606327
1195,3.4625350493194973
1196,3.3985311387315567
1197,3.412302836015535
1198,3.080673806800662
1199,3.0214959508230685
1200,3.172089619876089
1201,2.976292016980029
1202,3.163293925227753
1203,3.4397189709477733
1204,3.981716998301459
1205,3.9910607047830644
1206,4.31818411801775
1207,3.725211388032874
1208,3.529247894312386
1209,3.5904915289359374
1210,3.3154872812505722
1211,3.3101822924577857
1212,3.3234582491334765
1213,3.2777719919125707
1214,3.3946484413618716
1215,2.898169908698183
1216,3.09556731300655
1217,3.3568894298374743
1218,3.275418697764262
1219,3.3774162317346503
1220,3.4030049772179614
1221,3.581242027195497
1222,3.541503575726388
1223,4.133264150212664
1224,4.459349600023955
1225,4.46899005562062
1226,4.140948073749207
1227,3.6617414114890954
1228,3.4339221011306034
1229,3.581351460660454
1230,3.334872848767622
1231,3.212262718522621
1232,3.1411672255340424
1233,3.118324725791303
1234,3.0541091967244824
1235,3.2623421892349636
1236,3.0503243279348324
1237,3.065228395802572
1238,3.1061101830280506
1239,3.1375350742886408
1240,3.8296380756249846
1241,3.761130333469209
1242,3.07495544319054
1243,3.165338193710112
1244,3.087348496622781
1245,3.17285252538008
1246,3.1703886849539864
1247,2.948304904303335
1248,3.205340504517092
1249,3.5442245661476273
1250,3.14164792149004
1251,3.133340516427096
1252,3.287854866174853
1253,3.10611645388095
1254,3.3623799879004053
1255,3.3640558221127606
1256,3.138026184475323
1257,3.1098005867721445
1258,3.423614555515927
1259,2.974416441767866
1260,3.293764249125489
1261,3.0831799558076547
1262,3.2127072976591804
1263,2.8884969009024686
1264,3.0408140741922267
1265,3.04500866802687
1266,3.120912839584112
1267,2.9391237656638163
1268,2.6318714566103054
1269,2.9467900789678723
1270,3.1732829991567013
1271,3.285181609553051
1272,3.434275225340275
1273,3.5165139576137427
1274,3.8856540085524927
1275,3.7567370620142824
1276,3.628006327504725
1277,3.572961470367318
1278,4.382516159464494
1279,4.602328029521772
1280,4.6961275259402875
1281,5.647867455487023
1282,6.534374337459818
1283,6.531400270471593
1284,7.0379683303935145
1285,7.056458224669483
1286,7.240521552853218
1287,7.130391867643908
1288,7.212127023629611
1289,6.710009698796969
1290,6.553292770497383
1291,6.180392787215586
1292,6.1742758376327345
1293,5.828664961259032
1294,5.568149245540732
1295,5.018951904715231
1296,4.8076084526402365
1297,4.389987191044387
1298,4.7152451054191165
1299,4.423432553720916
1300,4.327687350231712
1301,3.9391643684687523
1302,3.923099878536855
1303,3.7127134739191563
1304,3.135624867078021
1305,3.56765459712676
1306,3.2713790518668096
1307,3.19547222096697
1308,3.8089835125746907
1309,3.884452985027144
1310,3.873617027862534
1311,3.9249254339601265
1312,3.9079736221929546
1313,4.644474861592862
1314,5.899638042101826
1315,6.534712232474734
1316,6.918654400554232
1317,6.359038847308639
1318,6.8621550696482725
1319,6.65503160615595
1320,6.601273171919061
1321,6.186799865278203
1322,6.138884141976453
1323,5.283066333348947
1324,5.049530773076907
1325,4.653049052748934
1326,4.676898718691182
1327,4.684506411904471
1328,4.725009388522464
1329,3.853023988446478
1330,3.8789092715370064
1331,3.70801664446466
1332,3.7678896243532005
1333,3.325333937283425
1334,3.3385729863007323
1335,3.5014153014045775
1336,3.8380331055576327
1337,3.7675956326126783
1338,3.813543944051096
1339,4.837700921934606
1340,4.873080638723192
1341,4.805897058418791
1342,4.860787825513486
1343,4.913990356184558
1344,5.555096992048282
1345,5.549068742253391
1346,6.282339557999224
1347,6.614274204607204
1348,6.441629582122075
1349,6.950790951579923
1350,7.068558821442012
1351,6.982005659150838
1352,7.126305677756892
1353,7.1557466701381705
1354,7.183557666521696
1355,7.135113880132824
1356,6.856043080576677
1357,6.994741667204984
1358,7.097276635530992
1359,7.106060433742816
1360,7.085880926809073
1361,7.074718406306066
1362,7.074718406306066
1363,7.074718406306066
1364,6.7742532444857915
1365,6.8272635866428235
1366,6.741560965730057
1367,6.461141886945704
1368,6.1359342865667035
1369,5.986150046026283
1370,6.170807955056612
1371,6.0099797957125976
1372,5.891725194809428
1373,5.906575604645493
1374,5.891988976931735
1375,5.8771385670956695
1376,5.8771385670956695
1377,5.748759277535127
1378,5.739879598847396
1379,5.8771385670956695
1380,5.719026293946211
1381,5.692952879840537
1382,5.774395005272549
1383,5.104777263303664
1384,4.906380602581105
1385,4.430941087404207
1386,4.537178361237025
1387,4.572749605884142
1388,4.237067889653824
1389,4.480811797958786
1390,4.416861976760511
1391,4.538166308271012
1392,4.337027800183042
1393,4.379685852878317
1394,3.8350975878597047
1395,3.8305930302569995
1396,3.812254564480228
1397,3.814357987863864
1398,3.323467923968053
1399,3.4340544095597942
1400,3.7873383381242207
1401,3.641748299458436
1402,3.3908497084765936
1403,3.4286125626766335
1404,3.2189880794072834
1405,3.2034046942744214
1406,3.3155125349600945
1407,3.196074212839622
1408,3.159157083868372
1409,3.1623976283496593
1410,3.1308073653101607
1411,2.924001475953885
1412,3.026411163223914
1413,3.000130891106861
1414,3.018980342527229
1415,2.773224970205916
1416,2.7542348379325823
1417,2.5637604522969006
1418,2.65873256996717
1419,2.4961760980538945
1420,2.541625058136059
1421,2.629927879959279
1422,2.3104378228863443
1423,2.465959236629692
1424,2.368065789288229
1425,2.4636003688507815
1426,2.210484433473989
1427,2.448935558821045
1428,2.372833448055174
1429,2.4450654414672908
1430,2.65804967522411
1431,4.217848248081269
1432,4.170145983646891
1433,3.773571632113851
1434,3.4613388965279417
1435,3.9411055845666203
1436,4.046400049719014
1437,3.803192915331803
1438,3.4983134556284625
1439,3.3732257028495756
1440,3.6818703826639045
1441,3.2723207476690273
1442,4.370207074524871
1443,4.305791324208456
1444,4.507330561020018
1445,4.471778710184835
1446,4.119919277161237
1447,3.943166630487375
1448,3.902593664215093
1449,3.7943671467883777
1450,4.367178555464585
1451,4.462887303797574
1452,4.641353916191439
1453,4.778456888764197
1454,4.881087087939066
1455,5.0569018003801265
1456,5.6213332032459595
1457,5.978601230576292
1458,6.2919971398654955
1459,6.385763706625418
1460,6.187504258788302
1461,5.395325002148719
1462,5.089424900179774
1463,4.523807004951919
1464,4.67226509879162
1465,4.329464059111279
1466,4.4848831002571465
1467,4.015329831584927
1468,4.496261149896494
1469,4.305939448619621
1470,4.133144894690489
1471,4.174992586478159
1472,3.7510844595426676
1473,3.528448710272482
1474,3.355703039962154
1475,3.162170070713292
1476,3.3029288058824555
1477,3.136325095338642
1478,2.959843903773816
1479,2.8927089241006976
1480,2.9905883215178752
1481,2.791982565203373
1482,2.4126370706645086
1483,2.3089239708624154
1484,2.3363512334128353
1485,2.2434767473796082
1486,2.233843537863172
1487,2.210612517394539
1488,2.2965334772613137
1489,2.5056808086174027
1490,2.0380240168426984
1491,2.565583960666627
1492,2.6592322115220957
1493,2.8392299636387386
1494,3.7054976579711787
1495,3.7546210760528624
1496,3.810107733718765
1497,4.652266865386947
1498,4.824074779711967
1499,4.9355602721097815
1500,4.815048217305558
1501,5.439525580951187
1502,4.947033809300515
1503,5.071867233640423
1504,4.964010130063272
1505,5.194802850898546
1506,5.197508495372646
1507,4.984173699099414
1508,4.997830105835552
1509,4.973113453032321
1510,4.535642706031848
1511,4.507110853787393
1512,4.261617741377792
1513,3.911825234857481
1514,4.203218557965628
1515,4.281289027775941
1516,3.882348497600737
1517,3.7237238919441666
1518,3.7313380602407302
1519,3.695482749696248
1520,3.6802135801843963
1521,3.519952921685343
1522,3.288548714586459
1523,3.5370858135270686
1524,3.5642187078865506
1525,3.5577665061783104
1526,3.4634182897439563
1527,3.3714031383597036
1528,3.2450895655588314
1529,3.2411152816206497
1530,3.2284113961544443
1531,3.613704686952654
1532,3.24240919499106
1533,3.61870974211376
1534,3.4372711024969935
1535,3.091217861618194
1536,3.0636167532910674
1537,3.2278352286156258
1538,2.9691031103477505
1539,2.9887790899378808
1540,2.852869900534831
1541,2.779508625084524
1542,2.6413882356912097
1543,2.6265666235097
1544,2.610697619178647
1545,2.6140472106429935
1546,2.3529304920406844
1547,2.551951933506255
1548,2.6195488589270517
1549,2.3050533014102776
1550,2.300166503168086
1551,2.1627157448712784
1552,2.4062829728570487
1553,2.105301298999992
1554,2.562025915905011
1555,2.073144718647991
1556,2.077362344048467
1557,2.0395579126968757
1558,1.9046194518723394
1559,2.054150021190107
1560,2.124650484774918
1561,2.0540399851019107
1562,2.2997249988450084
1563,2.4311425338543358
1564,2.5488604029045643
1565,2.7299753056748512
1566,2.5429225481566475
1567,2.478314661956026
1568,2.1093758548925625
1569,2.4010006556294248
1570,2.461819934456559
1571,2.4681054918992458
1572,2.4332261598601086
1573,2.6390310384806317
1574,2.593911688368416
1575,2.6802505199111253
1576,2.563994293358182
1577,2.4513818381363195
1578,2.381671733601649
1579,2.3425757354193104
1580,2.364334852482847
1581,2.0616211285614385
1582,2.0018275908337624
1583,1.9412731386448463
1584,1.7257921923762487
1585,1.853561232211121
1586,1.727861323955384
1587,1.5763520898920227
1588,1.8064529133180227
1589,2.035663268525721
1590,2.042887085214776
1591,2.583593101155432
1592,2.89085644083808
1593,3.1817173219121506
1594,3.780454132260999
1595,3.822097716620921
1596,3.329477610065175
1597,3.074467937753961
1598,2.5131034466413382
1599,2.657596841198738
1600,2.542475627738663
1601,2.593888015380931
1602,2.668988156731475
1603,2.7128914438157037
1604,2.695970115682045
1605,2.519194273266484
1606,2.4351500711825467
1607,2.5110164513791062
1608,2.5382799611383353
1609,2.5988195905709164
1610,2.4482261631372
1611,2.402897045693889
1612,2.4868312270612516
1613,2.5005055657385125
1614,2.4077398723109047
1615,2.570689037852673
1616,2.614956605838753
1617,2.9186696301959083
1618,2.640149471844652
1619,3.324951048014467
1620,3.0717677317970744
1621,3.396640682635469
1622,3.9597368310418477
1623,4.368657689655619
1624,3.9477369937763536
1625,3.9356334508873196
1626,3.953603250555639
1627,3.9312738456236853
1628,3.909349612037348
1629,3.6058349375433485
1630,3.4914296828191076
1631,3.896788252302447
1632,3.4776759951353644
1633,3.1682139673501135
1634,3.1777663844046904
1635,3.38082661020245
1636,3.4775405090111264
1637,3.3549173521790467
1638,3.1845648697316014
1639,3.1591917794886144
1640,3.2783522251475654
1641,3.216788242568351
1642,3.0624484543341883
1643,3.1943073324796165
1644,2.8849155357684664
1645,2.8499932545606015
1646,3.098635250706343
1647,2.785762139843941
1648,3.503663579038399
1649,3.366794640100273
1650,3.528055436693392
1651,3.5956474243459997
1652,4.540197262647391
1653,3.785167506530159
1654,3.4917701035247304
1655,3.7682255016576236
1656,3.692821184977617
1657,2.9664674595578293
1658,3.0038734833912324
1659,2.849089932430497
1660,2.834202616867854
1661,2.7551701376609503
1662,2.2406808924858477
1663,2.372467544812301
1664,2.207928624562822
1665,2.254124683349464
1666,2.209457445471203
1667,2.0942317098198546
1668,2.00559708149293
1669,1.9468964040588337
1670,1.9815704936313743
1671,1.859129155527937
1672,2.1964789442523243
1673,2.2949745876539156
1674,2.348841385801577
1675,2.44799452882928
1676,2.604128072903009
1677,2.4560585687579386
1678,2.404979338069725
1679,2.24902301788302
1680,1.9487928789099664
1681,2.040057824058018
1682,1.9299067063827076
1683,1.8928555611945739
1684,2.2117321397392407
1685,2.1761668559590572
1686,2.2920851028238522
1687,2.1917472112436864
1688,2.130871965638565
1689,2.4836967848113303
1690,3.1211806604643875
1691,3.211971166176308
1692,3.44146837128031
1693,3.5225088774620237
1694,4.568200284886498
1695,4.507065985126855
1696,4.850979081466901
1697,4.7931225142822775
1698,4.950916887047142
1699,4.810854782310162
1700,4.444270370912298
1701,4.7058072126289225
1702,4.666671604120135
1703,4.021987620350914
1704,3.8997604194224587
1705,3.98818922101723
1706,3.104087891751732
1707,3.5479113667652373
1708,3.022278323411105
1709,2.748622988991708
1710,2.845581966423232
1711,2.757373133581664
1712,2.669962043400774
1713,2.790443543601662
1714,2.742503404857153
1715,3.036318477723684
1716,2.997407085681824
1717,3.021856901503004
1718,2.9539738233791377
1719,3.022637986750216
1720,3.116769362117734
1721,3.3595619017260088
1722,3.276215426620522
1723,3.3814366960747884
1724,3.8041121814667664
1725,3.847035981219631
1726,4.370582784328956
1727,4.710305570761618
1728,4.777908461665835
1729,4.82769516722947
1730,6.01148263542618
1731,5.33590933229901
1732,5.159106200737403
1733,5.127926390380148
1734,5.082067537241295
1735,4.904527972568354
1736,4.915105621671032
1737,4.493774032291679
1738,4.870750786360578
1739,4.686976067837907
1740,4.677683452598468
1741,4.784139857801293
1742,4.407190934845165
1743,3.79014455112173
1744,4.652830188196359
1745,4.340714579856213
