,0
0,3.6111403508771933
1,3.8484210526315787
2,4.318771929824562
3,4.674736842105264
4,4.934298245614037
5,5.049561403508773
6,5.061754385964913
7,5.067719298245615
8,5.067719298245615
9,5.067719298245615
10,4.841228070175441
11,4.597807017543861
12,4.107719298245614
13,4.374035087719299
14,4.823859649122808
15,4.6205263157894745
16,4.969561403508773
17,5.035175438596492
18,4.532982456140353
19,3.9830701754385958
20,4.265350877192981
21,4.3317543859649135
22,3.9542982456140345
23,3.8434210526315775
24,3.6001754385964913
25,3.179298245614034
26,3.109561403508772
27,3.2713157894736846
28,3.5108771929824565
29,3.410000000000001
30,3.115614035087719
31,2.959736842105263
32,3.0675438596491222
33,3.036842105263158
34,2.8630701754385974
35,2.6065789473684218
36,2.5888596491228073
37,2.6025438596491233
38,2.336578947368421
39,2.5859649122807022
40,2.6511403508771934
41,2.834473684210527
42,3.624473684210526
43,3.829999999999999
44,3.8607894736842105
45,4.1903508771929845
46,4.367368421052632
47,3.9485087719298253
48,4.369210526315789
49,4.571315789473685
50,4.947105263157896
51,5.062368421052634
52,5.074561403508773
53,5.074561403508773
54,5.0805263157894744
55,5.0805263157894744
56,5.0805263157894744
57,5.067719298245615
58,5.067719298245615
59,5.067719298245615
60,5.067719298245615
61,5.0805263157894744
62,5.092456140350878
63,5.092456140350878
64,5.092456140350878
65,4.744561403508772
66,5.002192982456141
67,4.718508771929826
68,5.002192982456141
69,4.3802631578947375
70,3.9341228070175434
71,3.7183333333333333
72,3.532280701754386
73,3.197017543859649
74,3.4731578947368433
75,3.15859649122807
76,2.9049122807017547
77,3.1415789473684215
78,3.1482456140350883
79,2.8691228070175443
80,2.646140350877193
81,2.8761403508771934
82,2.6100877192982463
83,2.3356140350877195
84,2.328947368421053
85,2.1639473684210526
86,2.156929824561404
87,2.249298245614035
88,2.263245614035088
89,2.2864035087719303
90,2.580087719298246
91,2.592543859649123
92,2.5792105263157894
93,2.584385964912281
94,2.326929824561404
95,2.902543859649123
96,2.6882456140350888
97,2.9768421052631577
98,3.133157894736842
99,3.1280701754385962
100,3.3284210526315796
101,3.645701754385966
102,3.4728070175438606
103,3.8417543859649124
104,4.572719298245614
105,4.944035087719299
106,5.018596491228071
107,5.061754385964913
108,5.067719298245615
109,5.067719298245615
110,5.067719298245615
111,5.067719298245615
112,5.067719298245615
113,5.067719298245615
114,5.067719298245615
115,4.953157894736843
116,4.6590350877193
117,4.537982456140352
118,4.040614035087719
119,4.4047368421052635
120,4.5828070175438596
121,4.5177192982456145
122,3.9471929824561403
123,3.2382456140350877
124,3.0901754385964906
125,2.7234210526315796
126,2.887456140350878
127,2.6424561403508777
128,2.9454385964912277
129,2.321315789473685
130,2.5792105263157894
131,2.6341228070175435
132,2.694122807017545
133,2.6367543859649123
134,2.6743859649122803
135,2.881140350877194
136,2.9027192982456147
137,2.90640350877193
138,3.1053508771929828
139,2.8477192982456145
140,2.2730701754385967
141,2.3348245614035092
142,2.3091228070175442
143,2.361578947368421
144,2.6600000000000006
145,2.88780701754386
146,4.045263157894738
147,4.614122807017544
148,4.956842105263159
149,5.03140350877193
150,5.061754385964913
151,5.067719298245615
152,5.0805263157894744
153,4.8540350877193
154,4.544473684210527
155,4.946140350877195
156,4.154736842105263
157,4.682894736842106
158,4.979912280701756
159,5.037368421052633
160,5.074561403508773
161,5.067719298245615
162,5.067719298245615
163,5.067719298245615
164,5.067719298245615
165,5.067719298245615
166,4.9646491228070175
167,5.002192982456141
168,5.078771929824562
169,5.092456140350878
170,4.712807017543861
171,4.556403508771931
172,4.0832456140350875
173,4.325438596491228
174,4.225350877192983
175,3.8094736842105257
176,3.520789473684211
177,3.104912280701754
178,2.92078947368421
179,2.8898245614035094
180,2.628947368421053
181,2.555964912280701
182,2.2471929824561405
183,2.3034210526315793
184,2.291491228070176
185,2.3005263157894738
186,2.2905263157894744
187,2.3316666666666674
188,2.3083333333333336
189,2.2985964912280705
190,2.304824561403509
191,2.260789473684211
192,2.155789473684211
193,2.012368421052632
194,2.017719298245614
195,1.9881578947368426
196,2.0746491228070174
197,2.019298245614035
198,2.0197368421052633
199,2.1014035087719307
200,1.9760526315789475
201,1.7957017543859648
202,1.6952631578947368
203,1.71
204,1.6817543859649124
205,1.8242105263157897
206,1.8165789473684215
207,2.0485964912280705
208,2.379649122807018
209,2.7056140350877196
210,3.2256140350877196
211,3.612631578947369
212,3.797192982456141
213,3.8609649122807013
214,3.827982456140351
215,3.8603508771929818
216,4.241491228070176
217,3.6664035087719307
218,3.3878947368421053
219,3.4290350877192988
220,3.7449122807017536
221,3.8134210526315786
222,3.3407894736842105
223,3.196228070175439
224,3.094035087719299
225,2.968157894736842
226,2.8833333333333346
227,2.5542105263157895
228,2.6086842105263157
229,2.5985964912280703
230,2.925350877192982
231,2.895000000000001
232,2.8660526315789485
233,2.804912280701755
234,2.88921052631579
235,2.590526315789474
236,2.5423684210526316
237,2.193771929824561
238,2.469824561403509
239,2.5868421052631585
240,2.5842105263157897
241,2.5838596491228074
242,2.2901754385964916
243,2.4708771929824564
244,2.5381578947368424
245,2.6396491228070174
246,3.286228070175439
247,2.8900877192982466
248,2.4726315789473685
249,2.471929824561404
250,2.479035087719299
251,2.160964912280702
252,2.2710526315789474
253,2.004385964912281
254,2.020526315789474
255,1.8778070175438597
256,1.8489473684210525
257,1.9898245614035093
258,1.9985087719298247
259,1.9949122807017547
260,1.8260526315789471
261,1.7674561403508768
262,1.9529824561403517
263,1.7585087719298247
264,1.6806140350877192
265,1.8220175438596489
266,1.6910526315789471
267,1.6187719298245618
268,1.5078070175438596
269,1.4885964912280703
270,1.2860526315789473
271,1.31859649122807
272,1.275263157894737
273,1.3369298245614034
274,1.3217543859649121
275,1.3144736842105262
276,1.402017543859649
277,1.0607894736842105
278,0.925
279,0.9466666666666664
280,0.915438596491228
281,0.9485964912280701
282,0.9510526315789471
283,1.038421052631579
284,0.9046491228070176
285,0.9843859649122806
286,0.9377192982456141
287,0.9366666666666666
288,0.7984210526315789
289,0.9081578947368422
290,0.791140350877193
291,0.7991228070175439
292,0.756140350877193
293,0.7892105263157896
294,0.7542105263157894
295,0.7394736842105264
296,0.7457894736842104
297,0.737017543859649
298,0.7935964912280702
299,0.7452631578947366
300,0.7935964912280702
301,0.8321052631578947
302,0.9296491228070174
303,1.0728070175438595
304,1.1717543859649122
305,1.1966666666666663
306,1.3470175438596486
307,1.3961403508771928
308,1.2224561403508774
309,1.3307017543859647
310,1.3444736842105263
311,1.593859649122807
312,1.6675438596491226
313,1.545438596491228
314,1.5167543859649122
315,1.3465789473684209
316,1.2881578947368422
317,1.276315789473684
318,1.2124561403508776
319,1.1813157894736839
320,1.1821929824561404
321,1.1886842105263158
322,1.2080701754385965
323,1.488859649122807
324,1.825789473684211
325,2.1685964912280706
326,2.298508771929825
327,2.622192982456141
328,2.8972807017543865
329,3.1432456140350875
330,3.135
331,2.649912280701755
332,2.5947368421052635
333,2.319561403508772
334,2.1327192982456147
335,2.011228070175439
336,2.1003508771929824
337,1.9875438596491228
338,2.1936842105263157
339,1.6857017543859654
340,1.987368421052632
341,2.163070175438597
342,2.000526315789474
343,2.0328070175438597
344,1.8608771929824561
345,2.037543859649123
346,2.177631578947369
347,2.2452631578947373
348,2.3574561403508776
349,2.3782456140350883
350,2.6202631578947373
351,2.9002631578947375
352,3.143859649122808
353,3.4099999999999997
354,3.202105263157895
355,3.11421052631579
356,3.13561403508772
357,3.124736842105264
358,3.115877192982457
359,3.525877192982457
360,3.797192982456141
361,3.7842105263157895
362,3.497456140350878
363,3.7508771929824563
364,3.7795614035087715
365,3.7907894736842107
366,3.7941228070175432
367,3.7834210526315792
368,3.5962280701754397
369,3.7574561403508766
370,3.711491228070176
371,3.738596491228069
372,3.5726315789473695
373,3.709122807017543
374,3.464824561403509
375,3.1286842105263166
376,3.1174561403508765
377,3.431052631578948
378,3.1077192982456143
379,3.2613157894736844
380,3.091052631578947
381,3.04780701754386
382,3.0458771929824553
383,3.06219298245614
384,3.2785964912280705
385,2.6319298245614036
386,2.8681578947368433
387,2.5911403508771933
388,2.5103508771929826
389,2.285263157894737
390,2.1532456140350877
391,2.1488596491228074
392,2.1941228070175436
393,2.315526315789474
394,2.2554385964912287
395,2.6329824561403514
396,2.8515789473684214
397,2.528245614035088
398,2.541315789473685
399,2.629649122807018
400,2.5474561403508775
401,2.292368421052632
402,2.148421052631579
403,2.095
404,2.006315789473684
405,1.8307894736842107
406,2.094385964912281
407,2.096491228070175
408,2.018333333333333
409,1.9890350877192982
410,2.096578947368421
411,2.1865789473684214
412,2.0034210526315794
413,1.9714035087719304
414,1.9685964912280707
415,1.9705263157894741
416,1.836578947368421
417,1.6862280701754386
418,1.8082456140350878
419,1.6616666666666668
420,1.5200000000000002
421,1.5061403508771931
422,1.6005263157894738
423,1.604561403508772
424,1.3806140350877192
425,1.4842105263157894
426,1.5451754385964913
427,1.4497368421052628
428,1.3693859649122806
429,1.3240350877192981
430,1.3192105263157892
431,1.3278947368421052
432,1.2025438596491231
433,1.2053508771929828
434,1.3145614035087718
435,1.2703508771929826
436,1.1092982456140348
437,1.1470175438596493
438,1.199122807017544
439,1.2010526315789474
440,1.1833333333333333
441,1.3615789473684206
442,1.2160526315789475
443,1.2949122807017543
444,1.4042105263157894
445,1.393421052631579
446,1.4050877192982454
447,1.4057894736842103
448,1.3647368421052628
449,1.5574561403508773
450,1.6628070175438594
451,1.6614035087719294
452,1.8557894736842107
453,1.8151754385964916
454,2.043245614035088
455,2.5159649122807015
456,2.9344736842105266
457,2.873333333333334
458,3.1380701754385973
459,3.008947368421053
460,2.936491228070176
461,2.96359649122807
462,2.936491228070176
463,3.6658771929824563
464,3.795877192982457
465,4.094385964912282
466,4.436052631578947
467,4.886491228070176
468,4.992719298245615
469,5.061754385964913
470,5.061754385964913
471,5.054035087719298
472,5.067719298245615
473,5.067719298245615
474,5.067719298245615
475,4.992894736842106
476,4.678070175438597
477,4.101842105263158
478,3.83140350877193
479,3.4621929824561413
480,3.3027192982456155
481,3.553070175438597
482,3.7524561403508767
483,3.750526315789473
484,3.805438596491227
485,3.374736842105264
486,3.3017543859649137
487,3.236929824561403
488,3.0671052631578943
489,2.824385964912281
490,2.627719298245615
491,2.2964035087719306
492,2.537368421052632
493,2.430877192982457
494,2.244298245614035
495,2.1491228070175437
496,1.9864912280701752
497,2.1426315789473684
498,2.1328070175438603
499,2.001842105263158
500,1.8246491228070176
501,1.7801754385964912
502,1.698421052631579
503,1.685087719298246
504,1.6413157894736843
505,1.6809649122807018
506,1.7721052631578946
507,1.6106140350877192
508,1.693157894736842
509,1.7696491228070172
510,1.7771052631578943
511,1.49859649122807
512,1.6658771929824563
513,1.484912280701754
514,1.3694736842105264
515,1.2928070175438595
516,1.3325438596491228
517,1.2074561403508772
518,1.1761403508771928
519,1.061315789473684
520,1.1749122807017542
521,1.0604385964912277
522,0.9815789473684209
523,1.0465789473684208
524,1.2657894736842106
525,1.14859649122807
526,1.0629824561403507
527,0.9506140350877191
528,1.0596491228070175
529,0.9837719298245612
530,0.9578070175438594
531,0.9074561403508772
532,0.9008771929824562
533,1.0640350877192981
534,1.1599122807017543
535,1.1836842105263155
536,1.3950877192982454
537,1.5250877192982455
538,1.7321929824561402
539,2.0615789473684214
540,2.1962280701754393
541,2.6629824561403512
542,2.936578947368421
543,3.4785964912280707
544,4.197543859649123
545,3.9751754385964913
546,4.492192982456141
547,4.4899122807017555
548,4.475701754385966
549,4.014122807017544
550,4.248070175438596
551,4.518684210526316
552,4.737105263157895
553,4.959298245614036
554,4.553245614035089
555,4.563947368421053
556,4.803421052631578
557,4.9652631578947375
558,4.700175438596491
559,4.072543859649122
560,3.8226315789473677
561,4.221842105263157
562,3.9604385964912288
563,3.840263157894736
564,3.808157894736842
565,3.7871052631578945
566,3.8007894736842105
567,3.8007894736842105
568,3.814035087719298
569,4.256228070175438
570,4.26359649122807
571,4.454736842105265
572,4.2859649122807015
573,3.828859649122808
574,4.043333333333333
575,4.309912280701755
576,3.95780701754386
577,4.4171929824561404
578,4.83
579,4.975701754385966
580,4.9109649122807015
581,4.996228070175439
582,5.092456140350878
583,4.6273684210526325
584,4.9385087719298255
585,5.038508771929825
586,5.078771929824562
587,5.086491228070177
588,5.092456140350878
589,5.092456140350878
590,5.092456140350878
591,5.092456140350878
592,5.092456140350878
593,5.01763157894737
594,4.948771929824561
595,4.549912280701755
596,4.0318421052631574
597,4.24421052631579
598,3.940087719298245
599,3.806929824561404
600,3.725526315789473
601,3.6860526315789475
602,3.549649122807018
603,3.5387719298245615
604,3.68719298245614
605,3.531754385964913
606,3.144649122807018
607,3.1994736842105262
608,2.9092982456140364
609,3.1249122807017535
610,3.4326315789473694
611,2.936491228070176
612,2.9231578947368417
613,2.5981578947368424
614,2.893245614035088
615,2.852192982456141
616,2.897192982456141
617,2.5981578947368424
618,2.5797368421052633
619,2.553157894736842
620,2.3104385964912284
621,2.2960526315789473
622,2.2881578947368424
623,2.246754385964913
624,2.1436842105263163
625,2.006842105263158
626,2.2735964912280706
627,2.3024561403508774
628,2.2878947368421056
629,2.1826315789473685
630,2.240175438596492
631,2.471929824561404
632,2.284385964912281
633,2.157456140350877
634,2.081052631578947
635,2.1966666666666663
636,2.2932456140350883
637,2.5721929824561407
638,2.284912280701755
639,2.298684210526316
640,2.2025438596491225
641,2.1013157894736847
642,2.1779824561403514
643,2.254385964912281
644,2.3169298245614036
645,2.118157894736842
646,2.105
647,2.0059649122807017
648,1.9874561403508775
649,1.8302631578947364
650,1.8344736842105265
651,1.9650000000000007
652,1.6607894736842106
653,1.6828070175438596
654,1.5101754385964914
655,1.4940350877192983
656,1.5020175438596495
657,1.5086842105263158
658,1.469035087719298
659,1.4931578947368418
660,1.6385964912280702
661,1.6994736842105265
662,1.7442982456140352
663,1.7764035087719299
664,1.661578947368421
665,1.6149122807017544
666,1.7121929824561404
667,2.047105263157895
668,2.0628070175438604
669,2.169298245614036
670,2.5385964912280703
671,2.3634210526315793
672,2.551842105263158
673,2.63280701754386
674,2.895438596491228
675,2.7187719298245616
676,3.082894736842106
677,2.7128947368421055
678,3.1111403508771933
679,3.364736842105264
680,3.4197368421052636
681,3.785350877192982
682,3.795877192982457
683,3.7941228070175432
684,4.268421052631579
685,4.2500877192982465
686,4.385087719298246
687,4.54640350877193
688,4.934298245614037
689,5.049561403508773
690,5.061754385964913
691,5.061754385964913
692,4.870526315789474
693,4.531666666666667
694,4.706842105263159
695,4.532280701754387
696,4.4640350877193
697,3.904649122807019
698,3.2105263157894735
699,3.5569298245614047
700,2.907631578947369
701,3.1575438596491234
702,3.062631578947369
703,2.9457017543859654
704,2.852719298245615
705,2.8895614035087718
706,2.5542105263157895
707,2.8616666666666677
708,2.5491228070175436
709,2.4733333333333336
710,2.4415789473684217
711,2.2527192982456143
712,2.156315789473685
713,2.2475438596491233
714,2.2110526315789474
715,2.2689473684210535
716,2.5313157894736844
717,2.3020175438596495
718,2.4979824561403507
719,2.2643859649122815
720,2.486315789473684
721,2.3143859649122813
722,2.584912280701755
723,2.3011403508771937
724,2.4944736842105266
725,2.8435964912280705
726,2.6451754385964916
727,2.8821052631578956
728,2.612719298245614
729,2.609473684210527
730,2.5650877192982455
731,2.642368421052632
732,2.6064912280701757
733,2.298771929824562
734,2.12701754385965
735,2.139649122807018
736,2.5452631578947367
737,2.0384210526315787
738,2.4843859649122804
739,2.61561403508772
740,2.9002631578947375
741,2.663947368421053
742,2.6892982456140353
743,3.1355263157894737
744,3.7474561403508773
745,3.7864035087719294
746,3.730263157894737
747,3.658333333333334
748,3.6139473684210537
749,3.773947368421053
750,3.7833333333333337
751,3.8324561403508777
752,4.211403508771931
753,4.285701754385966
754,3.897105263157895
755,3.7895614035087717
756,3.16078947368421
757,3.133684210526316
758,2.898684210526316
759,2.9092982456140364
760,2.677456140350877
761,2.90982456140351
762,2.4958771929824564
763,2.587105263157895
764,2.316578947368421
765,2.4394736842105265
766,2.2553508771929827
767,2.3040350877192988
768,2.179649122807018
769,2.1431578947368424
770,2.2936842105263167
771,2.277192982456141
772,2.219122807017544
773,2.1424561403508777
774,2.0039473684210525
775,2.029298245614035
776,2.0092105263157896
777,2.114035087719299
778,2.2900877192982465
779,2.000526315789474
780,1.984385964912281
781,1.853245614035088
782,1.7751754385964915
783,1.8404385964912289
784,1.6712280701754387
785,1.7167543859649121
786,1.8127192982456142
787,1.5766666666666667
788,1.405701754385965
789,1.2832456140350876
790,1.3225438596491228
791,1.3350877192982455
792,1.2821929824561404
793,1.214122807017544
794,1.3671929824561404
795,1.2630701754385965
796,1.2704385964912281
797,1.265438596491228
798,1.3344736842105263
799,1.1636842105263159
800,1.1128947368421054
801,1.265175438596491
802,1.1017543859649122
803,1.1828070175438592
804,1.2754385964912278
805,1.2785964912280703
806,1.2610526315789474
807,1.2750000000000001
808,1.1714912280701753
809,1.2031578947368422
810,1.2862280701754387
811,1.3407017543859647
812,1.4920175438596488
813,1.5544736842105262
814,1.7240350877192987
815,1.6871929824561402
816,1.721754385964912
817,1.6780701754385963
818,1.55219298245614
819,1.4600877192982455
820,1.536140350877193
821,1.477456140350877
822,1.4086842105263153
823,1.3873684210526316
824,1.3283333333333331
825,1.290438596491228
826,1.290263157894737
827,1.3747368421052635
828,1.3778947368421055
829,1.215438596491228
830,1.109298245614035
831,1.170087719298245
832,0.9531578947368419
833,0.94719298245614
834,0.9496491228070173
835,1.0450877192982455
836,1.044473684210526
837,1.0479824561403506
838,0.9407894736842103
839,0.9449999999999998
840,0.8970175438596493
841,0.9413157894736842
842,0.9115789473684213
843,0.9378947368421052
844,0.8442982456140351
845,0.9113157894736843
846,1.0602631578947368
847,0.9845614035087717
848,1.0266666666666664
849,0.9548245614035087
850,0.9015789473684211
851,0.8403508771929823
852,0.7133333333333332
853,0.6757894736842105
854,0.6617543859649123
855,0.6735964912280702
856,0.7887719298245613
857,0.9055263157894737
858,0.8477192982456139
859,0.9158771929824562
860,1.0414912280701754
861,1.0607017543859647
862,1.1592105263157895
863,1.2171929824561403
864,1.3009649122807017
865,1.651140350877193
866,1.8170175438596492
867,2.0490350877192984
868,2.346052631578948
869,2.598859649122807
870,2.9403508771929827
871,3.797192982456141
872,3.788684210526315
873,4.439736842105262
874,4.886491228070176
875,5.006403508771931
876,5.061754385964913
877,5.067719298245615
878,5.067719298245615
879,5.067719298245615
880,5.067719298245615
881,5.067719298245615
882,4.7198245614035095
883,4.597807017543861
884,4.493684210526317
885,4.377894736842106
886,4.558070175438597
887,4.569649122807018
888,4.49982456140351
889,4.457894736842106
890,4.464561403508774
891,4.790263157894737
892,4.538245614035089
893,4.584649122807018
894,4.636140350877193
895,4.828157894736841
896,4.984035087719299
897,5.0606140350877205
898,5.086491228070177
899,5.092456140350878
900,5.092456140350878
901,5.078771929824562
902,5.092456140350878
903,5.092456140350878
904,4.558245614035089
905,4.5285087719298245
906,4.503157894736844
907,4.457543859649124
908,4.390175438596493
909,4.516666666666667
910,4.666842105263158
911,4.857280701754386
912,5.014385964912282
913,5.086491228070177
914,5.086491228070177
915,4.916929824561404
916,5.002192982456141
917,4.597543859649124
918,4.942543859649123
919,4.700614035087721
920,4.086403508771929
921,4.238245614035088
922,3.940087719298245
923,4.274122807017544
924,3.954122807017543
925,4.166491228070176
926,4.372105263157894
927,4.018859649122807
928,4.295701754385964
929,3.969736842105263
930,3.6423684210526317
931,3.2440350877192983
932,3.439122807017545
933,3.155175438596491
934,3.469736842105265
935,3.7214912280701746
936,3.7956140350877194
937,3.824912280701754
938,3.756842105263157
939,4.250350877192981
940,3.931578947368421
941,3.774561403508771
942,3.5878070175438608
943,3.2511403508771934
944,3.1304385964912287
945,3.5679824561403515
946,3.1303508771929827
947,2.9293859649122806
948,3.0390350877192978
949,2.873333333333334
950,2.5563157894736843
951,2.911140350877194
952,2.6481578947368423
953,2.6044736842105265
954,2.644912280701755
955,2.6470175438596493
956,2.5999122807017545
957,2.820877192982456
958,2.886052631578948
959,2.812192982456141
960,2.540789473684211
961,2.5767543859649122
962,2.4644736842105264
963,2.300964912280702
964,2.2475438596491233
965,2.2463157894736843
966,2.3067543859649122
967,2.1149122807017546
968,1.9580701754385967
969,1.7547368421052632
970,1.7638596491228073
971,1.7089473684210523
972,1.7589473684210526
973,1.819561403508772
974,1.8010526315789472
975,1.682105263157895
976,1.6237719298245614
977,1.4568421052631575
978,1.558859649122807
979,1.5097368421052633
980,1.5114912280701756
981,1.4478070175438593
982,1.5093859649122805
983,1.4217543859649124
984,1.3799122807017543
985,1.2794736842105263
986,1.2065789473684214
987,1.170877192982456
988,1.1947368421052633
989,1.1912280701754387
990,1.1960526315789473
991,1.1978070175438595
992,1.17
993,1.066754385964912
994,1.0711403508771928
995,1.061578947368421
996,1.056315789473684
997,1.0521052631578944
998,0.9582456140350875
999,0.9449122807017544
1000,1.0559649122807013
1001,1.108421052631579
1002,1.2649122807017545
1003,1.193421052631579
1004,1.2669298245614036
1005,1.3340350877192981
1006,1.4549999999999998
1007,1.655
1008,1.5074561403508773
1009,1.4916666666666667
1010,1.3723684210526317
1011,1.3233333333333333
1012,1.1999122807017546
1013,1.1941228070175438
1014,1.2703508771929821
1015,1.1639473684210524
1016,1.0660526315789474
1017,1.1573684210526316
1018,1.175263157894737
1019,1.17
1020,1.2667543859649122
1021,1.1816666666666666
1022,1.3159649122807013
1023,1.2048245614035087
1024,1.3399999999999999
1025,1.296666666666667
1026,1.2736842105263162
1027,1.2746491228070176
1028,1.3340350877192981
1029,1.4799999999999998
1030,1.385877192982456
1031,1.627105263157895
1032,1.6924561403508773
1033,1.6411403508771933
1034,1.8456140350877193
1035,1.8331578947368423
1036,1.8267543859649125
1037,1.842105263157895
1038,1.9959649122807024
1039,2.140087719298246
1040,2.020263157894737
1041,2.0485964912280705
1042,2.04640350877193
1043,2.04280701754386
1044,2.3029824561403514
1045,2.2914035087719298
1046,2.589122807017544
1047,2.6192982456140355
1048,2.6299122807017556
1049,2.4928947368421053
1050,2.3148245614035092
1051,2.4541228070175443
1052,2.2461403508771935
1053,2.249385964912281
1054,2.3033333333333332
1055,2.3001754385964914
1056,2.5216666666666674
1057,2.555701754385965
1058,2.291842105263158
1059,2.285263157894737
1060,2.011228070175439
1061,1.9876315789473684
1062,2.1601754385964913
1063,1.9915789473684207
1064,1.9930701754385967
1065,2.012719298245614
1066,1.7968421052631585
1067,1.8277192982456139
1068,2.001140350877194
1069,2.022368421052632
1070,2.106842105263158
1071,2.1080701754385975
1072,2.207894736842106
1073,2.342543859649123
1074,2.3023684210526327
1075,2.321754385964913
1076,2.157982456140351
1077,1.9777192982456147
1078,1.6990350877192986
1079,1.6880701754385967
1080,1.7980701754385968
1081,1.9916666666666674
1082,2.174824561403509
1083,1.9789473684210535
1084,2.0150000000000006
1085,1.977894736842106
1086,2.1149122807017546
1087,1.9988596491228077
1088,2.463684210526316
1089,2.5141228070175443
1090,2.626315789473685
1091,2.5661403508771934
1092,2.480526315789474
1093,2.5579824561403517
1094,2.2887719298245615
1095,2.589561403508773
1096,2.3055263157894736
1097,2.482543859649123
1098,2.1439473684210526
1099,2.529298245614035
1100,2.5986842105263164
1101,2.674561403508773
1102,2.925438596491228
1103,2.6764035087719305
1104,2.854473684210527
1105,3.1093859649122813
1106,2.6375438596491234
1107,2.5841228070175437
1108,2.9380701754385963
1109,2.9400877192982455
1110,2.9152631578947372
1111,3.131140350877194
1112,3.529210526315791
1113,3.579298245614036
1114,3.7385964912280705
1115,3.73359649122807
1116,3.1658771929824567
1117,3.410350877192983
1118,3.123947368421053
1119,2.864473684210527
1120,2.891140350877193
1121,2.567105263157895
1122,2.6307017543859654
1123,2.6316666666666673
1124,2.586929824561404
1125,3.0835087719298238
1126,3.082894736842105
1127,3.1170175438596495
1128,3.1789473684210527
1129,3.1837719298245615
1130,3.1308771929824566
1131,2.8951754385964925
1132,2.6662280701754395
1133,2.3028947368421053
1134,2.288245614035088
1135,2.251666666666667
1136,2.284736842105264
1137,2.309473684210527
1138,2.474561403508772
1139,2.468070175438597
1140,2.547105263157895
1141,2.5457017543859655
1142,2.3029824561403514
1143,2.575
1144,2.2825438596491234
1145,2.20359649122807
1146,2.306929824561404
1147,2.177017543859649
1148,2.006315789473684
1149,2.207631578947368
1150,2.19298245614035
1151,1.991315789473684
1152,2.103859649122807
1153,2.125789473684211
1154,1.9791228070175442
1155,1.9720175438596492
1156,2.1272807017543864
1157,2.2764035087719305
1158,2.020964912280702
1159,2.1390350877192987
1160,2.3088596491228075
1161,2.28140350877193
1162,2.5567543859649122
1163,2.647192982456141
1164,2.907280701754386
1165,3.189561403508772
1166,3.53719298245614
1167,3.4309649122807024
1168,3.1252631578947376
1169,3.1749122807017547
1170,3.7621929824561398
1171,4.057105263157895
1172,4.5546491228070165
1173,4.896754385964913
1174,5.018596491228071
1175,5.061754385964913
1176,5.067719298245615
1177,5.067719298245615
1178,5.067719298245615
1179,5.067719298245615
1180,5.067719298245615
1181,5.067719298245615
1182,5.067719298245615
1183,5.067719298245615
1184,5.0805263157894744
1185,5.0805263157894744
1186,5.092456140350878
1187,5.092456140350878
1188,5.0805263157894744
1189,5.0805263157894744
1190,5.092456140350878
1191,5.092456140350878
1192,5.092456140350878
1193,5.092456140350878
1194,5.092456140350878
1195,5.092456140350878
1196,5.092456140350878
1197,5.078771929824562
1198,5.092456140350878
1199,5.092456140350878
1200,5.092456140350878
1201,5.092456140350878
1202,5.092456140350878
1203,5.092456140350878
1204,4.730877192982456
1205,4.543245614035089
1206,4.585614035087721
1207,4.628245614035087
1208,4.501403508771931
1209,4.562631578947369
1210,4.501403508771931
1211,3.6764035087719305
1212,3.3469298245614048
1213,3.5600000000000005
1214,3.2624561403508774
1215,2.9148245614035093
1216,3.4871052631578956
1217,3.120087719298246
1218,3.5231578947368423
1219,3.9695614035087714
1220,3.490701754385966
1221,3.4931578947368425
1222,3.5321052631578964
1223,3.7334210526315776
1224,3.5557017543859657
1225,3.2227192982456145
1226,3.143771929824561
1227,2.903070175438597
1228,3.541052631578948
1229,3.115350877192982
1230,3.1300877192982455
1231,3.122280701754386
1232,3.167543859649122
1233,2.9197368421052627
1234,3.0914912280701756
1235,2.887456140350878
1236,2.8839473684210533
1237,2.128070175438597
1238,2.6220175438596494
1239,3.104473684210526
1240,3.1085087719298246
1241,3.1172807017543858
1242,3.261929824561404
1243,3.093947368421053
1244,3.2646491228070174
1245,3.430350877192983
1246,2.9979824561403507
1247,3.127017543859649
1248,3.129035087719299
1249,3.2514912280701753
1250,3.3966666666666674
1251,2.9460526315789473
1252,3.100350877192983
1253,2.9020175438596496
1254,3.081666666666667
1255,2.9184210526315786
1256,2.731666666666667
1257,2.951140350877193
1258,2.5842982456140353
1259,2.6113157894736845
1260,2.628421052631579
1261,2.868508771929825
1262,2.595175438596492
1263,2.596228070175439
1264,2.3211403508771933
1265,2.2978947368421063
1266,2.160526315789474
1267,2.2016666666666667
1268,2.135087719298246
1269,1.8616666666666666
1270,2.3278947368421052
1271,2.649561403508772
1272,2.905175438596492
1273,2.899912280701755
1274,3.1457894736842102
1275,2.9062280701754393
1276,2.669473684210527
1277,3.1702631578947376
1278,2.9367543859649126
1279,3.167368421052631
1280,2.9819298245614037
1281,3.5835087719298246
1282,3.845789473684211
1283,4.291403508771931
1284,4.441140350877194
1285,4.47421052631579
1286,4.496842105263159
1287,4.481578947368423
1288,4.5485964912280705
1289,4.844736842105264
1290,4.628070175438598
1291,4.6957894736842105
1292,4.810263157894737
1293,4.702368421052632
1294,4.969561403508773
1295,4.503947368421055
1296,3.7750000000000004
1297,3.4569298245614037
1298,3.1132456140350864
1299,3.0877192982456134
1300,2.740438596491228
1301,2.821315789473685
1302,2.4670175438596496
1303,2.2045614035087717
1304,2.0157017543859648
1305,2.5826315789473693
1306,2.5561403508771927
1307,2.447982456140351
1308,2.3071052631578954
1309,2.32842105263158
1310,2.3567543859649125
1311,2.344122807017545
1312,2.2778947368421054
1313,2.1425438596491233
1314,2.0000000000000004
1315,1.8385087719298243
1316,2.0934210526315793
1317,2.194298245614035
1318,2.8220175438596495
1319,2.6358771929824574
1320,2.664473684210527
1321,2.550438596491228
1322,2.5094736842105267
1323,2.674561403508773
1324,2.9167543859649125
1325,2.9184210526315786
1326,2.914473684210527
1327,2.8965789473684214
1328,2.606842105263158
1329,2.5875438596491236
1330,2.44421052631579
1331,2.085350877192982
1332,2.129561403508772
1333,1.8399999999999999
1334,1.9999122807017546
1335,1.9931578947368422
1336,2.1074561403508776
1337,2.3261403508771936
1338,2.580350877192983
1339,2.6247368421052637
1340,2.887719298245615
1341,2.9130701754385973
1342,3.159122807017544
1343,3.326140350877193
1344,3.77719298245614
1345,3.6525438596491235
1346,3.47482456140351
1347,3.727719298245615
1348,3.7499122807017535
1349,3.792017543859649
1350,4.110877192982456
1351,4.46780701754386
1352,4.473070175438598
1353,4.630701754385965
1354,4.959298245614036
1355,5.049561403508773
1356,5.061754385964913
1357,5.061754385964913
1358,5.067719298245615
1359,5.067719298245615
1360,5.067719298245615
1361,5.0805263157894744
1362,5.0805263157894744
1363,5.092456140350878
1364,5.092456140350878
1365,5.092456140350878
1366,5.092456140350878
1367,5.092456140350878
1368,5.092456140350878
1369,5.092456140350878
1370,5.092456140350878
1371,5.092456140350878
1372,5.092456140350878
1373,5.092456140350878
1374,5.092456140350878
1375,4.977894736842106
1376,4.792368421052632
1377,5.002192982456141
1378,5.00543859649123
1379,5.050701754385965
1380,5.092456140350878
1381,5.077719298245615
1382,5.065263157894738
1383,4.71701754385965
1384,4.840350877192981
1385,4.714298245614034
1386,4.543245614035089
1387,4.21640350877193
1388,4.436491228070176
1389,4.48561403508772
1390,4.555263157894737
1391,4.856228070175438
1392,4.4664912280701765
1393,4.536403508771929
1394,4.333947368421053
1395,3.9545614035087717
1396,3.7426315789473676
1397,3.4368421052631586
1398,3.575789473684211
1399,3.6720175438596487
1400,3.1553508771929826
1401,3.2073684210526316
1402,3.4697368421052635
1403,3.4477192982456146
1404,3.7143859649122803
1405,3.2011403508771927
1406,3.264298245614035
1407,3.216929824561404
1408,3.1520175438596496
1409,2.9621052631578952
1410,2.808245614035088
1411,3.1174561403508774
1412,2.7146491228070184
1413,2.806140350877194
1414,2.8913157894736847
1415,2.864122807017545
1416,2.549298245614035
1417,2.8913157894736847
1418,2.5080701754385966
1419,2.5825438596491233
1420,2.297982456140351
1421,2.3150877192982455
1422,2.175701754385965
1423,2.249473684210526
1424,2.130263157894737
1425,2.0786842105263155
1426,1.8184210526315787
1427,1.8076315789473687
1428,1.824473684210526
1429,1.9790350877192986
1430,1.8545614035087716
1431,2.085087719298246
1432,1.8500877192982452
1433,1.7885087719298247
1434,1.8244736842105262
1435,2.0933333333333337
1436,1.8592105263157892
1437,2.1065789473684213
1438,1.8817543859649124
1439,2.2183333333333333
1440,2.493157894736842
1441,2.5055263157894734
1442,2.6025438596491233
1443,2.605175438596492
1444,2.67201754385965
1445,2.5978070175438606
1446,2.9062280701754393
1447,2.6426315789473693
1448,2.481666666666667
1449,2.5588596491228075
1450,2.2864035087719303
1451,2.435526315789475
1452,2.2618421052631583
1453,2.245614035087719
1454,2.0301754385964905
1455,1.9714912280701753
1456,2.0945614035087723
1457,1.958070175438597
1458,1.845438596491228
1459,1.9978947368421058
1460,2.1107017543859654
1461,1.997280701754386
1462,1.6953508771929828
1463,1.9768421052631586
1464,1.987456140350878
1465,1.9920175438596501
1466,1.9901754385964916
1467,2.0077192982456147
1468,2.2096491228070168
1469,1.97701754385965
1470,2.005000000000001
1471,1.8478070175438595
1472,1.8483333333333334
1473,1.6979824561403511
1474,1.765
1475,1.6192105263157897
1476,1.5115789473684211
1477,1.6339473684210526
1478,1.6593859649122809
1479,1.574736842105263
1480,1.4989473684210524
1481,1.5198245614035086
1482,1.2935964912280702
1483,1.3268421052631576
1484,1.3225438596491228
1485,1.285701754385965
1486,1.4130701754385961
1487,1.284561403508772
1488,1.1485087719298246
1489,1.0571929824561401
1490,1.0751754385964913
1491,1.0710526315789473
1492,1.088421052631579
1493,1.365
1494,1.7040350877192985
1495,2.0501754385964914
1496,1.8319298245614033
1497,2.015877192982457
1498,3.1600000000000006
1499,3.2331578947368427
1500,3.506403508771931
1501,3.7555263157894734
1502,3.833070175438596
1503,3.7856140350877183
1504,3.777719298245614
1505,4.251403508771929
1506,4.434649122807019
1507,4.523333333333334
1508,4.959298245614036
1509,5.049561403508773
1510,4.947192982456141
1511,4.988157894736843
1512,5.054035087719298
1513,5.054035087719298
1514,4.778421052631579
1515,4.977456140350878
1516,5.055526315789475
1517,5.067719298245615
1518,5.061754385964913
1519,5.092456140350878
1520,5.092456140350878
1521,5.092456140350878
1522,5.092456140350878
1523,5.092456140350878
1524,5.078771929824562
1525,4.852280701754387
1526,4.840350877192981
1527,4.990000000000001
1528,5.066578947368422
1529,4.633508771929826
1530,4.337368421052632
1531,3.837631578947369
1532,3.804298245614035
1533,3.4690350877192984
1534,3.5349122807017546
1535,3.1592982456140355
1536,2.908947368421053
1537,2.895789473684211
1538,3.0603508771929824
1539,3.0864035087719297
1540,2.6400000000000006
1541,3.1200877192982452
1542,2.64280701754386
1543,2.450175438596492
1544,2.5515789473684207
1545,2.250087719298246
1546,2.1957894736842105
1547,2.248421052631579
1548,2.090087719298245
1549,1.9890350877192982
1550,1.8360526315789472
1551,1.8254385964912285
1552,1.797280701754386
1553,1.6160526315789474
1554,1.833684210526316
1555,1.6169298245614037
1556,1.6394736842105264
1557,1.838684210526316
1558,1.6343859649122807
1559,1.8394736842105266
1560,2.062894736842105
1561,1.991228070175439
1562,2.00780701754386
1563,1.8031578947368418
1564,1.8142105263157895
1565,1.7232456140350874
1566,1.8198245614035091
1567,1.833421052631579
1568,1.993333333333334
1569,1.978070175438597
1570,1.9933333333333336
1571,2.015526315789474
1572,2.015526315789474
1573,1.818421052631579
1574,1.9904385964912288
1575,1.6576315789473683
1576,1.822982456140351
1577,1.7816666666666672
1578,1.9766666666666672
1579,1.7193859649122805
1580,1.6973684210526316
1581,1.8290350877192982
1582,1.6455263157894737
1583,1.705614035087719
1584,1.6330701754385968
1585,1.5009649122807016
1586,1.6113157894736843
1587,1.3787719298245609
1588,1.2978070175438599
1589,1.5460526315789471
1590,1.6135964912280703
1591,1.8124561403508774
1592,1.8639473684210524
1593,2.1658771929824567
1594,2.173070175438597
1595,2.2584210526315793
1596,2.3851754385964914
1597,2.3914912280701754
1598,2.6851754385964917
1599,3.1253508771929828
1600,3.18780701754386
1601,3.4785964912280707
1602,3.501228070175439
1603,3.263070175438596
1604,3.7355263157894747
1605,3.7417543859649127
1606,3.2828070175438606
1607,3.1264912280701758
1608,3.1221052631578945
1609,3.1052631578947363
1610,3.0800877192982457
1611,3.5985964912280703
1612,3.7177192982456138
1613,3.5600000000000005
1614,3.0835087719298246
1615,3.06640350877193
1616,3.1149999999999993
1617,3.7295614035087725
1618,3.8038596491228063
1619,4.231052631578947
1620,4.839649122807019
1621,5.031140350877194
1622,4.738596491228071
1623,4.51359649122807
1624,4.471403508771932
1625,3.977719298245615
1626,3.618070175438597
1627,3.724736842105263
1628,4.156491228070177
1629,3.508070175438596
1630,3.7813157894736844
1631,3.5340350877192988
1632,3.655
1633,3.5361403508771936
1634,3.143421052631579
1635,2.8744736842105265
1636,2.8688596491228076
1637,2.88921052631579
1638,2.6378947368421057
1639,2.4778947368421056
1640,2.5906140350877194
1641,2.580526315789474
1642,2.8931578947368424
1643,2.897192982456141
1644,2.8735087719298256
1645,2.8788596491228082
1646,2.67359649122807
1647,2.6479824561403507
1648,2.6781578947368425
1649,3.1415789473684215
1650,3.153070175438596
1651,3.540701754385966
1652,3.452192982456141
1653,2.296929824561404
1654,2.4597368421052637
1655,2.208333333333333
1656,2.118947368421053
1657,1.8580701754385966
1658,2.0091228070175444
1659,2.206842105263158
1660,2.2611403508771937
1661,2.288684210526316
1662,2.03219298245614
1663,2.2042105263157894
1664,2.1250877192982465
1665,2.0726315789473686
1666,2.189035087719298
1667,2.068947368421053
1668,1.847456140350877
1669,1.8131578947368423
1670,1.8102631578947366
1671,1.9701754385964922
1672,1.8249122807017544
1673,1.803947368421053
1674,1.9928947368421057
1675,1.7328070175438597
1676,1.8321929824561403
1677,1.7921929824561407
1678,1.7084210526315786
1679,1.6951754385964914
1680,1.5424561403508772
1681,1.6557894736842105
1682,1.825438596491228
1683,1.6846491228070175
1684,1.6749122807017545
1685,1.5110526315789474
1686,1.5438596491228072
1687,1.5455263157894736
1688,1.6128070175438598
1689,1.337017543859649
1690,1.4210526315789471
1691,1.9852631578947373
1692,2.043070175438597
1693,2.220701754385965
1694,2.3063157894736843
1695,2.6883333333333335
1696,2.954999999999999
1697,2.693070175438597
1698,2.615701754385966
1699,2.6205263157894745
1700,2.2628947368421053
1701,2.1432456140350875
1702,2.272631578947369
1703,2.3142982456140353
1704,2.3031578947368416
1705,2.1216666666666675
1706,2.0062280701754394
1707,1.805175438596491
1708,1.6474561403508774
1709,1.4764035087719292
1710,1.6559649122807019
1711,1.6437719298245612
1712,1.7707017543859653
1713,1.8233333333333335
1714,2.002280701754387
1715,2.0472807017543864
1716,2.5809649122807024
1717,2.6590350877192988
1718,2.718070175438597
1719,3.1012280701754387
1720,3.1878947368421047
1721,3.175964912280702
1722,3.1347368421052635
1723,3.607982456140352
1724,3.853859649122807
1725,3.749824561403509
1726,3.7985087719298245
1727,4.334561403508773
1728,4.570964912280702
1729,4.934298245614037
1730,5.049561403508773
1731,5.061754385964913
1732,5.061754385964913
1733,4.953157894736843
1734,4.979385964912281
1735,5.040526315789475
1736,4.952105263157895
1737,4.718508771929824
1738,4.990263157894737
1739,4.7204385964912285
1740,4.828421052631579
1741,4.745614035087719
