,0
0,1.2051010060810874
1,1.212651197631509
2,1.3034145902939474
3,1.3488974989160907
4,1.2847903715154825
5,1.3056661952905861
6,1.318809937353284
7,1.4171935129662452
8,1.5420093790730753
9,1.41501127588776
10,1.410650944198588
11,1.4994173386922942
12,1.4338942316440353
13,1.550307166497436
14,1.3362518318796521
15,1.4302424744862279
16,1.3308479744356785
17,1.4264472395827437
18,1.5162205062146956
19,1.424943102493786
20,1.633374507242845
21,1.2621940043794144
22,1.3099688812166577
23,1.2710115497195087
24,1.2732873748238143
25,1.2562543217243345
26,1.3265486706962617
27,1.3115046486563429
28,1.234090670357237
29,1.1597168189514957
30,1.2159509600179976
31,1.1247735674304735
32,1.0206104548882287
33,1.023554955930755
34,0.980134780205094
35,0.9250358059390982
36,0.9770656395876901
37,0.9869818351191848
38,0.9392206484544355
39,0.9776655612909845
40,1.005148772334267
41,1.0687791746178044
42,1.2036621636396958
43,1.2185932807833553
44,1.259653064590513
45,1.307764193022065
46,1.2446210119541246
47,1.2249852828852952
48,1.2126621176308383
49,1.16665835593966
50,1.2162406560429193
51,1.2943670473373041
52,1.3005183363908512
53,1.4263542794785484
54,1.5710976787089108
55,1.5902029127884985
56,1.8118789474954011
57,1.9991313664004158
58,2.1900600380056527
59,2.2666518411396233
60,2.7622915036664812
61,3.2436508369030976
62,3.8323406156967637
63,4.16567513531475
64,4.221411074643325
65,4.387064558317321
66,4.774067027511389
67,5.28482079671806
68,5.862576583214276
69,5.272051073160093
70,5.746605605736539
71,5.277808003272963
72,5.620047217974627
73,5.862576583214276
74,5.862576583214276
75,5.862576583214276
76,5.862576583214276
77,5.862576583214276
78,5.862576583214276
79,5.862576583214276
80,5.862576583214276
81,5.862576583214276
82,5.862576583214276
83,5.862576583214276
84,5.862576583214276
85,5.862576583214276
86,5.862576583214276
87,5.862576583214276
88,5.862576583214276
89,5.862576583214276
90,5.862576583214276
91,5.862576583214276
92,5.862576583214276
93,5.862576583214276
94,5.438778487714397
95,5.285945238815771
96,5.257860730791548
97,5.14475981943568
98,4.472460705682937
99,4.457757311219603
100,4.237622747181126
101,3.9504517234502003
102,3.719732956600065
103,3.2483557442702753
104,3.5547329216576045
105,3.3690974862802894
106,3.4971424886105775
107,3.4818359921636763
108,3.3069236611202864
109,3.4042640133450943
110,3.479063581775751
111,3.5175070357676193
112,3.4908234117535075
113,3.534590392068306
114,3.327106664889771
115,3.394505808107387
116,3.49735276905651
117,3.483768212716831
118,3.4956357243446514
119,3.5340214700345465
120,3.346459971424352
121,3.3728724015371814
122,3.4648059277794148
123,3.4846822238138473
124,2.9869594888384072
125,2.7249323181061693
126,2.5806430720387943
127,2.2428086686404405
128,2.2697778152336485
129,2.065828848505586
130,2.018876126377049
131,1.8443451983357397
132,1.8148410772275327
133,1.6213119402650822
134,1.5489981053079982
135,1.6560344836576728
136,1.5084549504651763
137,1.4995866627176409
138,1.496423695685755
139,1.373226173413775
140,1.3195200687666038
141,1.4091801459574538
142,1.4183621136230011
143,1.4179898517218894
144,1.4685425590699335
145,1.4765935571357924
146,1.5158962663710016
147,1.6573012550244208
148,1.91364497301207
149,2.0017710857334032
150,2.3155959330663585
151,2.872350571000499
152,2.9342774598086447
153,3.5231482624226005
154,3.7618986465103434
155,4.028918223314245
156,4.537710369510196
157,4.569849667683775
158,4.553742249273786
159,4.6615598337689805
160,5.257421909662926
161,5.854699780416838
162,5.286940669402631
163,5.748725478421109
164,5.223755129369812
165,5.233375352876599
166,5.43189711550382
167,5.862576583214276
168,5.862576583214276
169,5.862576583214276
170,5.862576583214276
171,5.862576583214276
172,5.862576583214276
173,5.257860730791548
174,5.249983927994112
175,5.682636071096652
176,5.318560731861083
177,5.433021557601529
178,5.473978688535253
179,5.862576583214276
180,5.748725478421109
181,5.748725478421109
182,5.280188308702901
183,5.280188308702901
184,4.554552552909039
185,4.012395618387049
186,4.454164983135531
187,4.426284812867102
188,3.961574104929058
189,3.9995329997730016
190,4.565167909568407
191,4.1259135450364415
192,5.150037608451787
193,4.443424106207833
194,4.7178050235035665
195,3.985919281284797
196,3.783085193818127
197,3.2993026929141425
198,3.9223362092631184
199,3.584416337770445
200,3.1575047568082986
201,3.2852728335934156
202,2.917623405406755
203,3.2759275331966315
204,3.257553222993258
205,3.501083849534127
206,3.3518051242953613
207,3.352094824013632
208,2.910156287062828
209,3.07969962254138
210,2.9206868857200723
211,2.748759785332054
212,2.891378148108568
213,2.606861490521197
214,2.6154806408169526
215,2.8513099520080134
216,2.727732479490511
217,3.0455053815904964
218,3.10426113725652
219,2.9142849467251737
220,3.014666793945676
221,2.550912451991501
222,2.4631423229162115
223,2.607938769228089
224,2.4142395824465877
225,2.600873917480525
226,2.4490011919288284
227,2.500113020719751
228,2.608124355247009
229,2.606271965326822
230,2.4439020211674305
231,2.567180741309161
232,2.6024282773041336
233,2.3533447438961406
234,2.3143280201818857
235,2.3125131044571714
236,2.228245589101787
237,2.0414673974960915
238,2.0202365822351216
239,1.789237057926885
240,1.6956386418477218
241,1.8543460169127297
242,2.0089223373683818
243,1.859695110944073
244,1.704768574798935
245,1.5939083006603763
246,1.5331934101875746
247,1.4826824810552819
248,1.402954534296043
249,1.4006520067247505
250,1.2781899823173912
251,1.3043353929088033
252,1.4092839059959301
253,1.3501668649966072
254,1.390433963585241
255,1.4165883544355014
256,1.3586909072086546
257,1.1309971183732648
258,1.1152361869585352
259,1.0630999166928783
260,1.135427069078551
261,1.2391649881830333
262,1.430392878757301
263,1.4579675647628219
264,1.8082730786620094
265,2.2570817831550394
266,2.6805855777380097
267,3.084840606914767
268,3.4792752544347403
269,3.3567028854422767
270,3.0890083242743667
271,3.036563615110411
272,2.8816195642583304
273,2.6187695616500735
274,2.631977626032491
275,2.5692252764561467
276,2.6831845284677183
277,2.6078639283355027
278,3.217375432640788
279,2.9035458912911345
280,3.0952817454779438
281,2.62222509960481
282,2.4254263947577193
283,2.4597123059612276
284,2.3625725221926848
285,2.051597915590034
286,1.8957367469652677
287,2.18433958896422
288,2.221248405532891
289,2.4652141448850284
290,2.2610485617979954
291,2.437377471975891
292,2.2750712102883592
293,2.242466531172838
294,2.2801711193697622
295,2.103973650507698
296,2.033907558143359
297,1.8671207471764624
298,2.1059009600428626
299,2.228498330448757
300,2.23358538773647
301,2.0606870427888735
302,2.0449691277415782
303,2.1911282993745127
304,2.0743329159428106
305,1.982123465191828
306,1.953824065822113
307,1.6556931841028775
308,1.7130450463275362
309,1.638494420924337
310,1.5698788040819558
311,1.5354373144623905
312,1.5331734227900995
313,1.659864701628752
314,1.5670793456174243
315,1.6250368579806207
316,1.5108834227290464
317,1.5126670754084668
318,1.2546084031611993
319,1.1256349974688973
320,1.2134532005469745
321,1.3424515291319328
322,1.381724243179748
323,1.4683439056956946
324,1.4688907435365222
325,1.625890405918865
326,1.7127286304422604
327,1.6856209704101652
328,1.6848274943011776
329,1.577422171660423
330,1.513480125623565
331,1.4048938956940684
332,1.4452481574159386
333,1.707409831495318
334,1.8807821999602583
335,1.8812898634461583
336,2.035963323100995
337,2.0090060463864163
338,2.291644200769666
339,2.279694093359714
340,2.077712503459199
341,1.77643353990263
342,2.079148893866949
343,1.8600007752739378
344,1.7846305248059693
345,1.8319439650773237
346,1.7124493450646494
347,1.722219508882591
348,1.706357393044954
349,1.8543449215325734
350,1.751174338641103
351,1.7141552565193707
352,1.8442839834746558
353,1.8466930303854237
354,1.8548748709172422
355,1.9882902091213825
356,1.97735293650006
357,1.8967032693742631
358,1.98094340058642
359,1.9864246326848785
360,1.984290983790576
361,1.8974747331497817
362,1.8498023448268262
363,2.0515126331573437
364,1.9881712696144969
365,1.9939120168058257
366,1.952534929622732
367,2.057424053624944
368,2.191198145294515
369,2.2291745544589876
370,2.1822284320771335
371,2.1943252402832276
372,2.3238863708265796
373,2.1309527533411345
374,2.4196033277986206
375,2.3464860706361894
376,2.454295911676995
377,2.5743767857106636
378,2.714619700563931
379,2.741660330629024
380,2.437374372705583
381,2.3864633648827014
382,2.248214782844548
383,2.4494411628793746
384,2.4504534701898946
385,2.6421726789413644
386,2.7096298314872307
387,3.054417774542916
388,3.306682627160956
389,3.5133834675852618
390,3.337559498694786
391,3.524571096413227
392,3.501724829666033
393,3.2468933311564667
394,3.0765748405393807
395,3.0095275846239327
396,2.9111541138457917
397,3.018504759930334
398,2.891458478544657
399,2.89634892421316
400,3.039390400984562
401,3.06168859398684
402,3.298858452067904
403,3.183453919878788
404,3.3214726159871026
405,3.3214726159871026
406,3.269694797756623
407,3.3182251711319437
408,3.6163271418217673
409,3.340107827110073
410,3.272904418363731
411,3.1092375973648325
412,3.1052592271770387
413,3.561955994293444
414,3.3583869789808336
415,3.290018759309869
416,3.5046710357318713
417,3.1603188050279867
418,3.1553662288170488
419,2.8676335575204273
420,3.2087785833887494
421,3.0437034982085347
422,3.1260863632662694
423,2.890039877265082
424,2.730863304835619
425,2.8717365830904424
426,2.841709758467163
427,2.834722827954392
428,2.4579336864479564
429,2.4145104908400157
430,2.3127678662558435
431,2.3257323979914344
432,2.2050345049946762
433,2.2472580474267385
434,2.0685152887241585
435,2.138666005818203
436,2.314487113095613
437,2.100057908247306
438,2.0747470478611985
439,2.041720408887382
440,2.089471410886891
441,2.0267199382624064
442,1.9750073610963585
443,1.7087380203445621
444,1.6528383074519197
445,1.8591487830570157
446,1.664358146216071
447,1.7544340116435502
448,1.74543302462306
449,1.889115614278742
450,1.8021637041456189
451,1.910702345088084
452,1.8818617155206765
453,1.794165462256592
454,1.668609216015587
455,1.5563325762770321
456,1.4966719795415522
457,1.4483218512555793
458,1.4703921601181855
459,1.242224487290466
460,1.242345435584056
461,1.4060270499408576
462,1.3685295735706158
463,1.3451543290140697
464,1.4401965975126627
465,1.4585880869199424
466,1.427451230321178
467,1.319024162792
468,1.12937668527872
469,1.1484447515032863
470,1.0403733850927694
471,1.072019677719178
472,1.1223247025433323
473,1.1257648069816146
474,1.136797976294181
475,1.1053352802122909
476,1.1540468016139231
477,1.2193767765809924
478,1.2088456551707938
479,1.4221144319275758
480,1.3170926644966179
481,1.2233015454121807
482,1.316210185862644
483,1.196962511578091
484,1.191043639964127
485,1.2247014395782052
486,1.4958691625264553
487,1.6080060033049794
488,1.5901989638111942
489,1.6642593516053177
490,1.5725877055160922
491,1.542645561462243
492,1.509824381629209
493,1.3574168280916972
494,1.3579701581246397
495,1.4434757148608868
496,1.491621727259871
497,1.5180461670864114
498,1.5216003596868741
499,1.7759231711591263
500,1.9002002391740078
501,2.3877579048330855
502,2.463458829354581
503,2.2524734850696944
504,2.246953929382471
505,2.055348335570183
506,1.897744009662745
507,2.2237269943579396
508,1.8973146534870784
509,2.0477382209859574
510,2.114379272918235
511,2.047067959672877
512,2.24403208361162
513,2.361912357549361
514,2.4499745130751767
515,2.257435344564001
516,2.1112525042923638
517,2.3546215620958386
518,2.247253383422001
519,2.4111977360044072
520,2.466549871663759
521,2.7303874940046855
522,2.8360391326222185
523,3.23509125560207
524,3.110709107835996
525,3.629870371551675
526,4.276079893941885
527,3.8418709914949103
528,3.6667341103104913
529,3.7036522120373676
530,4.144926374087806
531,4.151683459268657
532,4.174321935903097
533,4.151683459268657
534,4.655894007850304
535,4.634069680691371
536,5.2567362886938405
537,5.219735848705184
538,4.813910189572984
539,4.608394431978602
540,3.864937008459769
541,4.119392400712575
542,4.011818606392003
543,3.6763564194331027
544,4.016814045180545
545,3.8536155991445114
546,4.257420675757763
547,4.060422990594165
548,4.547778641695337
549,4.095692970545013
550,3.990714357985078
551,3.665105211192243
552,3.2937687783220833
553,2.8495825912198054
554,2.6573463021359687
555,2.515543464158127
556,2.6425823423493116
557,2.6173287033164963
558,2.837351225324274
559,2.8112470704010475
560,2.6559026654132385
561,2.8820483262973786
562,2.884196848884308
563,3.0328868274895506
564,3.187202341168902
565,2.644522299509238
566,2.846989498506807
567,2.5211988728007064
568,2.3759765012888234
569,2.2674238696527556
570,2.492126513707368
571,2.4862714976575075
572,2.4923506549305654
573,2.4561864832464497
574,2.5977979732463132
575,2.7428234639493776
576,2.8208808645231547
577,3.1579737292265517
578,3.351754517736311
579,4.5296091997741685
580,4.63172419760935
581,4.598974965878292
582,4.103806653078801
583,5.041939548910138
584,5.173924925810905
585,4.088536373064658
586,4.550646047717568
587,4.592871311874172
588,4.587660048349656
589,4.581091822475235
590,4.1188832167446146
591,4.081772722678459
592,4.188478071895109
593,4.083856855901506
594,3.5593939586934327
595,3.584274534262006
596,3.336761722628366
597,3.342721547416767
598,3.2257900868941594
599,3.258187334063435
600,3.1379620734430476
601,3.4900108513119497
602,3.9612087647629792
603,3.9632184339747387
604,3.534613569429824
605,2.90820418220879
606,2.8248241335795954
607,2.9889181835870224
608,3.213410223920953
609,3.1419959153399875
610,3.246814415021157
611,3.541356542861294
612,3.5286559454609336
613,3.527500635911179
614,3.103775445466419
615,3.3238142654302245
616,3.1478459067529627
617,3.140233063997388
618,3.068526524748007
619,3.003312658212791
620,3.2241317720137475
621,3.5108779393073193
622,3.5096274968915537
623,3.7327969100647986
624,3.5245715843570204
625,3.5066470687260103
626,3.050971471861343
627,3.170959639054193
628,2.8600768123047704
629,2.8962745038728372
630,2.832315819525877
631,2.5981720346777486
632,2.9552543904989688
633,2.8687593659760684
634,3.113562309144414
635,3.3479984746467535
636,3.4889570709633078
637,3.546682078862394
638,3.5132636677227196
639,3.17947713569813
640,3.1877472619093434
641,2.8556756470255036
642,2.5835441371177015
643,2.3595907875234126
644,2.3034001358520237
645,2.0384640939685106
646,2.236248549813756
647,2.30024493896628
648,2.0484592146285814
649,2.0804563683072486
650,2.188987317642574
651,2.067568228318909
652,1.9815661312022506
653,1.7022409096038014
654,1.8409909447964155
655,1.653523603407075
656,1.5408807781603093
657,1.4574115060055894
658,1.5151089621860168
659,1.5167579129176143
660,1.5619110430059948
661,1.5548379357651751
662,1.4939986615030532
663,1.4989320464249154
664,1.5405942729343332
665,1.5100343503932552
666,1.529735279068498
667,1.6664942971378773
668,1.7457131882239028
669,1.8798887803313598
670,2.0548568882761495
671,1.9838457287129334
672,1.8684309101921444
673,1.6865345796042748
674,1.7021748725068557
675,1.6897417063742715
676,1.6971293646566656
677,1.8248595482606063
678,2.018604488248762
679,2.214677740916694
680,2.0846972692884034
681,2.067212129829773
682,2.2036585761283605
683,1.9963648977449142
684,2.197356034189912
685,2.436207501708862
686,2.3439975015488246
687,2.3044798090546585
688,2.299096700274157
689,2.0915253978198307
690,2.335969467037973
691,2.3403806166654824
692,2.3073453268254385
693,2.2569846657642656
694,2.06903017210755
695,2.2688117742986957
696,2.0213470139971315
697,2.212332611962761
698,2.2142897929181067
699,2.187727195605852
700,2.0206818709608756
701,2.024313932629867
702,1.8005722027452995
703,1.8397098264958804
704,2.0127075439503685
705,1.9486484215044129
706,1.883664823415783
707,1.8905733526941946
708,2.031399709758998
709,2.040462945505896
710,1.8251885478679155
711,1.9864758367348807
712,2.0455216858172114
713,2.423445416248947
714,2.030701260404555
715,2.086588482930041
716,2.154768620843085
717,2.3296040127555933
718,2.3385699348700535
719,2.600574978213373
720,2.68374960056708
721,2.84852469189924
722,2.7512188766288337
723,3.074496955113289
724,3.0838319255896587
725,3.355990410204837
726,3.351973020833835
727,3.8398013181748216
728,3.168298834330183
729,3.1597362075914903
730,3.2245460498039353
731,3.257551496076498
732,3.2776410608291577
733,3.236036393001031
734,3.3107152464435585
735,3.306992919039754
736,3.293342715462202
737,3.9719457665576567
738,3.9813165080149298
739,4.41867732473784
740,4.061757718483455
741,4.069011023114532
742,4.03393839649165
743,3.983169801292189
744,4.022846117504023
745,3.756122914926169
746,4.014511629559532
747,3.9682778348353827
748,3.96969256118337
749,3.6576553556955607
750,4.501783628692004
751,4.514968395277364
752,4.536297280364798
753,4.039415161790444
754,4.169965426772952
755,3.78734359217929
756,3.8587078541684243
757,3.6289524066912735
758,3.5892868187076434
759,3.3264716026630663
760,3.5962609095946507
761,3.335025360887772
762,3.5471799234925645
763,3.5238061997599526
764,3.3135669220326047
765,3.292004392624503
766,3.3383742468028452
767,3.537111533448017
768,3.3490791852397126
769,3.438288240050047
770,3.3167376596559475
771,3.1610416565173383
772,3.0122514655752015
773,3.0706074548035858
774,3.176554263299111
775,3.094554403602986
776,3.190731609985529
777,3.483514697921823
778,3.0806139121799974
779,3.513251698922348
780,3.2063459085255026
781,3.0514313915666644
782,3.2172901658988944
783,3.180064239471128
784,3.074374517238253
785,3.309316514689467
786,3.298395108104609
787,3.3681357010214885
788,4.0505160364722
789,4.073906944577006
790,4.079446858308265
791,3.9664630251903428
792,3.969061536095312
793,4.326155591351922
794,4.098531150347295
795,4.5441945953606595
796,4.96662707255681
797,4.581613951743675
798,5.249983927994112
799,5.244226997881243
800,5.257421909662926
801,5.166805871887735
802,5.23673544879247
803,5.1883903572781325
804,5.161048941774866
805,4.54763430110884
806,4.0486649357837345
807,4.03977860293605
808,3.7911194686152703
809,3.603988008669995
810,3.5540236908509826
811,3.2165256779581113
812,3.005896797802118
813,2.885476505387132
814,2.8789187978858974
815,2.888987507466581
816,2.6134803208979753
817,2.8465371769087566
818,2.564576513172657
819,2.4126971528100922
820,2.719867250572329
821,2.8309659835016965
822,2.760740196850287
823,2.821180873870778
824,2.9767092246891
825,2.8728649164710394
826,2.881520008032858
827,2.635263722623153
828,3.0944332302300843
829,3.090336801274561
830,2.6232372610202708
831,2.8583714286959383
832,3.2060631955685794
833,3.075420448006414
834,3.264133819528935
835,3.0035810115582033
836,3.0603255200242843
837,3.2812026367450717
838,3.206312018731072
839,3.477297269542773
840,3.7127424518478085
841,3.533922203962355
842,3.671277617907284
843,3.5309100568205847
844,3.5070056662226765
845,3.551283184445484
846,3.441246798604386
847,3.5845201887341145
848,3.520672462838744
849,3.497572803821924
850,3.8459835286682935
851,4.59218438344909
852,4.597342158839948
853,4.707757986808147
854,5.166805871887735
855,5.194147287391
856,5.22662299217687
857,3.967982731449197
858,4.007242804087071
859,4.059239767580581
860,4.006270634772395
861,3.9975634093208603
862,4.070545668085552
863,4.564720676197358
864,4.5702186460724565
865,3.964302090260309
866,4.201806238236611
867,4.085301720886124
868,4.095378222015384
869,4.044314628489634
870,3.8383920762973713
871,3.523325856652549
872,3.418754176963967
873,3.2891360896132094
874,3.424488820778507
875,3.154345753593589
876,3.396793818037018
877,3.425950555816168
878,3.6817624073783533
879,3.1906143276084586
880,2.970350071955609
881,2.739419983482736
882,2.3627918244136628
883,2.1811751390745413
884,2.022929745318599
885,1.67196048396812
886,1.5564222798448852
887,1.3347610874939744
888,1.1341420583565096
889,1.0864567884361873
890,1.016101210125059
891,1.0212793290370936
892,1.0112716571173888
893,1.112846538334672
894,1.032098473080145
895,1.128215327274054
896,1.1533921716183446
897,1.2020492875226003
898,1.1988654826490344
899,1.3069663347152758
900,1.4843336953250765
901,1.7241150961510672
902,1.6119911775023947
903,1.5919211911015512
904,1.6958425511130553
905,1.582038119719713
906,1.5695621861509856
907,1.443110525798127
908,1.5138727990546368
909,1.4776618313053864
910,1.7533776723456802
911,2.267732234245733
912,2.832488064603304
913,3.1913182402933526
914,3.6141789990283177
915,3.925819065847539
916,4.129227059155857
917,4.2018387224386045
918,4.491451851116817
919,4.7600843572524
920,4.745598368174375
921,5.28482079671806
922,5.862576583214276
923,5.862576583214276
924,5.862576583214276
925,5.627924020772065
926,5.862576583214276
927,5.862576583214276
928,5.862576583214276
929,5.862576583214276
930,5.748725478421109
931,5.258856161378408
932,5.213041733614673
933,5.1532246133255395
934,4.067391779347949
935,4.179100421663232
936,4.4574481013445535
937,4.56651086885162
938,4.160772602622195
939,4.453669437296156
940,4.564905905958387
941,4.457757311219603
942,4.141083170445668
943,4.0202313043801
944,4.148197853339599
945,4.49455152996874
946,4.49455152996874
947,4.505977539525688
948,4.970887053869013
949,5.220866062064002
950,4.558744141654415
951,4.715315602098886
952,4.632644324536729
953,5.167540171572549
954,5.164353166698796
955,4.551706139465049
956,4.442326608320302
957,4.603220267088661
958,4.619592038547772
959,5.219532963412355
960,5.7408486756236705
961,5.433021557601529
962,5.265298712460365
963,5.2034453962763045
964,4.7619638018479
965,4.99403571948225
966,3.8073824429686782
967,3.2517276784840177
968,3.359351844377913
969,3.4488178617108622
970,3.2800581967579214
971,3.2653547549588806
972,3.231481310863863
973,3.5214475231558304
974,3.500778793029498
975,3.4740122149441173
976,3.2755738302643684
977,2.8441699480014067
978,2.848833527918892
979,2.595950435226559
980,2.589620770570647
981,2.8137148884134358
982,2.3597762687594206
983,2.3126579414245985
984,2.665469526320414
985,2.814303928232695
986,2.5833132008937705
987,2.3513773976311505
988,2.3036582665381338
989,2.131275733419259
990,2.0309781392809545
991,2.0252256220897746
992,1.9036038503944526
993,1.640720293843515
994,1.6418263690762824
995,1.6389213243706462
996,1.6350804265869296
997,1.6407174005141614
998,1.6472288158594568
999,1.5403377633231272
1000,1.5301123911600913
1001,1.4319416160892529
1002,1.4621922016090942
1003,1.3195142977784953
1004,1.4728038152767207
1005,1.493432886460347
1006,1.5279466422606784
1007,1.4213212825559216
1008,1.390970955800391
1009,1.3868748623345835
1010,1.349505769517187
1011,1.4941672700602135
1012,1.4133922763381799
1013,1.3359286029666302
1014,1.2019423375123024
1015,1.3051978060493556
1016,1.2640751428377681
1017,1.5915994255269434
1018,1.6648299312128225
1019,2.334298611138229
1020,3.180028081775454
1021,3.7798639756546777
1022,3.871062501723235
1023,4.121122850541106
1024,4.067420386125309
1025,4.55384653760684
1026,4.155174770553461
1027,5.179516399031612
1028,5.233375352876599
1029,5.746605605736539
1030,5.754482408533977
1031,5.862576583214276
1032,5.862576583214276
1033,5.696269804006958
1034,5.696269804006958
1035,5.862576583214276
1036,5.862576583214276
1037,5.696269804006958
1038,5.862576583214276
1039,5.83614807107601
1040,5.862576583214276
1041,5.862576583214276
1042,5.862576583214276
1043,5.862576583214276
1044,5.862576583214276
1045,5.862576583214276
1046,5.696269804006958
1047,5.862576583214276
1048,5.324317661973951
1049,5.285945238815771
1050,5.651808103057846
1051,5.285945238815771
1052,4.718226123450325
1053,5.218798663727541
1054,4.996868267856331
1055,5.316440859176513
1056,4.661082159941617
1057,4.7357852211586415
1058,4.57418607633345
1059,4.546750753856246
1060,4.089129914285707
1061,4.08220795661375
1062,4.035754508228353
1063,4.5620394408329945
1064,4.5620394408329945
1065,4.351375792906181
1066,5.008309897933371
1067,3.9873159130781826
1068,4.275537463440142
1069,3.939708793336297
1070,3.62502428633094
1071,3.3352312929864
1072,3.5042733665615615
1073,3.120227429756186
1074,3.278182161298157
1075,3.1482099285285776
1076,3.013890267483155
1077,3.0050177248615766
1078,2.804350811631446
1079,3.0054621522138634
1080,2.9934827580922123
1081,2.971202020517276
1082,2.7695381727580433
1083,2.749621050126643
1084,2.700493569737549
1085,2.448555548047202
1086,2.7751776029118194
1087,2.638472065129468
1088,2.5777762538626887
1089,2.847939547412426
1090,2.8177156552967793
1091,2.7303859568666575
1092,2.588461715134071
1093,2.6918969174821368
1094,2.251562447172378
1095,2.225836399489475
1096,2.222713487674703
1097,2.197567211504328
1098,2.07852764911973
1099,1.7519613495304314
1100,1.65327304037948
1101,1.6188389994075298
1102,1.6036412102808495
1103,1.5121677108671925
1104,1.41714038870655
1105,1.409751448472147
1106,1.3179638515739398
1107,1.2958041150760007
1108,1.3201250197006427
1109,1.2276688874345734
1110,1.2258953413864337
1111,1.313035470737331
1112,1.2348154089656824
1113,1.3070510509205346
1114,1.331298304792349
1115,1.4490062231996312
1116,1.6120416170983654
1117,1.6046951027524214
1118,1.4356135185582803
1119,1.489172164105148
1120,1.422397887755387
1121,1.3472333335754192
1122,1.3338414276964636
1123,1.4770329150509374
1124,1.4986167037087412
1125,1.5537706644857823
1126,1.5344288667677863
1127,1.5381789720146875
1128,1.6451912182884305
1129,1.568768708623805
1130,1.6615592172246059
1131,1.7078219659701468
1132,1.6684159782988104
1133,1.6824288397700713
1134,1.746625065443418
1135,1.9624024166365492
1136,2.0518853211383035
1137,1.8797593179453278
1138,1.886566879228689
1139,1.943783913675933
1140,1.8598950540733312
1141,1.8068267754085516
1142,1.8774859490556335
1143,1.8760205201496731
1144,2.05688605138548
1145,2.064823357148637
1146,2.382885012813982
1147,2.4835787489093755
1148,2.6509868760430297
1149,2.82802110660211
1150,2.9227507410350126
1151,2.9732021024573636
1152,3.360946368386149
1153,3.1206317541904465
1154,3.0586679805721944
1155,3.4681082140948747
1156,3.553066280391788
1157,3.5796491212963044
1158,3.8352071660822604
1159,4.043655197555594
1160,4.250288286539798
1161,4.2481653223270115
1162,4.586187428828975
1163,4.724366653171073
1164,5.193097976593109
1165,5.2567362886938405
1166,5.269931200475524
1167,4.6497420331441
1168,4.665496838520973
1169,4.543540795957054
1170,4.548154403149897
1171,4.065682228227115
1172,4.044728781971275
1173,3.859793253479222
1174,4.069809219765429
1175,3.949273051207893
1176,3.974181553026011
1177,3.9469997615824552
1178,3.140993945990638
1179,3.046310361750824
1180,3.4078882092647267
1181,3.487048787357119
1182,3.537335719128582
1183,4.129313318836697
1184,4.13726533813774
1185,4.432382543775941
1186,4.129551733158157
1187,4.663837195986451
1188,4.660505086197473
1189,5.192836845691062
1190,5.192836845691062
1191,5.854699780416838
1192,5.696269804006958
1193,5.862576583214276
1194,5.862576583214276
1195,5.862576583214276
1196,5.862576583214276
1197,5.862576583214276
1198,5.862576583214276
1199,5.862576583214276
1200,5.862576583214276
1201,5.862576583214276
1202,5.862576583214276
1203,5.862576583214276
1204,5.862576583214276
1205,5.862576583214276
1206,5.862576583214276
1207,5.862576583214276
1208,5.862576583214276
1209,5.862576583214276
1210,5.862576583214276
1211,5.862576583214276
1212,5.862576583214276
1213,5.862576583214276
1214,5.418075072340757
1215,5.862576583214276
1216,5.862576583214276
1217,5.2362344139502115
1218,5.6075379271620305
1219,5.2362344139502115
1220,4.521755078274829
1221,5.150037608451787
1222,4.158165737788683
1223,5.257421909662926
1224,4.532480844098382
1225,4.454164983135531
1226,4.04534026507824
1227,4.458867567575573
1228,3.8312731132449325
1229,4.179601694159273
1230,4.053910188221112
1231,4.431610099633068
1232,4.020465909463561
1233,4.326125744420318
1234,4.192062569168707
1235,3.9859816466519753
1236,4.366808888867978
1237,4.532283793897496
1238,4.128205291631091
1239,4.695316409713131
1240,4.702131434329666
1241,5.22509118405568
1242,5.2631788397757955
1243,5.746605605736539
1244,5.862576583214276
1245,5.862576583214276
1246,5.862576583214276
1247,5.862576583214276
1248,5.280188308702901
1249,5.748725478421109
1250,5.265298712460365
1251,5.244226997881243
1252,4.645659731211953
1253,4.585885017286892
1254,5.177272077464509
1255,4.772749251359197
1256,5.177272077464509
1257,5.219532963412355
1258,5.505296689295811
1259,5.6905128738940896
1260,5.862576583214276
1261,5.280188308702901
1262,5.2723115059054635
1263,4.698557901022418
1264,4.46103324217192
1265,4.1859868788064745
1266,4.0580203298469755
1267,4.48127851598032
1268,4.457052135764374
1269,5.1470769209482
1270,4.087206182465198
1271,4.515799570188657
1272,5.168873809066239
1273,4.515799570188657
1274,4.304857196241567
1275,4.025674701513407
1276,4.544721056019456
1277,4.072462096683623
1278,4.072462096683623
1279,3.730341146840235
1280,3.98513882519625
1281,4.062987744238158
1282,3.8890699338895134
1283,4.067815724172269
1284,4.018087532663207
1285,4.065949562035161
1286,3.652931651202532
1287,3.59823638094288
1288,3.2341407139629537
1289,3.1200055522094057
1290,2.848723306207618
1291,2.989374683275099
1292,3.0479768931046722
1293,2.782279945239743
1294,3.0542434867790202
1295,3.1590338129629583
1296,3.3483608503572158
1297,3.1586967841017284
1298,3.0224921705597074
1299,3.0613069506984867
1300,2.846343866951151
1301,3.0214198965839176
1302,2.6518750752575078
1303,2.790763657716992
1304,2.834373691307331
1305,2.8069732085330483
1306,2.8917577451865033
1307,2.8567137488907863
1308,2.987581719801022
1309,2.857090855149107
1310,2.8518783122897235
1311,2.712186762959769
1312,2.5465276576520384
1313,2.8166065979565897
1314,3.078472927466841
1315,2.8860003331057427
1316,2.860673429415191
1317,2.6119319200974123
1318,2.380468679383515
1319,2.467539148092232
1320,2.2586944473251
1321,2.3562825187781447
1322,2.7232069905650533
1323,2.8185749268233735
1324,2.692695411237036
1325,2.7111711617165004
1326,2.5802433318920532
1327,2.5886240940824585
1328,2.4516912952921586
1329,2.8842798047669946
1330,2.797399971214521
1331,3.294758986299495
1332,3.3840154617863023
1333,3.3816608047590497
1334,3.6979618445896447
1335,3.5792363446977875
1336,3.813843416253251
1337,3.937407249407777
1338,4.154293178641501
1339,4.361344752513495
1340,5.0840950485400045
1341,4.714288629890128
1342,5.192836845691062
1343,5.184505709046671
1344,5.68839300120952
1345,5.430584363153355
1346,5.230246359167495
1347,5.208125646581555
1348,4.096549296022032
1349,4.481008466718927
1350,4.401261899626664
1351,4.53225726334667
1352,4.0505050872131445
1353,4.572596752208961
1354,4.567020938164495
1355,4.569863380945193
1356,5.150220999092278
1357,5.2723115059054635
1358,5.1843904844009225
1359,5.117046159208277
1360,4.97622113677462
1361,4.488060128764935
1362,4.025554882191116
1363,4.448897905388736
1364,4.590609945699713
1365,4.54981432631282
1366,4.522998724355659
1367,4.5084238825461505
1368,4.499426063382982
1369,4.494055805110181
1370,4.474512289323541
1371,4.589325156368693
1372,4.44842169582438
1373,3.9655230028627493
1374,4.028220514497882
1375,3.6278816937845213
1376,3.284170252265354
1377,3.4749819771330217
1378,3.3181006718642188
1379,3.2543362722879734
1380,3.4647958109321815
1381,3.2392183242344035
1382,3.5000458527669345
1383,3.1530629770747693
1384,3.2088593338929012
1385,3.0689035230147015
1386,3.2449127560492332
1387,3.0873509481770323
1388,2.759192123248546
1389,2.757945112557441
1390,2.616921577591942
1391,2.733649443757891
1392,2.3535359577414057
1393,2.454540669963646
1394,2.563169809882991
1395,2.451886899430045
1396,2.7173862033239633
1397,2.336846124887069
1398,2.326932365858118
1399,2.3318850223561096
1400,2.2367580975778365
1401,2.328906994164583
1402,2.24382580219313
1403,2.2334618168818205
1404,2.342488301567829
1405,2.278300795920819
1406,2.8530476331395045
1407,2.987483529871758
1408,3.1636623817839595
1409,3.42550881678539
1410,3.2860815254621625
1411,3.0992151727491875
1412,2.65431259738989
1413,2.845551124469833
1414,3.0003757960450255
1415,3.1409371965227892
1416,3.15115676375305
1417,3.161592277317421
1418,3.5067719648740687
1419,3.7117189954243033
1420,4.254750032358477
1421,4.104945836925594
1422,4.091982196644091
1423,4.086760507232256
1424,3.5232278616527903
1425,3.2433283542258655
1426,3.0529483141953935
1427,2.8518684680625537
1428,3.0286994253070323
1429,3.135032003638887
1430,2.8748467322559588
1431,2.8627885241564597
1432,3.2346716604699184
1433,2.8857026023744523
1434,2.6515078966398122
1435,2.665810490015792
1436,2.45969770300923
1437,2.6561565824371733
1438,2.671660254648049
1439,2.821790311290541
1440,2.668990463898384
1441,2.6699957934581757
1442,2.996525673570046
1443,3.216514738096456
1444,3.312216394004182
1445,3.2368453895098956
1446,3.3429072301195846
1447,3.474775759112451
1448,3.4104265598602224
1449,3.5313899007139575
1450,3.2902139797054235
1451,3.9959021453320824
1452,3.461224473205106
1453,3.4536105839683096
1454,3.437364416408443
1455,4.507074959453237
1456,4.547009576555289
1457,4.539105960462251
1458,4.053389864829345
1459,3.837457028715732
1460,3.4678017671484014
1461,3.448466161794744
1462,3.4081026268134997
1463,3.248055468665478
1464,2.7923267623258825
1465,2.976576494470508
1466,2.8548478322059436
1467,3.2243065160473683
1468,3.1046221623521606
1469,2.6177398143400974
1470,2.4701066919837
1471,2.7533300360242796
1472,2.932181792687845
1473,2.5835944121334475
1474,2.7610595764758536
1475,2.782370822026988
1476,2.573915871021148
1477,2.253245731689186
1478,2.2199532936167383
1479,2.306931885827574
1480,2.23654850050148
1481,2.3157166120134596
1482,2.5059222826937972
1483,2.8158557400949866
1484,2.7456396082088
1485,2.7920102489842114
1486,2.829176836798342
1487,3.1085166750211433
1488,3.4982915026368926
1489,3.7676906890028543
1490,4.1386071236714566
1491,4.596586154741803
1492,4.653937343303249
1493,4.659908052208279
1494,4.522907485217417
1495,4.362959810387029
1496,4.623709667509295
1497,4.608133852019353
1498,4.118929129409941
1499,4.328319442357019
1500,4.044287237618782
1501,4.072406920801112
1502,3.7960712779297974
1503,3.235956166994695
1504,3.274382564504803
1505,2.8989568076073526
1506,2.5964090914701545
1507,2.3320619169238683
1508,2.0369713786544503
1509,1.7008575992713215
1510,1.572111106541059
1511,1.5260389696708416
1512,1.422173239525416
1513,1.5898461921872367
1514,1.4901202322912297
1515,1.7498940211704284
1516,1.977494290650919
1517,1.8607003840093437
1518,2.256637727800188
1519,2.2346567151449435
1520,2.3563970996519297
1521,2.6760893140552358
1522,2.784338668328312
1523,2.579529873359279
1524,2.790727936582314
1525,2.820675879625503
1526,2.6734808705408333
1527,3.0182717798370837
1528,2.9171309205485847
1529,3.0476586389447307
1530,3.175749188784396
1531,2.99872516100306
1532,3.0065763826486536
1533,2.6455356354709183
1534,2.946518728830714
1535,3.104297283374427
1536,3.1183525973813606
1537,3.091777203078244
1538,3.0972019913637334
1539,2.9126093397632276
1540,2.7369858909596507
1541,2.5727571342310993
1542,2.846605071371497
1543,2.5700574814745756
1544,2.855691559844873
1545,2.7088634032400725
1546,2.797106136125239
1547,2.888668571078747
1548,2.88367937285913
1549,3.058465897815779
1550,3.147527615141209
1551,2.740965304908835
1552,2.888945375237405
1553,2.5987525563499743
1554,2.5448895887613148
1555,2.793273954231559
1556,2.429494754116687
1557,2.412677332102639
1558,2.422311773058025
1559,2.424682466217058
1560,2.372941277275893
1561,2.3015522052472264
1562,2.3099217490368593
1563,2.1523764478397474
1564,2.2397011573366257
1565,2.673151783434058
1566,2.929674934999797
1567,3.079378529537
1568,2.8498683120069472
1569,2.845530509015521
1570,2.853762642104765
1571,2.8458937468593275
1572,2.8932978415618287
1573,3.0144692723389195
1574,3.036576727986284
1575,2.87545070239462
1576,2.9035616518542495
1577,2.6074323234405914
1578,2.3363632182543452
1579,2.21674817792607
1580,1.8730754599541652
1581,1.9646547248518018
1582,2.3569198366598876
1583,3.078541756927817
1584,3.116353752348805
1585,3.188424778620541
1586,3.080110624590534
1587,3.04853925619418
1588,2.8502097085829554
1589,2.605460066804845
1590,2.445623459572366
1591,2.446785846062314
1592,2.3566347489562935
1593,2.666808149926065
1594,2.4564885866206994
1595,2.5544663719812575
1596,2.582957073384496
1597,2.871628236936424
1598,3.159262469945845
1599,4.691234706474938
1600,5.459016758459361
1601,5.248743704762808
1602,5.269931200475524
1603,5.746605605736539
1604,5.862576583214276
1605,5.83614807107601
1606,5.696269804006958
1607,5.862576583214276
1608,5.862576583214276
1609,5.862576583214276
1610,5.862576583214276
1611,5.862576583214276
1612,5.862576583214276
1613,5.862576583214276
1614,5.862576583214276
1615,5.862576583214276
1616,5.271055642573233
1617,5.854699780416838
1618,5.423832002453627
1619,5.271055642573233
1620,4.964056474689517
1621,4.459269521007801
1622,3.894041772256557
1623,3.6125325304005513
1624,3.523890826504454
1625,3.261699753343581
1626,3.230409202588564
1627,3.1176785112569854
1628,3.019182799349143
1629,2.7644339010948045
1630,2.6131028904455387
1631,2.252607341585766
1632,2.0510186793294642
1633,1.8309459700817574
1634,1.9503656580267859
1635,1.5864686240625347
1636,1.461118658884606
1637,1.637992718202522
1638,1.802054155930178
1639,2.267732234245733
1640,2.8243295968084725
1641,3.388008486831336
1642,3.388822148065829
1643,4.0686001282920845
1644,4.074706565681855
1645,4.553321671724313
1646,4.615626483286408
1647,4.55923280884403
1648,4.564667153845915
1649,4.07595054752111
1650,4.09450245598362
1651,3.9897076471654973
1652,4.0278060245303084
1653,4.544046213562449
1654,4.538170537684254
1655,3.834203185244381
1656,3.676626815869535
1657,3.823562456498674
1658,3.231828867342109
1659,3.0251437898397615
1660,3.0977894706028533
1661,2.984966054622592
1662,3.191938548241715
1663,3.265760363092913
1664,3.241760275589653
1665,2.8233176703255887
1666,2.8789296092841146
1667,3.004426607689574
1668,3.079044862393112
1669,3.2519627252660053
1670,3.0895185367373488
1671,3.140083516355249
1672,3.0812621909219273
1673,2.8723824959240134
1674,3.132613565955976
1675,2.8822798257953126
1676,3.096387255024124
1677,2.8135256919467713
1678,3.1096569302075916
1679,3.3946755076881887
1680,3.201627095646497
1681,3.364499495178292
1682,3.530333997823814
1683,4.618788052139181
1684,5.170190150799662
1685,5.2631788397757955
1686,5.01258225679927
1687,5.012593445808425
1688,4.938880182258063
1689,4.132034948256944
1690,4.021535000865612
1691,4.038655128499138
1692,4.5814825281352185
1693,4.598050114719262
1694,5.2631788397757955
1695,5.278068436018332
1696,5.438778487714397
1697,5.696269804006958
1698,5.83614807107601
1699,5.217002768670083
1700,4.9732880519630145
1701,4.591640092514686
1702,3.7559579221396593
1703,3.955552514127803
1704,3.992991944172712
1705,3.9538794568208315
1706,3.9587074367549437
1707,4.525831264898782
1708,4.104080251620338
1709,3.989359111799545
1710,3.7484920645522144
1711,3.5523521737335524
1712,3.436181482718372
1713,3.4640716778319853
1714,3.305515395258515
1715,3.401584177076654
1716,3.2938239596964083
1717,3.305370938694884
1718,3.463204045593293
1719,3.9949297752241546
1720,3.926495693703217
1721,3.4991417388495027
1722,3.9289784199727267
1723,4.0068257954608075
1724,4.254913836516068
1725,4.486924113030748
1726,4.0068257954608075
1727,3.808804236252639
1728,3.562725425870817
1729,3.4787974466414244
1730,3.6763611862145105
1731,3.4858517877766864
1732,4.012932232850578
