,0
0,1.175552235476293
1,1.2201170106711439
2,1.2142252242734302
3,1.1937839467882967
4,1.177450230988695
5,1.2244293293281885
6,1.3247555137682776
7,1.3372719133478053
8,1.2681212045770869
9,1.2077744347419026
10,1.1181755118545953
11,1.0567506716450876
12,1.0377123722383628
13,1.015807079847465
14,1.029363083614196
15,1.0392228312013454
16,1.0182415675373047
17,1.1152706328667084
18,1.0570319409686402
19,1.0379974399419702
20,1.0495044368225996
21,1.0117521745995384
22,1.006909012048193
23,1.007692247098495
24,0.9956935011399135
25,1.061555621664831
26,1.0089726312926133
27,1.0386025329747923
28,0.9986090906189351
29,0.9593006858308316
30,0.9999017433987848
31,1.0107614553494875
32,0.8671627087976912
33,0.8775091911331335
34,0.8047229027806404
35,0.8551191974103381
36,0.7709816663959101
37,0.8044817210803137
38,0.7712702486623716
39,0.8025482406251399
40,0.9704815536867477
41,1.0061921866934516
42,1.1631355127064291
43,1.4521554651214157
44,1.752892440853891
45,2.126662323978874
46,2.221512348717969
47,2.2090742336931966
48,2.0975151666337357
49,2.535187986007616
50,2.361454211106233
51,2.9861599236193723
52,3.5741127359612683
53,3.885926024978955
54,4.1242088984082494
55,4.76142471288224
56,4.735176368336286
57,5.509863098501993
58,6.12187644178327
59,6.046322147261762
60,6.12187644178327
61,5.648968314669985
62,5.504988300991169
63,6.087042096240613
64,4.442012337552217
65,4.858867730547429
66,5.47812249774321
67,5.578602442234255
68,5.578602442234255
69,6.12187644178327
70,6.12187644178327
71,6.12187644178327
72,6.12187644178327
73,6.12187644178327
74,6.12187644178327
75,6.12187644178327
76,6.12187644178327
77,6.12187644178327
78,6.12187644178327
79,6.12187644178327
80,6.12187644178327
81,4.906838453236359
82,5.70319122664037
83,6.12187644178327
84,5.981422184394801
85,5.70319122664037
86,4.459948393118976
87,4.477377446979879
88,4.394425871916042
89,4.3848341270660205
90,3.805525393612493
91,3.431849062500966
92,3.558284169499036
93,3.1123680515519125
94,3.3336247978456655
95,3.328403791282009
96,2.8440034654133215
97,2.831752978814188
98,2.830328982271415
99,2.8408329314656915
100,2.431474289930731
101,2.487468191407092
102,2.532633550508059
103,2.4191530464461817
104,2.8244465203579967
105,2.601677633242193
106,2.799014261381456
107,2.9022435663973614
108,2.842542601448802
109,2.8273777818987518
110,2.4160818000963786
111,2.490903054779525
112,2.5790196364327245
113,2.2045782248992856
114,2.2032053541629346
115,2.1945407920868383
116,2.2702782903041996
117,2.189288192387121
118,2.0635431978090586
119,1.7500841714315163
120,1.7315677972558141
121,1.6745623050615872
122,1.5771704468279988
123,1.4069880783874482
124,1.2696732726308733
125,1.2623839572508742
126,1.2156840996491036
127,1.3302375055417592
128,1.203460206337206
129,1.1612350775186904
130,1.1213941946871524
131,1.0609453060735543
132,1.0640265948123686
133,1.0429771353947368
134,1.0864108594908701
135,1.0173993096803506
136,1.0058579404536594
137,0.9720409784701581
138,0.9752168558071327
139,0.9947136751432458
140,1.0088998252371848
141,1.0457721309855863
142,1.2491437977273419
143,1.1687264394731018
144,1.2594510026012553
145,1.5091360149673154
146,1.6823483486303028
147,2.0002104237131073
148,2.14820218809436
149,2.527344648041245
150,2.735880760541698
151,2.728872152776317
152,3.1097411923733382
153,3.303620476256684
154,3.5538628552770564
155,3.976398591213577
156,3.982442452097534
157,4.4871349802106515
158,4.420955195088893
159,3.9755944398423453
160,3.6134348584401508
161,3.714253380743876
162,3.4887446384894463
163,4.1242088984082494
164,4.5065262094833525
165,4.8593962344807755
166,5.568487345957775
167,5.6845387897445825
168,5.549453679730779
169,4.869892560088464
170,4.637654310076564
171,4.459948393118976
172,4.122153732119184
173,3.932143468132827
174,3.8641455578520985
175,3.9521684847188223
176,4.2813766934762505
177,4.37973880164749
178,4.6241341361135415
179,4.767387668485027
180,4.767387668485027
181,4.37973880164749
182,3.8434062244285894
183,3.5474944657035574
184,3.6325004637688934
185,2.8459173876056387
186,2.9736519451058676
187,3.275275605588778
188,3.4510394206546064
189,3.841372637605617
190,3.5360074226856315
191,3.4997273687694435
192,3.527910800061125
193,3.530672927164464
194,2.9934785065889566
195,2.9596402315010324
196,2.740803766060125
197,2.5289351059678506
198,2.4106095433988357
199,2.2368482460335426
200,2.425222706463123
201,2.4517806257862316
202,2.6079934779408567
203,2.8402149120907088
204,2.844845715376005
205,2.654779696887349
206,2.6433388737462353
207,2.344898667983163
208,2.228590593337868
209,1.9778380712442216
210,2.032281479572652
211,1.9542324662887796
212,2.0859531257275563
213,1.9536593214311393
214,2.199747197213481
215,2.243895098930819
216,2.366411269174939
217,2.338332514286904
218,2.193266159578454
219,1.9977032915212607
220,1.9125782261210194
221,1.8462412063098843
222,1.7747886263504102
223,1.696633194560758
224,1.6649277969156886
225,1.634882467652946
226,1.6514736623813684
227,1.5260589206607054
228,1.5709636130681066
229,1.6221185974286838
230,1.7934141767536493
231,1.7246667720194546
232,1.6052563412419083
233,1.3885524377670624
234,1.3818678280552734
235,1.3515451451849867
236,1.3855487095469572
237,1.3953129394371568
238,1.3083991139304127
239,1.3172323717763592
240,1.4600614185843197
241,1.3170737224695883
242,1.2845306254263744
243,1.1486801386910492
244,1.1930727083589658
245,1.1343061067237896
246,1.0254277760936152
247,0.9799661223606554
248,1.0394747048056492
249,0.9685891638015586
250,1.1593557418222493
251,1.3735778721369736
252,1.456122803666997
253,1.6808661522037658
254,1.718859974878049
255,1.4353591057609978
256,1.4249045949905956
257,1.3762140205963107
258,1.3696966117201985
259,1.6325869815803555
260,1.7392840023518452
261,2.2585231883202534
262,2.447948499244563
263,2.5663735850062257
264,3.063757753624483
265,3.1143421478584963
266,3.3334126155618824
267,3.321716863368439
268,3.074890443870431
269,2.654324049673453
270,2.547505779009933
271,2.8988157933255243
272,2.4359942167919617
273,2.4100101337528783
274,2.1504453142534254
275,1.9961146169466453
276,2.0924732272960607
277,2.038587137166153
278,2.2663473146594373
279,1.9512588619462665
280,1.9320028173498727
281,1.8920703592145842
282,1.706324777164062
283,1.6764804834191473
284,1.6720385687058015
285,1.6540902626828384
286,1.659250251584953
287,1.586454077585353
288,1.572654385127659
289,1.5290404702422042
290,1.5346495229341763
291,1.5408295934042178
292,1.4455704449793205
293,1.5160991672725155
294,1.5067327821946905
295,1.3903549681493044
296,1.387002473465972
297,1.376551546600591
298,1.371287348076867
299,1.2752623192971644
300,1.2602384703667393
301,1.3872793861418729
302,1.4417765644997662
303,1.4885872557764193
304,1.392673459998161
305,1.2781535683776026
306,1.2581790303430085
307,1.291397521089588
308,1.3077707875202396
309,1.2472908816513162
310,1.1958512393907803
311,1.146433775394597
312,1.0564859064461594
313,1.1462704693575174
314,1.014977773512443
315,0.9964357314854282
316,0.9598104075943896
317,0.9580842891198512
318,0.9025089754380414
319,0.8923708252907135
320,0.8996502612373162
321,0.8239726639941802
322,0.8363747878477684
323,0.9705407131343702
324,1.0660344056502873
325,1.0329299069052353
326,1.130608898469729
327,1.1274906458869596
328,1.138394432283304
329,1.3629193951057323
330,1.4255442944826313
331,1.4478072249470413
332,1.4353343648212973
333,1.554404439438767
334,1.4545974294017086
335,1.5585009895600261
336,1.5624896988051986
337,1.6300231703625476
338,1.5635293796384924
339,1.5869505240272483
340,1.5556629979860475
341,1.683579219597463
342,1.7532035548842193
343,1.6889492328448983
344,1.569609792816518
345,1.5508518348878306
346,1.576376883555856
347,1.5269001600033363
348,1.6267524994822073
349,1.5439233337877725
350,1.6281026049681957
351,1.641734147321179
352,1.7544083151114565
353,1.6831356529749184
354,1.660472036307038
355,1.7007096141122215
356,1.6287313364705294
357,1.7088711161218304
358,1.672356411262352
359,1.656497337247187
360,1.5605795592023728
361,1.644770089766318
362,1.7256342670522555
363,1.936476231093802
364,2.073767754549055
365,2.218566698209951
366,2.226428374778628
367,2.52081648421211
368,2.276261436177804
369,2.554095354451791
370,2.308541058351109
371,2.5527267975526065
372,2.560350039942407
373,2.681157566470748
374,2.590308810899775
375,3.1109788259568596
376,3.1483636186609716
377,3.455996499570876
378,3.4003666952692804
379,3.0248658743885852
380,2.671810176376554
381,2.6909010712382435
382,2.7034563013916
383,2.9183770967605014
384,2.981769525975729
385,2.9695736463370976
386,3.4180061845247183
387,3.492771641871262
388,3.5088502588948565
389,3.9618863429933757
390,3.847791077508314
391,3.7017614628985074
392,3.5768828379269295
393,3.4345279400427153
394,3.4066844691765494
395,3.4270401026386157
396,3.5708688254577563
397,3.5879661801073515
398,3.844590010309025
399,4.000018617944183
400,4.5065262094833525
401,4.495015056911133
402,4.495015056911133
403,3.9705587599966368
404,4.202843719091429
405,3.518160065050361
406,3.451535127209713
407,3.125764958394054
408,3.064409081747217
409,3.07316632750633
410,2.8730773930169016
411,2.853729069544159
412,2.8620875146082776
413,2.9594639965880187
414,3.0043194175522885
415,2.853426643311259
416,2.645826769619984
417,2.832422105326814
418,2.514667131952629
419,2.614303269208083
420,2.410631130649747
421,2.116250308080919
422,2.2028865320712296
423,2.0076201844063353
424,2.186647200047715
425,2.098670350457054
426,2.121287659117495
427,2.1317804483621585
428,2.0449558155165732
429,2.432858254554904
430,2.1032907404522265
431,1.904452649838354
432,1.8065689894162689
433,1.804321019216792
434,1.7362839733215896
435,1.6719706774202867
436,1.6435732780749512
437,1.54635230721195
438,1.5096349681322085
439,1.6271516380946427
440,1.7482479262792667
441,1.862389184428608
442,1.695978574623411
443,1.6664594684363356
444,1.6405563204702671
445,1.5134351570418099
446,1.5166301481481685
447,1.407539079551852
448,1.407907745069096
449,1.2700064707100982
450,1.3226036852783771
451,1.1934629105483403
452,1.3381861462562894
453,1.1995595557369523
454,1.334179817110041
455,1.3100798950587922
456,1.3834148336399545
457,1.2340484524297886
458,1.2310507617096778
459,1.1150156165241856
460,1.0492094416946212
461,1.032845864869729
462,1.0492187244598432
463,0.9298042467353749
464,0.9453589520979996
465,1.0201252819824476
466,1.1246601362045623
467,1.0299462294499324
468,1.1711686675531265
469,1.3707619652426064
470,1.271950561910583
471,1.23266996613052
472,1.3446539605866303
473,1.4240146016336646
474,1.6237550227145063
475,1.6415510729359353
476,1.598416985947636
477,1.6113615597491155
478,1.5692146178922952
479,1.5635275467540577
480,1.6154298063980412
481,1.568454039203197
482,1.4571824881234086
483,1.5359349110111074
484,1.7791009194912875
485,1.7429754290485453
486,1.8168683851381349
487,1.9455392349970821
488,1.8355872198426113
489,1.8179843485145575
490,1.8311749984094112
491,1.7655935868785366
492,2.0092407634087914
493,2.0248292170752595
494,1.906171623884976
495,1.8178210945971283
496,2.042109586942202
497,2.019546565311771
498,1.8748741974240961
499,1.6655183407099432
500,1.6342974562212491
501,1.5976388100789476
502,1.5292936285827152
503,1.5609959088591747
504,1.7905999318457486
505,1.7463269739391705
506,1.7116095958347188
507,1.816976880944127
508,1.9878991117934293
509,1.8807473792042007
510,1.7540456330442917
511,2.038701583642495
512,1.9068059496696905
513,2.1643916616680503
514,2.082701807977691
515,2.1895850273922974
516,2.2091570099742452
517,2.2375001757243886
518,2.548857512704146
519,2.6748075587054805
520,2.7174847830099176
521,2.7251577170111188
522,2.9804151677582755
523,2.988782160098393
524,3.061368927289109
525,3.4126726218044334
526,3.4208238913864073
527,3.58032264805989
528,4.282601789438484
529,4.202740392024961
530,3.707544761948996
531,3.9462065986309285
532,3.607176924836973
533,3.6016184688399573
534,3.5768268882279046
535,3.5685102210949595
536,3.459245862186501
537,3.5039393524086084
538,3.52579094526558
539,3.4846382364585207
540,3.5347012674106533
541,3.068260064026144
542,2.6357813801638392
543,2.4955057853845077
544,2.9091944407391517
545,2.615558371125511
546,2.612369184720986
547,2.594551032282055
548,2.846493829204173
549,2.62551344103899
550,2.609530796460849
551,2.801174490954547
552,2.6251378134137213
553,2.6223129646473358
554,2.366351132864545
555,2.526145629459959
556,2.5411612545564113
557,2.6406770772324215
558,2.5431564511028646
559,2.9131186201252444
560,2.9603142665046014
561,3.026078375809973
562,2.9733418064590253
563,2.968005839125896
564,2.6852613953574385
565,2.5780538367444743
566,2.69763635549878
567,2.670410117748618
568,2.4653451669803688
569,2.504900133710015
570,2.5893665612776875
571,2.943658902963128
572,3.301178797805403
573,2.7989347551791393
574,3.207184247449071
575,3.363835475393309
576,3.6689344403289637
577,4.115416483477386
578,4.37973880164749
579,4.37973880164749
580,3.919956489102068
581,3.5374459429168876
582,3.545515700563236
583,3.6356392135236426
584,3.939522402820259
585,4.106188686479156
586,3.637351250297298
587,3.64403282919551
588,3.537070231404717
589,3.52980435377871
590,3.4850911803744324
591,3.3648072177261454
592,3.3535019855576302
593,3.374061140192282
594,3.5208922482687255
595,3.9417793516113173
596,3.921586646736883
597,3.934105189705505
598,3.532550282046835
599,3.5364246382806312
600,3.120549260899119
601,3.4518266761331104
602,3.0883320331289505
603,3.2838724427006323
604,2.8773853540130054
605,2.8760640683103316
606,3.325774383651473
607,3.1084575690756453
608,3.356810477988356
609,3.3303446322342163
610,3.354833464420079
611,3.3582274392976608
612,3.3775644844514296
613,3.1425044314112602
614,3.3713154415860513
615,3.3360242850953004
616,2.7314696418467252
617,2.859346600610069
618,2.879049955151804
619,3.2750648042512553
620,3.051047955397796
621,3.0749886952335297
622,3.2844076497770263
623,3.258106960316686
624,3.306156131960793
625,2.841228007268072
626,2.641243692077226
627,2.8274461872586247
628,2.6209001239289265
629,2.5109400145600813
630,2.581849515979651
631,2.5972578156468167
632,2.8217895159750066
633,2.753828344325837
634,2.644949529824853
635,2.849223066409571
636,2.4769966687422635
637,2.4076199277064982
638,2.295266058492292
639,2.3767953868244853
640,2.2185574286198992
641,2.105329630817549
642,1.787081572219578
643,1.7507261242517245
644,1.7447953680977175
645,1.7292667819553351
646,1.6220300014276217
647,1.7192785563597055
648,1.8578297983077396
649,2.0411155456239056
650,2.1783153256319503
651,2.250711055945862
652,2.3126766175650397
653,2.192870832503043
654,2.0786089896951276
655,2.036292957908393
656,1.923197300358627
657,1.9556036762166018
658,1.9673371975499208
659,1.849581897982932
660,1.6799604301750521
661,1.6779247150201648
662,1.793924606683016
663,1.8084336810014878
664,1.8492976871838436
665,1.7594204210582578
666,1.746267141135452
667,1.7582322592793587
668,1.6814995228303735
669,1.6380124086644547
670,1.628112495641827
671,1.7870408008531429
672,1.8766344930080312
673,1.90771313057653
674,2.143599796809356
675,1.7757461636060257
676,2.057153097482958
677,1.9753113792602486
678,2.0764331439906916
679,2.1869540539421273
680,2.305086134207212
681,2.284905159922923
682,2.1282807945185254
683,2.1019018768632116
684,2.091813441666445
685,2.0732018024057957
686,2.0755422374778316
687,2.0655666530123002
688,1.9824398728215231
689,2.056206848127581
690,2.008728492787547
691,2.054988845512418
692,1.9008002394779606
693,2.0520441497156194
694,1.8771318264242645
695,1.88517611247691
696,1.8729923748031758
697,1.7633075673250262
698,1.882433095327635
699,1.730289004350605
700,1.9530887405816704
701,1.980528566920887
702,2.073657261148786
703,2.116344040781343
704,2.3218948477847907
705,2.561980546847574
706,2.54418628373586
707,2.483384131667894
708,2.621088024629157
709,2.6358619684329017
710,2.6296227639305725
711,2.6177420636977704
712,2.8762936203257103
713,2.8472845689168325
714,2.847778300519467
715,3.0063694369083835
716,3.4133707896416343
717,3.4824686486150678
718,3.4238502268121755
719,3.378955759477994
720,3.3551818481111697
721,3.0184098667478625
722,3.3409833695605076
723,3.4307400699054442
724,3.0022727878938555
725,2.980435699769734
726,3.289861636015624
727,3.2848128659611606
728,3.4275472578203914
729,3.309296553197053
730,3.0250938485269083
731,3.2683644646331507
732,3.0040933367087526
733,3.268704664483104
734,3.289017699631538
735,3.0776343208113652
736,3.2656250406312806
737,3.4614479269231087
738,3.5196448977022614
739,3.48334573603301
740,3.341220334472631
741,3.507565841803635
742,3.8410732550061257
743,3.6305954733768004
744,3.4604423913515943
745,3.5033000747725835
746,3.322831593351489
747,3.4536580949366438
748,3.532782127318531
749,3.41775756274402
750,3.5100799281681083
751,3.649429140872925
752,3.553382513613473
753,3.5601682241472647
754,3.087981128486411
755,3.327147611119926
756,2.896062988886167
757,2.888499239963549
758,2.901775182236869
759,3.063895430738102
760,3.133072261939427
761,3.5041878851372172
762,3.5586362567878678
763,3.9964083804065442
764,3.8817807511520614
765,4.060843875491618
766,4.330022353285348
767,4.5065262094833525
768,3.9719895591370715
769,3.9437592881271004
770,3.5709984226944007
771,3.823809642179955
772,3.6102663486308058
773,3.954404767372286
774,3.9509227226189942
775,3.950794529834648
776,4.296807332255222
777,3.6029432496691074
778,3.608850637715049
779,3.382064018737939
780,3.9419075443956637
781,3.4320691681727324
782,3.4954806170826553
783,3.5538093562274398
784,3.6647951704661863
785,3.85537776241293
786,3.3348392432415928
787,4.383972824688389
788,3.9659334258240517
789,4.58540515056609
790,4.831060918204829
791,6.056818472869449
792,5.640361958028968
793,5.674042464136894
794,4.7900170126815045
795,4.776663801481248
796,4.351972693117639
797,3.940953201960694
798,3.551967433437293
799,3.665661074183373
800,3.54679410639605
801,3.559966746623009
802,3.554976138733827
803,3.3666521682279487
804,3.3192249468466697
805,2.8370455717759673
806,2.932433091436964
807,2.865055022186809
808,2.5745365618251577
809,2.432302134600124
810,2.243407098253887
811,2.281481729350185
812,2.227490895363767
813,2.5609660778501264
814,2.7294906233183607
815,3.078935243333423
816,3.3019328367569423
817,3.376337754957948
818,3.379687733732484
819,3.411689511413533
820,3.1156768479892083
821,3.1067223888217095
822,3.1267336867113436
823,2.814315546458147
824,2.850937969062159
825,2.7293855273931973
826,2.865200900157717
827,2.645880139428301
828,2.8493731675683764
829,2.6493537270850434
830,2.662927427130555
831,2.841285438749228
832,2.9395846617924253
833,2.7336864527267055
834,2.433551317482566
835,2.5969634578396827
836,2.634644706194618
837,2.8495532862495083
838,2.867146194047428
839,3.027364163421596
840,3.039829643261199
841,2.8133265021521097
842,2.980663180150411
843,3.0234322685267565
844,2.879365764637383
845,2.653219556655255
846,2.557998956857241
847,2.0193206419664094
848,2.1241593589509136
849,2.0418831565991606
850,2.251218245877884
851,2.186030840286455
852,2.378545212931997
853,2.2318250652946867
854,2.358891373885119
855,2.2388987545099974
856,1.747219225165023
857,1.7619246954424135
858,1.6390483512484821
859,1.578264439036039
860,1.5197831768432304
861,1.531167550027698
862,1.5314365875112883
863,1.5741889817962895
864,1.6765041892830994
865,1.5446399042471781
866,1.4785486902570297
867,1.4160302831198344
868,1.4039292570680588
869,1.497849510619074
870,1.3416515301259115
871,1.2813416552469805
872,1.2112975447362857
873,1.0431213925204799
874,0.9974960695305962
875,0.9107918062206694
876,0.9359273003850977
877,0.8901836066201971
878,1.000606990309997
879,0.9099349233411695
880,1.0045866048951564
881,0.90201241639464
882,0.8103430389730321
883,0.7944534765566301
884,0.7736583272920444
885,0.7751453166192336
886,0.7330471020964056
887,0.7270065201861189
888,0.705658108912356
889,0.6592642614390903
890,0.6622808201616688
891,0.72266742397982
892,0.7097475152098806
893,0.7717907315101996
894,0.8613963693714495
895,0.8195308928093505
896,0.8820583420441891
897,1.214947250945542
898,1.4032298267397458
899,1.5546131081264059
900,1.4666405204639692
901,1.3781455014251254
902,1.29506581178214
903,1.4114624937961766
904,1.4309326036498433
905,1.521354131446602
906,2.0437442123002376
907,2.292305861677135
908,2.5658776507559904
909,2.9745102498930995
910,3.07285983053159
911,3.690628697882323
912,3.9872849075884558
913,4.821855555192903
914,4.85172963664728
915,5.435511664590911
916,4.775754068216694
917,5.630246861752489
918,4.767387668485027
919,4.391249954219709
920,4.37973880164749
921,4.097005331141771
922,4.6241341361135415
923,4.775754068216694
924,4.767387668485027
925,4.603781401992044
926,4.767387668485027
927,4.637847119369437
928,3.6549359765778258
929,3.9673711405611845
930,3.6720402715970106
931,3.670357329679227
932,3.5890624777925693
933,3.5480419367845424
934,3.529403241150787
935,3.8875630014041986
936,3.9512264147129144
937,3.9671779162063974
938,4.428502906587049
939,4.475623827638432
940,4.190029990562699
941,4.0792713782340195
942,4.4964111132068725
943,4.851004317696378
944,4.495015056911133
945,4.878429900707772
946,4.859777463811983
947,4.849281138204295
948,5.6845387897445825
949,5.425789554739497
950,4.867405071166737
951,4.857647537935963
952,4.459948393118976
953,4.840674781563278
954,4.6747673647384635
955,4.797250832243454
956,4.418195559216189
957,4.4229096553035125
958,3.9707758813149736
959,4.427663943306791
960,4.060843875491618
961,3.8740295395181286
962,3.948743284221791
963,3.4386822905827077
964,3.364309268958774
965,3.3241508389434204
966,3.038457052707018
967,2.6422407351734325
968,2.756173017866084
969,2.794955800996871
970,2.873929626771708
971,2.6441598530052395
972,2.8617462392348227
973,2.641631802395452
974,2.242861030224155
975,2.495199843499744
976,2.419452725516353
977,2.2117353988048754
978,2.1158470252708064
979,2.1910397818760994
980,1.9783795242724709
981,1.9968901083446722
982,1.7060391787221199
983,1.7542923609158512
984,1.7244118473019592
985,1.8160031000376062
986,1.8663092147954095
987,1.8716484035349679
988,1.8850906259873341
989,1.6872897093966284
990,1.5264957479555599
991,1.5685251992723441
992,1.4679472607632529
993,1.4670207955641172
994,1.4232022470174963
995,1.433951011629945
996,1.550987792942946
997,1.5891106468390634
998,1.70680496035204
999,2.0168830635914246
1000,2.0315012598494424
1001,2.026192564155312
1002,1.8655757523598075
1003,1.6917874381803437
1004,1.6547534650762588
1005,1.6250968462812556
1006,1.635436472409049
1007,1.8021615485748743
1008,2.040345010423518
1009,2.270201654729539
1010,2.386508029840342
1011,2.530834889302722
1012,2.641845541563334
1013,2.6232973397679564
1014,2.3833221593028324
1015,2.224215739048695
1016,2.428147263099292
1017,3.28366970191581
1018,3.3199705916861193
1019,3.326428555770127
1020,3.1531306374897716
1021,3.5793777421771376
1022,3.7082971766208868
1023,3.5625111287545943
1024,3.971333406094972
1025,3.9481683202036058
1026,3.965289545211015
1027,3.5473939828206102
1028,3.5383469674688937
1029,3.669150876926718
1030,3.3700109211031744
1031,3.285441435882847
1032,3.050518780320041
1033,3.015695652720963
1034,2.8346251864268557
1035,2.943165394577753
1036,2.8617739597236875
1037,2.6645533001378165
1038,2.6444384497421676
1039,2.6401037278071287
1040,2.484662413953524
1041,2.6087630384306286
1042,2.420813737291505
1043,2.5080679008901527
1044,2.608046753712816
1045,2.602743292406841
1046,2.5766335524404194
1047,2.7174145464575155
1048,2.9219549591417326
1049,2.89394887200342
1050,2.9302620883190684
1051,2.4428588919639025
1052,2.479496794076688
1053,2.0873444136350208
1054,1.9509912456242062
1055,1.9640330713384841
1056,1.8894245133480274
1057,1.8471103941486509
1058,1.8247919298436186
1059,1.8831639087598424
1060,1.8904477251538874
1061,1.7311454432424715
1062,1.7248550387092878
1063,1.8540203928035985
1064,1.6767631058390144
1065,1.6685723813841444
1066,1.7281113218594029
1067,1.5411431659432857
1068,1.4872366985229768
1069,1.527574461296618
1070,1.6280542119652353
1071,1.532578307486488
1072,1.6061787563573082
1073,1.6372910463505048
1074,1.686941135441561
1075,1.8687945554292429
1076,1.759191426457006
1077,1.7993969450163012
1078,1.7495100562214656
1079,1.6653806953874886
1080,1.5797407987358285
1081,1.4349278758317106
1082,1.4182080722827008
1083,1.3246838171963915
1084,1.3233971360435544
1085,1.2918894498480649
1086,1.4336221302763048
1087,1.3011743592695528
1088,1.42050602700706
1089,1.3495672929060445
1090,1.4013795615270765
1091,1.2568884939195204
1092,1.2271429797954851
1093,1.2143444788294926
1094,1.0722073822402924
1095,1.0124329073479468
1096,1.0382084970343435
1097,1.0421890358139845
1098,1.0407698001707169
1099,1.0619828174073123
1100,1.0452344799346485
1101,0.979309797732942
1102,1.0552250942271006
1103,1.0185880337799424
1104,1.108918785648862
1105,1.0058184053925157
1106,1.0584973608233172
1107,0.9149815605017813
1108,1.003851102953378
1109,1.0193801684898651
1110,0.987914683345491
1111,1.0608645568552288
1112,1.1671169281482874
1113,1.4071157261599525
1114,1.315409672282177
1115,1.299253787721103
1116,1.5103401579055546
1117,1.6772792858611034
1118,2.033044663077681
1119,2.037119789447696
1120,2.0921673559773972
1121,2.11943533264537
1122,2.173104266764734
1123,2.057478395467156
1124,1.8539009646270534
1125,1.9278946609170404
1126,1.9405459718398914
1127,2.1191225785453476
1128,2.094832176782048
1129,2.204200157383148
1130,2.3852380705452214
1131,2.4921475926972367
1132,2.4788127540557454
1133,2.285667202808207
1134,2.2321218456309957
1135,2.5245454970124936
1136,2.2005050435158853
1137,2.544079299369803
1138,2.5321984503730577
1139,2.2775642099230677
1140,2.309968440052702
1141,2.2786616715960215
1142,2.3152482425287495
1143,2.5557790622233036
1144,2.5270023731124405
1145,2.8946037193501444
1146,3.0688250294385986
1147,3.1039255215027834
1148,3.114604987330934
1149,3.4164768451188254
1150,3.572521982212514
1151,3.608248641853003
1152,3.8924689264681223
1153,4.335439566400102
1154,4.495015056911133
1155,4.724324024534851
1156,4.76142471288224
1157,5.392963283032958
1158,4.726639027716979
1159,4.481574641967676
1160,3.9559584024647028
1161,3.9359333858787076
1162,3.6834001122618147
1163,3.9591961771822533
1164,3.6078715592334096
1165,3.867188858569584
1166,3.3785828376804234
1167,3.452771124975381
1168,3.0790710610694316
1169,3.3418421911308944
1170,3.060245086571154
1171,3.096069553019795
1172,3.3488546652699727
1173,3.3832046957881126
1174,3.4565391775333696
1175,3.3926461660105116
1176,3.58848055014287
1177,3.443977061145903
1178,3.9651415468818825
1179,3.951433450032913
1180,4.464750797473298
1181,4.886796300439438
1182,4.886796300439438
1183,4.886796300439438
1184,6.12187644178327
1185,6.12187644178327
1186,6.12187644178327
1187,6.12187644178327
1188,6.12187644178327
1189,6.12187644178327
1190,6.12187644178327
1191,6.12187644178327
1192,6.12187644178327
1193,6.12187644178327
1194,6.12187644178327
1195,6.12187644178327
1196,6.12187644178327
1197,6.12187644178327
1198,6.12187644178327
1199,6.12187644178327
1200,6.068008430013618
1201,4.775754068216694
1202,4.775754068216694
1203,4.767387668485027
1204,5.39600367047137
1205,5.486368518685935
1206,5.39600367047137
1207,6.026429044880072
1208,4.391249954219709
1209,4.775754068216694
1210,4.775754068216694
1211,3.934105189705505
1212,3.940953201960694
1213,4.391249954219709
1214,4.37973880164749
1215,4.37973880164749
1216,3.827919425639187
1217,3.9095035961416054
1218,3.9457956574516158
1219,3.533182176047738
1220,3.5306984424042636
1221,3.940953201960694
1222,3.4746504280578376
1223,3.379891314678193
1224,3.2566593687649172
1225,3.1302399270659174
1226,3.1133316999508476
1227,3.1539997941217583
1228,3.3737660654602752
1229,3.5504382441785953
1230,3.947823212495275
1231,4.735176368336286
1232,4.495015056911133
1233,4.735176368336286
1234,4.886796300439438
1235,5.578602442234255
1236,5.48823759401969
1237,4.886796300439438
1238,5.901835325312308
1239,5.856525198081523
1240,6.12187644178327
1241,6.065355813488757
1242,6.12187644178327
1243,6.12187644178327
1244,6.12187644178327
1245,4.886796300439438
1246,4.878429900707772
1247,4.886796300439438
1248,4.5065262094833525
1249,4.5065262094833525
1250,4.878429900707772
1251,4.886796300439438
1252,6.065355813488757
1253,5.981422184394801
1254,4.886796300439438
1255,5.901835325312308
1256,4.878429900707772
1257,5.70319122664037
1258,4.724324024534851
1259,4.726639027716979
1260,4.476362620015347
1261,4.849281138204295
1262,3.9909911672917904
1263,4.138085059072084
1264,4.418603761544407
1265,4.470494269830944
1266,4.735176368336286
1267,4.113756005447787
1268,3.961531309344244
1269,3.947823212495275
1270,3.959085413568863
1271,3.6369049084761316
1272,3.6065217651782873
1273,3.435413986613369
1274,3.621292516552512
1275,3.6244712734499003
1276,3.443351759511233
1277,3.5685889175981087
1278,3.493758971541204
1279,3.3592085662180304
1280,3.442970363735035
1281,3.6166863814047856
1282,3.827966972640772
1283,3.8005635494361694
1284,3.951433450032913
1285,3.9768320146279925
1286,4.5065262094833525
1287,4.76142471288224
1288,4.906838453236359
1289,4.878429900707772
1290,4.886796300439438
1291,4.886796300439438
1292,4.878429900707772
1293,4.878429900707772
1294,4.497988868864045
1295,4.629859228109352
1296,3.862153178723875
1297,3.52066325019139
1298,3.0608694545820403
1299,2.8581289150059996
1300,2.843670884977338
1301,2.9234018606263326
1302,3.0838155265776357
1303,3.0775854376066105
1304,3.125091204977457
1305,3.375485702208818
1306,3.143671043877566
1307,3.1265237999470568
1308,2.831607670044333
1309,2.876513820564445
1310,2.646848863652607
1311,2.4873182504612923
1312,2.5264090607943195
1313,2.3667543912841524
1314,2.1920695033771946
1315,2.3063384909106412
1316,2.5391646246728943
1317,2.8463542584938986
1318,2.7439005210837477
1319,3.3668616184443394
1320,3.390300595317876
1321,3.18920823636976
1322,3.372314562671539
1323,3.6953045719402366
1324,3.4135683003007125
1325,3.3894098445968655
1326,3.8863759231465744
1327,3.627577722946456
1328,3.5097023747936973
1329,3.9705587599966368
1330,4.084688591348775
1331,4.28719062227906
1332,4.5065262094833525
1333,4.878429900707772
1334,4.886796300439438
1335,4.886796300439438
1336,4.886796300439438
1337,6.12187644178327
1338,6.12187644178327
1339,6.12187644178327
1340,6.12187644178327
1341,6.12187644178327
1342,6.12187644178327
1343,6.12187644178327
1344,6.12187644178327
1345,6.12187644178327
1346,6.12187644178327
1347,6.12187644178327
1348,6.12187644178327
1349,5.70319122664037
1350,5.48823759401969
1351,4.8593962344807755
1352,4.857647537935963
1353,4.808142571937007
1354,4.806495546004457
1355,4.785030201212915
1356,4.767387668485027
1357,4.613281792312106
1358,3.852174918559015
1359,3.678835724763395
1360,4.104963590516922
1361,3.4468216708082493
1362,3.0890736396462413
1363,2.9819959395693214
1364,2.605866931476041
1365,2.6101378178501906
1366,2.839386071506939
1367,2.640941621569983
1368,2.9785531397876754
1369,2.87542885109042
1370,2.822733601047596
1371,2.9304064773241167
1372,2.978104553955137
1373,2.8322755126290655
1374,2.7634218624564784
1375,2.632280074453938
1376,2.47075250489252
1377,2.3680584207559296
1378,2.3763563832724306
1379,2.57649774601047
1380,2.5775928375229396
1381,2.8594201550286975
1382,2.610554208399843
1383,2.458518626968993
1384,2.441538182684325
1385,2.434069309370967
1386,2.221949618784264
1387,2.280221049631691
1388,2.4974367488048523
1389,2.553352633940756
1390,2.332978156357968
1391,2.5436847185422304
1392,2.537736558152855
1393,3.088840903738646
1394,3.1560815980223165
1395,3.120196880624739
1396,3.179433955907005
1397,2.970718683571007
1398,2.9651853072364767
1399,3.09019500958686
1400,3.1637390724701464
1401,3.714632847046336
1402,4.335439566400102
1403,3.4931913956572846
1404,3.0620212764886903
1405,2.600606050878447
1406,2.6672117275668574
1407,2.614365464912599
1408,2.3990322749717
1409,2.270005118732775
1410,2.3797053465513986
1411,2.4222516235073233
1412,2.603019558392326
1413,2.7829552438479626
1414,2.85062101844607
1415,2.8189982915030143
1416,2.6473635017938384
1417,2.8334369265540524
1418,2.502589911608952
1419,2.8180434203216644
1420,2.841020837393041
1421,2.9946103660373327
1422,3.06191641731907
1423,2.6385973145099886
1424,2.6106186128034374
1425,2.3899975559078896
1426,2.582213712992233
1427,2.3399718856296112
1428,2.59742511343891
1429,2.376721535861102
1430,2.4286361419206064
1431,2.238873143980684
1432,2.358062321348776
1433,2.0978953775916955
1434,2.2824147242988104
1435,2.0089925105814426
1436,2.09206027419415
1437,2.091254622973181
1438,1.9135725653034048
1439,1.7840925909748437
1440,1.7476221038619355
1441,1.9670200790096428
1442,1.6836104797623994
1443,1.7641696101449356
1444,1.7407880694658273
1445,1.8116999186435383
1446,1.6974226447471272
1447,1.8362962672021155
1448,1.7779358646077552
1449,1.6862110469143154
1450,1.6396537198504242
1451,1.5297612944603718
1452,1.6539041230074396
1453,1.479824675899099
1454,1.500679152154702
1455,1.4954565602901628
1456,1.5226122382044245
1457,1.5361189535063078
1458,1.7205882296806103
1459,1.5244432709278595
1460,1.5116034537891172
1461,1.4835806525705642
1462,1.4893384147774107
1463,1.4840585620801394
1464,1.3843284146581645
1465,1.3655547261554222
1466,1.3134226269566318
1467,1.240406492870508
1468,1.3065205249160567
1469,1.225174517813983
1470,1.3103097554683778
1471,1.2955552272999373
1472,1.3760519661968227
1473,1.3274251299819653
1474,1.40138020283417
1475,1.2955443776888245
1476,1.181816158402572
1477,1.1880953640491907
1478,1.2584116805743926
1479,1.1932140878783706
1480,1.1403733081970968
1481,1.1851616940401943
1482,1.1394669844591927
1483,1.1688445605709143
1484,1.2550091040841969
1485,1.3757977697804142
1486,1.4303743214335114
1487,1.450179322672245
1488,1.4019626121490376
1489,1.17712013047203
1490,1.1826087965558432
1491,1.1828592546187642
1492,1.2268091109011205
1493,1.1822329101657747
1494,1.1933069344792437
1495,1.2422895288587277
1496,1.2386094152755986
1497,1.2344028303892718
1498,1.333413387496943
1499,1.189222488821221
1500,1.165123902584914
1501,1.1683774670049856
1502,1.1724894550531062
1503,1.2171118914936871
1504,1.1359184588597229
1505,1.146594329533307
1506,1.0754395359296418
1507,1.3888249980546765
1508,1.7466184126732174
1509,2.274322291330805
1510,2.557482010451679
1511,2.5828461714538737
1512,2.631368331347024
1513,2.3800919755184027
1514,2.2664730434433435
1515,2.3780213677352218
1516,2.3848948925840747
1517,2.3830113772227866
1518,2.3202784744956033
1519,2.232524988579992
1520,2.374388773689384
1521,2.3705546653091134
1522,2.3788134530152347
1523,2.789320366533023
1524,2.6493999332453755
1525,2.6260248301098574
1526,2.514452482603441
1527,2.576875734185522
1528,2.5216951962680194
1529,2.4193052025703694
1530,2.4116737049018706
1531,2.2456327894004886
1532,2.100867344205034
1533,2.3418550724755645
1534,2.1817517785284344
1535,2.5658253692932194
1536,2.2506396812760854
1537,2.3575903751132086
1538,2.373532109176533
1539,2.242218798382317
1540,2.3658808618851346
1541,2.3720119993496525
1542,1.9116149405791014
1543,2.355992110321443
1544,2.445028723196306
1545,2.2259378868702537
1546,2.211049358847366
1547,2.0168031239326356
1548,1.9592921248358508
1549,1.884412195112085
1550,2.001966480118488
1551,2.0948899667168557
1552,1.9191133953633361
1553,1.9471998875570569
1554,1.8878300286525365
1555,1.7020233906233817
1556,1.6422251821722789
1557,1.786437749706289
1558,1.8516861453209543
1559,2.2109101603827175
1560,2.5378429867338244
1561,2.96959584218967
1562,3.0662638748221362
1563,3.0905858563995823
1564,3.3539835930060407
1565,3.0707551373655635
1566,2.8889220270642886
1567,2.3882211887904927
1568,2.3819701633164847
1569,2.205750082082368
1570,2.104699376006897
1571,2.0289323457790385
1572,1.8089177872797195
1573,2.0720648789498397
1574,2.3050759510781997
1575,2.721505055311621
1576,2.8705320413979614
1577,3.3894480810516874
1578,4.672720973868721
1579,5.981422184394801
1580,5.801870340618013
1581,4.4494170150188666
1582,4.423036184853939
1583,3.9584210732125835
1584,3.9577707348741824
1585,3.9577707348741824
1586,3.681546132471979
1587,3.674823376896354
1588,3.542268272653887
1589,3.3492678971830645
1590,3.3314481363329778
1591,3.33598633130648
1592,3.299878332219405
1593,3.614928162393491
1594,3.944558082665968
1595,3.5255192741853087
1596,3.633121241475234
1597,3.3362185489882297
1598,3.0541190210363944
1599,2.9849508727040255
1600,3.263584328314506
1601,2.974517106373314
1602,3.2074189560266553
1603,3.099860762700488
1604,3.29668036741644
1605,3.49287514111755
1606,3.435723343196618
1607,3.6788309823041643
1608,3.535023274190693
1609,3.5326393238441236
1610,3.528026774068548
1611,3.5210844000077777
1612,3.325610366506764
1613,3.1531799729410785
1614,2.671216337713137
1615,2.4909273204626983
1616,2.083145620829606
1617,2.07351936135092
1618,2.011095189392983
1619,1.898282867079958
1620,1.6580034221496784
1621,1.6218123916811207
1622,1.468563217323222
1623,1.4402537921270941
1624,1.3654515824880784
1625,1.586323598527942
1626,1.9116862934218988
1627,2.2087563043226535
1628,2.5902632762394164
1629,3.0951316434271217
1630,3.585112915808891
1631,3.880890345133246
1632,3.9774067722518254
1633,4.495015056911133
1634,4.495015056911133
1635,4.066261088606373
1636,3.5591264632683677
1637,3.4613489447834436
1638,3.035894650638422
1639,3.0939996750421166
1640,3.1134345302356548
1641,3.435219043484407
1642,3.9582761054557376
1643,3.971984202304707
1644,3.971984202304707
1645,3.969538306529326
1646,3.8222879448428024
1647,3.6128365802573077
1648,3.577274820378196
1649,3.5459801860386584
1650,3.3731365997232765
1651,3.4844224724282196
1652,3.4207743986333035
1653,2.9873019345615575
1654,2.8344504309202283
1655,3.41381295769885
1656,3.315179422814379
1657,3.0087079115621114
1658,2.850286991398413
1659,2.664198409912736
1660,2.9380231519598143
1661,3.2727786415746407
1662,3.3591397732592987
1663,3.0361723592459553
1664,3.27873483133652
1665,2.8723427813355533
1666,2.9178274753474542
1667,3.0976363829075773
1668,3.1421663513633966
1669,3.15178766518481
1670,3.6737370861837872
1671,3.690293489640006
1672,3.5806394681737266
1673,4.76142471288224
1674,4.886796300439438
1675,4.906838453236359
1676,6.018423998967856
1677,6.12187644178327
1678,5.539440254066561
1679,4.776663801481248
1680,5.417629174953673
1681,4.766814945062244
1682,3.973796534714187
1683,4.705547501218567
1684,4.724324024534851
1685,4.886796300439438
1686,4.8677626342124425
1687,4.6823011969126975
1688,4.638505594528293
1689,4.767387668485027
1690,4.6241341361135415
1691,4.767387668485027
1692,4.767387668485027
1693,3.921870255380607
1694,3.6001690528245924
1695,3.676106793422674
1696,3.9418952719666023
1697,3.568555042777985
1698,3.364972913327138
1699,3.4772499819119287
1700,3.3854660231780564
1701,3.2983420969098125
1702,2.9875795541652397
1703,3.201686651443534
1704,3.4539260009085706
1705,3.3619376170631616
1706,3.308661770699607
1707,3.3114586718000982
1708,3.3282748193444482
1709,3.389526058519054
1710,3.12685689206758
1711,3.0500620180902493
1712,3.289728845502691
1713,3.350147626298405
1714,3.3956474187477013
1715,3.41677967065811
1716,3.5771741674461577
1717,3.402775806118892
1718,3.5255197984743463
