,0
0,3.6505280096472683
1,3.500398482329638
2,3.399235034559412
3,3.3033790064603026
4,3.3736366261518764
5,3.34864010677477
6,3.40006506564359
7,3.497349360946633
8,3.4465057577125413
9,3.373350767986717
10,3.127442989875995
11,2.8705416281192497
12,2.957622251091124
13,2.9498809389092315
14,2.983101530953785
15,3.1256934692199407
16,2.9566079318601126
17,2.8205323629212864
18,2.8298515278508036
19,3.085149675074496
20,3.368788373144331
21,3.399311860437515
22,3.1839523869834006
23,3.2533511045644965
24,3.122847372765183
25,3.0766632563471488
26,3.0381669655426404
27,3.083873809718774
28,3.0622484894760857
29,2.9397881896490627
30,3.000730274131104
31,3.184120327348104
32,2.8568938216870023
33,3.026422400713002
34,2.8898981111183133
35,3.0318706706315988
36,3.1617818145697716
37,2.8601741578968443
38,2.9170928241644094
39,2.917604887783279
40,3.272012770669708
41,3.420461907975036
42,3.1635324658210324
43,3.0505171909250572
44,3.220261358426068
45,2.8318622646264613
46,2.7203794733095137
47,2.7514123070071563
48,2.6702377816368257
49,2.5293234544320766
50,2.402650939437062
51,2.3888463440328027
52,2.393213378165797
53,2.412054655011463
54,2.497622819330493
55,2.9007965650798466
56,2.926933805597813
57,2.6576591316374762
58,3.181456064275134
59,3.145884437637632
60,3.0453209845744453
61,2.9649584284243313
62,2.5948017204354117
63,2.9169695749922746
64,3.0135707301892225
65,2.863166023756043
66,2.7729521848525303
67,2.776674467318253
68,2.8246564534599257
69,3.1323789828292283
70,2.980756667853662
71,2.946785361706987
72,2.812185340443408
73,2.7427948212445643
74,2.737139127260927
75,2.6969962980293816
76,2.4472777705055444
77,2.4217850506053633
78,2.160255541525282
79,2.1350653071236834
80,1.9337167862874378
81,1.9539728715596927
82,1.9503594272643772
83,2.070642862659356
84,1.941058812316074
85,2.155648901983554
86,2.2424843710664404
87,2.5774699009824276
88,2.883269130912619
89,2.888702639427453
90,3.1454730510738638
91,3.1149611116799387
92,3.215062981865773
93,3.2084464754934636
94,4.604954301665924
95,3.4218649163312183
96,3.1447653728645535
97,2.9881368627902463
98,3.0485391714531755
99,3.072187209260398
100,2.7558022025813678
101,2.6141518698370705
102,2.7577269260895902
103,2.7034471662539015
104,2.816007251595493
105,2.4618407562764855
106,2.515699677801903
107,2.456187454713756
108,2.616600198506374
109,2.456660045221484
110,2.2883732485800894
111,2.089797503230872
112,1.8712391788402059
113,1.8491306493054056
114,1.9871324427680521
115,1.7764706108932324
116,1.9680277846929857
117,2.713357206304046
118,2.9703488458837595
119,2.7535032832675066
120,2.5206815158522833
121,2.320098324514928
122,2.3412687761748634
123,2.1684591715202046
124,2.0110809224736403
125,1.759100233136744
126,1.7058111650831442
127,1.9025753582627032
128,1.8938396019656152
129,2.01903538226173
130,2.8970509011169985
131,3.053995154603538
132,3.107975920930136
133,3.668483402606376
134,4.043910405326599
135,3.157400373620338
136,4.287988795329459
137,4.204850581264026
138,3.9610741321035667
139,2.819910690133976
140,2.68105266748114
141,2.9146995672495684
142,3.309005189920356
143,2.929141048094737
144,2.7052895852830185
145,2.8048548378562366
146,2.8329440597692597
147,2.641262133265492
148,2.302412197561015
149,2.264986016540942
150,2.136438831742324
151,2.118654328636992
152,2.1289957339103776
153,2.046485699981097
154,2.315744161379644
155,2.247449114512932
156,3.0661939215845675
157,2.4611334640756333
158,2.9398080650704284
159,2.6678383293448378
160,3.4274951735684525
161,3.0497297846669222
162,3.5037477598279776
163,3.512917339502358
164,3.704510159466362
165,3.675543813663481
166,3.7451013877553225
167,3.9712120903671617
168,4.68822127620615
169,5.00534203679674
170,4.93252638984121
171,4.511140646432219
172,4.111802873871272
173,3.7847840327275075
174,3.431362892147252
175,3.509732545552476
176,3.5709805219730746
177,3.5725802236548403
178,3.5643498645842424
179,3.1826561263461937
180,3.1921638107153028
181,2.961224699294035
182,3.0479200166820637
183,3.1681923451876126
184,3.160243997784182
185,3.272654163433617
186,3.4470478920313345
187,3.493256698813414
188,3.7538411053129783
189,3.8390880623484867
190,3.8627543139192575
191,4.0818495400001895
192,4.206406455674026
193,4.573149286071629
194,4.552609986327151
195,4.3950693435984265
196,4.412841762581381
197,4.443077748258626
198,4.1881936824030435
199,4.381201560907231
200,4.08703121635348
201,4.095096978194516
202,4.171320972233999
203,4.269672176854518
204,4.311773102220834
205,4.372227169105035
206,4.445558154489831
207,4.312577216558216
208,4.339144555343402
209,3.9362979949071786
210,4.073844998330061
211,3.92677655750563
212,3.9087982728438426
213,3.955486931732193
214,4.006680288922644
215,3.9127317688019865
216,3.8957344513157217
217,3.944180604118522
218,3.847739698648945
219,3.899455071330698
220,3.5322223516346947
221,3.670108374606849
222,3.061471935461568
223,3.0205032747764795
224,3.1204133730505785
225,3.8040437171288555
226,3.9758567031822984
227,3.487634749482227
228,3.767044269711372
229,3.5234950267599237
230,3.4934877862218525
231,3.68534828836133
232,3.159889560932689
233,3.4045968302943974
234,2.9779709632626647
235,3.058700960653174
236,3.05552485616183
237,3.121647110300726
238,2.79895658699566
239,2.96960390095314
240,2.7101531570644686
241,2.721976634466555
242,2.6439668609982006
243,3.038323071522397
244,2.9489032242306537
245,2.852441234718363
246,3.104729139182241
247,2.7049744448437467
248,2.894023917321235
249,3.248314137566471
250,3.3307920163094002
251,3.413520751933233
252,3.3865125409815713
253,2.9471180551287737
254,2.7517613827664777
255,2.860633497110386
256,2.5942938571504945
257,2.2371886977573516
258,2.148154711156175
259,2.1221079520858983
260,2.094574968967918
261,2.1098726293137897
262,2.127099570435888
263,2.236691867333085
264,2.1976521810852625
265,2.30437085572147
266,2.1867577331215293
267,2.3571968376281944
268,2.487801835956824
269,2.517080887974662
270,2.5029671702958805
271,2.609997721336301
272,2.6824243451870844
273,2.8338361170658195
274,2.898019425260523
275,2.4944301509227764
276,2.4019614279719423
277,2.3453620721542547
278,2.2523409266012506
279,2.165472001705418
280,2.034937387472189
281,2.059883076406288
282,2.2760333625323637
283,2.176143578870216
284,2.2423994178724747
285,2.176294722935498
286,2.089288154921104
287,2.105673269094755
288,2.132350436819036
289,2.183712312251405
290,2.01576635248722
291,2.1387034032928325
292,2.070457352760587
293,1.9144944862502127
294,3.526815447473106
295,3.581832640017565
296,3.473255653394941
297,3.494157339041528
298,3.575287254639474
299,3.424534414784107
300,3.450563727654059
301,3.250405382813445
302,3.2529077020959782
303,3.2396268423683394
304,3.154998380787227
305,3.082642398634369
306,3.195607883011271
307,3.0567660290518277
308,3.012156536703081
309,2.9646923974362993
310,3.1240185018885662
311,3.0905830625569166
312,3.037425423460742
313,2.9651774224040772
314,2.976907379722254
315,2.6828347673962742
316,2.8207294002333105
317,2.880100781193737
318,2.991037171922385
319,3.0196190898655195
320,2.9948295706910972
321,3.093071432211924
322,2.4915851047510267
323,2.6630738946803962
324,2.568518963251389
325,2.437285389115539
326,2.221467370870025
327,2.194648323250977
328,2.1705866444588846
329,2.141523080896949
330,2.045790317716778
331,2.055227617538392
332,2.030149980171081
333,2.0316436872406864
334,1.9852036112524643
335,2.1105752757824927
336,2.239535680405587
337,2.12051040986874
338,1.9687738739560807
339,2.155589386178304
340,2.226430768743202
341,2.1429630527413863
342,2.1985061199285503
343,2.319260854497816
344,2.3493740944268406
345,2.2932251875611516
346,2.2430234398748268
347,2.3262410052897295
348,2.198971862509097
349,1.9889215777498686
350,1.9197149770612956
351,2.008492925989197
352,1.8316115605811516
353,1.7643802311610786
354,1.5870688145664074
355,1.6578457856041855
356,1.7317017689762493
357,1.666880976378854
358,1.618327772252075
359,1.7081708612424709
360,1.724588836870469
361,1.742784119768836
362,1.7752217677260993
363,1.8904507748777448
364,1.8528785143397755
365,1.763408526623199
366,1.5619917929922618
367,1.5519266050177767
368,1.472903212888697
369,1.7887420975353374
370,2.1764180348433135
371,2.1598971780597624
372,2.39260131595472
373,2.4060879119299976
374,2.374710970830316
375,2.3038037854546722
376,2.4698213017193025
377,2.484932407595356
378,2.5336228667267187
379,2.682244743918518
380,2.7386959945402474
381,2.514728164969481
382,2.6690540399209373
383,2.6251862309955083
384,2.520938410567875
385,2.0799982438176947
386,2.04509170802415
387,2.4406770903867194
388,2.3904316582058556
389,2.389388497703277
390,2.3482216287542808
391,1.8515409579768294
392,2.090838688981886
393,2.231489367633859
394,1.8840194822971519
395,1.779766549100513
396,1.6681966559301886
397,1.6745522177028567
398,1.7381253911425216
399,1.6799074530682354
400,1.90737251961598
401,1.8620583823429528
402,1.9162952901645451
403,2.0850833343156077
404,2.0869323657018377
405,2.000686443621573
406,2.016108556720814
407,1.884550072963212
408,2.0686720477383873
409,2.229780682495858
410,2.263376911107687
411,2.0309521142712357
412,2.106831131783782
413,2.082836243275849
414,2.0535814295890056
415,1.9692680389468933
416,2.009666320012615
417,1.9655903813322788
418,1.8680768740214813
419,1.9588938935048885
420,1.9281654996659652
421,1.8841174192878463
422,1.7615196276355634
423,1.634842663394184
424,1.7327293120634526
425,1.7239785907387941
426,1.6249237032803117
427,1.278967910132345
428,1.6494650206077313
429,1.491914169720991
430,1.4279669782457256
431,1.1731877669568538
432,0.8710825568066006
433,1.0115439787997376
434,1.061071570793728
435,1.0885276526619578
436,2.28095985360696
437,2.621522295821506
438,2.174047503555443
439,3.375397036333533
440,3.4216758165060663
441,3.4659882994413174
442,3.3687433141413807
443,3.962168862537578
444,4.252558385518896
445,4.4694865418925644
446,4.4694865418925644
447,4.408680804500978
448,4.196803225363782
449,4.285803207989854
450,4.547191356277031
451,4.572725310800532
452,4.55084854288866
453,4.475100823520401
454,4.3217088941961626
455,4.348995606491787
456,3.8083078391869627
457,3.6105502151054614
458,3.6191013236768597
459,3.35563076080267
460,3.3327170110566335
461,3.2499332076205576
462,3.189220716673261
463,3.523146409105432
464,3.27285409092867
465,3.2036327309246153
466,3.14649040972289
467,3.0439949858354125
468,2.959048379828595
469,2.9691716640123724
470,3.0021494665190134
471,3.0642674476620413
472,3.1317695355398834
473,3.1317695355398834
474,3.1285140609001583
475,3.0318543637510458
476,2.96966473573795
477,3.0212518715715477
478,3.2588817980268545
479,3.0133464182581347
480,3.131394156817148
481,3.151571443636881
482,3.293401747776147
483,3.4287855501550126
484,3.4484896173666617
485,3.520564115358181
486,3.4837480608304525
487,3.5040817108240425
488,3.545634351990792
489,3.705130908341025
490,3.725173555399848
491,3.7126911536470564
492,3.6425557862534355
493,3.575440570654511
494,3.47359638767633
495,3.5620349544960055
496,3.6771712615532817
497,3.659424570531191
498,3.4990906798498482
499,3.3883102836754406
500,3.1563285575757205
501,3.403045912350687
502,3.3512614831330088
503,3.2147355761799212
504,3.1944472110372955
505,3.24080440158656
506,3.214453142540332
507,3.213948524981381
508,3.1500168783832314
509,3.04177496665893
510,3.0450583671319444
511,3.017613566604557
512,2.972721019597213
513,2.611952003101318
514,3.0796855507033927
515,2.8117138268945054
516,2.98452939923477
517,3.0631861850953053
518,3.021222813050682
519,2.8372982358060854
520,3.0782970911243033
521,3.0392019578326903
522,3.1011465632807016
523,2.9061397338223283
524,2.873260593244128
525,2.9312944455336365
526,2.6752478554954733
527,2.9348289573614568
528,2.8263350116388413
529,2.9577681509763694
530,2.677810322289119
531,2.6968922937167346
532,2.6854445805802944
533,2.7079416676127503
534,2.4943265328755473
535,2.6972441029677405
536,2.5591312798562
537,2.70594511232574
538,3.2567231736089592
539,4.031685981364964
540,3.6646442582948775
541,3.605344770850634
542,3.672689499373173
543,3.6422358307059497
544,3.5529856546654983
545,3.755250044295878
546,4.216134814861313
547,4.423468082878692
548,4.160355729235543
549,3.518739844824696
550,3.851537475372756
551,3.9233658007370757
552,3.8823319151829394
553,3.2625449858239115
554,3.030896314284936
555,3.0889896778740793
556,2.7855118434659536
557,2.862115563102187
558,2.68200677428467
559,2.6487631624050265
560,2.6287241132015726
561,2.7646205395989187
562,2.7217174046121495
563,3.0330925669395596
564,2.9951495673644986
565,2.9788949933123483
566,3.0878074412122087
567,3.046784352612963
568,3.1615831874064746
569,3.664819304970908
570,4.133204869870648
571,3.7579354660769577
572,3.660509516087229
573,3.401500018230873
574,3.410839318996455
575,3.4053923335656693
576,3.2747561527770848
577,3.5540691505330306
578,3.21170288590211
579,3.191353038818727
580,3.0348049864125444
581,3.062364043371898
582,3.172522713588714
583,2.9581962183762562
584,3.007702453593404
585,2.8701998385575775
586,3.030977294967791
587,3.0534987772712205
588,3.016270312929967
589,2.9694739908314123
590,2.932142373553875
591,2.933897285281828
592,2.785759789350874
593,2.7418985048968634
594,2.494841200021841
595,2.3676009977904653
596,2.5427721231342346
597,2.6396590950474486
598,2.7605516350793824
599,2.7373575633566984
600,2.6419342801272925
601,2.9116265402612242
602,3.0034010465611183
603,3.6664976123170714
604,3.4048823702998736
605,3.807255618975282
606,4.25569315667944
607,3.9637723445268294
608,4.128227369105345
609,3.570191203936894
610,3.387780709867419
611,3.306327480782907
612,3.1606076939546788
613,3.3413070986857356
614,3.1716479394877215
615,3.1252222086041503
616,2.99419022637321
617,2.9172769427204974
618,2.9278365266931803
619,2.9179429919543183
620,2.95745097440186
621,2.9898054680039436
622,2.924798114272568
623,3.112699225178028
624,3.0551299254704216
625,2.8561083109957224
626,3.142482094803118
627,3.1069470512219612
628,3.2153811557145646
629,3.2621614692764833
630,3.427672721315676
631,3.3649760467798346
632,3.16571142678857
633,3.107893816098073
634,3.0447637079523107
635,2.963724468849539
636,2.9450946971728706
637,2.8499118720696193
638,2.8454927055918957
639,2.827839895951092
640,2.7711910076657658
641,2.884548216600306
642,2.7536743081884976
643,2.980677793849668
644,2.980234470612727
645,2.794971814205784
646,2.881775624704481
647,2.9559557478337206
648,2.863492169890828
649,2.4912994397972335
650,2.810321558447807
651,2.835602485037237
652,2.7128445092634377
653,2.436735141147542
654,1.9991901799275202
655,2.082406719643926
656,2.1141543531358495
657,2.731612447043624
658,2.9389169183456976
659,2.850791760902419
660,2.889692122373521
661,2.98537652383369
662,2.8701274684962397
663,2.421323486751292
664,2.4904444663076957
665,2.449996282584981
666,1.8612368582226853
667,2.0044397595827474
668,1.8784287167766223
669,1.868716445538685
670,2.2066715250251785
671,1.8930782596733922
672,1.9776175705647563
673,1.9110560760798279
674,1.910965619152827
675,1.7957778062577072
676,1.8105911064175464
677,1.8526655922196182
678,1.8372461106256983
679,1.8363529765439668
680,1.8689203566814658
681,1.9080007314341054
682,1.764695687373184
683,1.7974282310301193
684,1.3951253790929397
685,1.8146048589936987
686,1.942119744225293
687,1.9749032616004294
688,1.8989542989508055
689,1.8333523363398314
690,1.7193256220251523
691,1.808222022898409
692,1.8490322230838552
693,1.8773321230946691
694,1.8123990446136258
695,1.9697763971539848
696,2.480318701445386
697,2.269656199595138
698,2.4629415723151764
699,2.7712072142544044
700,3.036883275755087
701,3.7522319805268642
702,3.3151981526200083
703,3.2083623083285637
704,3.231139171240909
705,3.710473492792904
706,4.140462461702307
707,3.720422981099169
708,3.4441758704297816
709,3.332231873917009
710,3.6202552311110416
711,3.4002808099539705
712,3.285003391186933
713,3.242387102918776
714,3.2218211045619287
715,3.2420822932206046
716,3.0634754009115244
717,3.150234497098203
718,3.280361154383321
719,3.163698853021397
720,3.1205989930914355
721,3.7098419059586916
722,4.012421489034452
723,3.3831004220202314
724,3.319546687576646
725,3.2194373681180775
726,3.0279204506544937
727,2.7878155201456236
728,3.0691965967612127
729,3.000391962793406
730,3.0924088343509317
731,3.015670352961312
732,3.178742524186417
733,2.9665386325241583
734,2.9433302704047875
735,3.034887667744728
736,3.1010660702883746
737,2.8200275058498296
738,2.8095520545943997
739,2.7807949281915487
740,2.8479246108435077
741,2.759925971278145
742,2.744720014597332
743,2.7911393188959748
744,2.817446415932029
745,2.700814150273801
746,2.7121934458860926
747,2.6691992066600996
748,2.4116551904438297
749,2.3196005367727874
750,2.2870520135314654
751,2.2183375810434685
752,2.0930101956440508
753,2.18760237295285
754,2.047111459758666
755,2.1067661004565603
756,2.0753939313513112
757,2.335859728148997
758,2.197331107283354
759,2.626845852895777
760,3.1152641540991346
761,3.0555311573297663
762,3.637422648339701
763,4.1267002193683995
764,3.186244316812576
765,2.827237985721228
766,2.2034854685831657
767,2.428754342446763
768,2.306359088823717
769,2.830423205213336
770,3.984034321363733
771,2.8504626334611824
772,3.5838358548981266
773,2.8919355745844504
774,3.800690531160966
775,3.9990320929568566
776,4.020639027020827
777,3.9860868203128543
778,3.8941669827672114
779,3.507530714928516
780,3.889748505830104
781,3.9178149248587184
782,3.646863593916435
783,3.7670632069740013
784,3.6468190033033334
785,4.018051613084744
786,3.927038870810553
787,3.618352486063935
788,3.371368832673555
789,3.183859371493709
790,3.333618416605474
791,3.081960818955234
792,2.982762522775225
793,3.0428987040425732
794,2.46170760709938
795,2.658267065245215
796,2.195571302343018
797,2.4520936889252325
798,2.8893673434555116
799,2.786799359177932
800,2.6743004698564445
801,2.451302151626864
802,2.4106120448793433
803,2.4987057709188765
804,2.475813927173012
805,2.7424725162702517
806,2.688452700039459
807,2.544828037761186
808,2.3926250617133094
809,2.280673536015977
810,2.2730731921719385
811,2.0689351634333586
812,1.9750778967799076
813,2.0069538428249594
814,1.887480278932381
815,1.9074865981615479
816,1.9774625966976778
817,2.041096960798611
818,1.9348993279765117
819,1.858522188104962
820,1.8852232832879618
821,1.8863197872522992
822,2.04896967115185
823,2.2183824970580575
824,2.9146814066539433
825,3.6904302949937247
826,3.762742066339779
827,3.709647121889638
828,3.2694734538457264
829,3.292551058197828
830,2.9330446711338363
831,3.251400907313688
832,3.4840532613878734
833,3.5813371225940505
834,3.4417160123760704
835,3.6980716220660708
836,3.68602501379687
837,3.630200900468179
838,3.6142873875163684
839,3.3925466676114104
840,3.3022853443622426
841,2.943744214807679
842,3.131230120276691
843,2.4378068126626555
844,2.7087844670808154
845,3.0085999903723275
846,2.856258447091941
847,2.3716937003211296
848,2.2649872578114105
849,2.925518799266155
850,3.1025599401957984
851,3.0360115650125237
852,2.813072615235639
853,2.594593928696383
854,2.4628454430538653
855,3.15133525638367
856,4.2505847699035835
857,4.187567894719293
858,2.9249124795108656
859,2.728729902618376
860,3.3450619791410245
861,3.1076872910236832
862,3.7384061506801807
863,3.7168688818546145
864,3.7538556349850283
865,3.823491365175223
866,3.538539697232217
867,3.681140238201249
868,3.8952822920475723
869,4.385852651582241
870,3.7548982881798034
871,3.3960507584843107
872,3.083945294045353
873,3.1037337002014804
874,3.1431711963745936
875,3.502325005817125
876,3.1060379362720902
877,3.0734093976284065
878,3.24040084756419
879,3.31309946528368
880,3.0914928982930276
881,3.753099786138751
882,4.073531382855937
883,3.6612098263070103
884,3.9718594863121717
885,3.8642381997254533
886,3.2910653563439918
887,3.1169293808096246
888,2.9890062803342157
889,2.889773309503937
890,2.9603329147838795
891,3.101516432042327
892,2.925590254693975
893,2.8212297597342526
894,2.882818178776273
895,2.7516878243322775
896,2.8389790977159306
897,3.141870880660195
898,2.869736174534155
899,3.0501660018549193
900,3.136852837164939
901,3.26734183893686
902,3.11733412508179
903,3.108373378236309
904,3.183362856538623
905,3.23861733119178
906,3.5841927754200196
907,3.1694722875448234
908,3.4116078658421967
909,2.806864327731035
910,2.9519625016210282
911,2.88074324529708
912,2.8510689543345955
913,2.95241672984121
914,2.7829077577957206
915,2.7325203497220225
916,2.7558009713978837
917,2.8816210605547714
918,2.7925187078103924
919,2.7525222161985385
920,2.532546417779961
921,2.7465897943402227
922,2.702210444608378
923,2.383609819307008
924,2.9424699806362877
925,2.8587550207650967
926,2.7426757848757615
927,2.3456527727951566
928,2.273548632832684
929,3.1154977669375654
930,3.111879104739972
931,3.1714311277913545
932,3.1519574265783343
933,3.234967095538359
934,3.449943662394859
935,4.187675368599673
936,4.377566473669608
937,3.232916820047485
938,2.815558086552344
939,2.456345528263471
940,2.6079499477678176
941,2.32001329499783
942,2.2847520921372286
943,2.6480037895185253
944,2.854187556909411
945,3.680126818023452
946,2.7360605719885576
947,2.824614890442061
948,2.833662800533044
949,3.6221167163975245
950,3.7501553311201525
951,3.6349963247148556
952,3.828416482035758
953,3.6805455343830005
954,3.7508750074760466
955,3.536455779488863
956,3.5122507723900243
957,3.383661354396103
958,3.366453542205672
959,3.232582419414867
960,3.325241432784693
961,3.1001987394780857
962,3.2739616211817215
963,3.1839004666161967
964,3.2652898752525856
965,3.206240402703094
966,3.209567472962992
967,3.464448561196656
968,3.5536907515109686
969,3.668723824246644
970,3.7475037063102077
971,4.097977557805254
972,4.45968992741133
973,4.725575370969905
974,4.841352730679317
975,4.809213348100283
976,4.7248116632513515
977,4.780710175911698
978,4.87027149012196
979,4.623942431286926
980,4.545116882645937
981,4.332579886905087
982,4.186440679805049
983,4.015065349712507
984,3.959599459661325
985,4.220821240008107
986,4.397425107726967
987,4.52562808009884
988,4.359182298669666
989,4.54733189762562
990,4.453114533060022
991,4.421043362041719
992,4.446398527677051
993,4.174368968893626
994,4.361600499245018
995,4.311763300302541
996,4.353577671602548
997,4.267586351189567
998,4.252939193343207
999,4.078565292136342
1000,4.045197953726972
1001,3.8690152277000003
1002,3.9955234888411213
1003,3.9221295378080434
1004,3.801759312804816
1005,3.8889375499452234
1006,3.624943521396137
1007,3.7239565831266312
1008,3.810624994204964
1009,3.670387649054471
1010,3.6582005229944796
1011,3.771226950387348
1012,3.6628306453669413
1013,3.566737793990916
1014,3.8374915962138054
1015,3.854632900695718
1016,3.814966039030709
1017,3.7829554408508304
1018,3.932367971391972
1019,4.154960451645985
1020,4.111380369883196
1021,4.397786143207456
1022,4.677050490645367
1023,4.692019349873351
1024,4.979226679235104
1025,4.955456595761134
1026,4.86009790073827
1027,4.902389095896127
1028,4.840789648020128
1029,4.831550087617191
1030,4.830001029033676
1031,4.641931698981053
1032,4.4395775271510844
1033,4.454919575780707
1034,4.490350186801722
1035,4.35121434518882
1036,4.394956567656957
1037,4.260384275185346
1038,4.291060288385424
1039,4.202044748942098
1040,4.111467164116641
1041,3.6792871853750593
1042,3.586989358221894
1043,3.5078254295567075
1044,3.6126306163535418
1045,2.519218332997082
1046,2.450846410657165
1047,2.6578655243935128
1048,2.7354338108723204
1049,2.7549934610193136
1050,2.603991172719162
1051,2.353123666918556
1052,2.553775641451925
1053,2.190478880783382
1054,2.240824934837841
1055,2.2825561618315855
1056,2.2793563054641086
1057,2.446949441661924
1058,2.3983071142237464
1059,2.401949090247935
1060,2.3716029981125812
1061,2.3908322936735953
1062,2.6672225414885613
1063,3.1755585792358425
1064,3.1499629897121473
1065,3.1540087737632674
1066,3.2148438787140448
1067,3.192440619527633
1068,3.1653953495079645
1069,3.1929816211151967
1070,3.1731371226455733
1071,3.095316311201678
1072,2.977131511559894
1073,2.9971409074485136
1074,2.930079030320819
1075,3.1040934283031536
1076,3.006267542012275
1077,2.965873099023471
1078,3.0371654559952455
1079,2.9198601180364077
1080,2.7973192008379284
1081,2.8631524983250816
1082,2.4898666245514156
1083,2.696852703645417
1084,2.6767159750397362
1085,2.7222590787534773
1086,2.523151021185366
1087,2.2708623973536546
1088,2.299157908851531
1089,2.24740586054979
1090,2.187175922656181
1091,3.0260737195086675
1092,3.040740021229731
1093,2.4499988080436266
1094,3.1255320905794157
1095,3.050477695016961
1096,3.523364864326575
1097,3.4861969854727257
1098,3.4136733713955043
1099,3.492556855105123
1100,3.494369402186605
1101,3.5157083277773085
1102,3.441582832272527
1103,3.3709138695647085
1104,3.370401090172274
1105,4.026403122278471
1106,4.077994755272334
1107,4.296729158383389
1108,4.319097360876406
1109,4.397400271584936
1110,4.349633447071034
1111,4.371131986537873
1112,4.408842762710451
1113,4.3498630005879395
1114,4.270243952168267
1115,4.257401382238197
1116,4.307382878935944
1117,4.275779817809883
1118,4.250054912506853
1119,3.8488570598014085
1120,3.7486113677847905
1121,3.438781699898859
1122,3.180173603939208
1123,3.2796458569799536
1124,3.395728033770856
1125,3.345555555769351
1126,3.495028484438699
1127,3.6326053403027787
1128,3.818094680782682
1129,4.115357724972135
1130,4.351643948781587
1131,4.456846694221701
1132,4.7275699670023235
1133,4.598336085960611
1134,4.5504022349471835
1135,4.538693331318918
1136,4.270162865389583
1137,4.650221611980548
1138,4.68693321390606
1139,3.9599931388286502
1140,4.637667542404046
1141,2.8336819258340875
1142,3.299847462431662
1143,2.6567069147404037
1144,3.5877730398948167
1145,2.809415190567772
1146,2.641017762412606
1147,2.4468408114883125
1148,2.4043862813418153
1149,2.287357953243438
1150,2.2330602611069
1151,2.162480012606588
1152,2.124573177457071
1153,2.102962650258053
1154,2.270893698957419
1155,2.586802615211129
1156,2.454396059624183
1157,2.281083305572831
1158,2.2749205422083234
1159,2.643807340012198
1160,2.2793964631430077
1161,2.424527873586367
1162,2.4069466772740506
1163,2.435755813137033
1164,3.03444714866109
1165,3.063279035211478
1166,2.988543421262702
1167,2.906905621121004
1168,3.031643258077665
1169,3.0749541255940738
1170,3.387074290020011
1171,3.4498387656608838
1172,3.416813815431423
1173,2.9927231827274934
1174,3.5506006281362232
1175,3.4920592529332706
1176,3.303205491902409
1177,3.3567008346663383
1178,3.3991129926031496
1179,3.3360807534544668
1180,3.399761982136297
1181,3.425186888901033
1182,3.187896903769512
1183,3.104969516951003
1184,2.9343963895131604
1185,3.381418989939394
1186,3.2435909467170343
1187,3.2267382456604548
1188,3.2097662499261883
1189,3.383993080566521
1190,3.3328607817322515
1191,3.199678893560777
1192,2.9067739772805616
1193,3.0308201754032185
1194,2.8762131486828793
1195,3.03410376789201
1196,3.0437665506549805
1197,2.84453089346124
1198,2.890883138137977
1199,2.9568812308731776
1200,2.8876617383602654
1201,2.9239906378740113
1202,3.127926102417975
1203,2.8067431774554894
1204,2.8211954477790346
1205,2.8042558876683645
1206,3.121374354877758
1207,2.907410528359459
1208,2.891692147900629
1209,2.7906366808050262
1210,2.815787557998008
1211,2.8978170745537595
1212,2.9341900722505083
1213,3.056751317418833
1214,2.8963865241216364
1215,2.867116439769887
1216,2.886222319195828
1217,2.8824651480146923
1218,2.816733391331342
1219,2.9425755701865173
1220,2.8091311303018016
1221,2.863648460575204
1222,2.634560238717449
1223,2.8355615174656434
1224,2.849228454645899
1225,2.8683966858711956
1226,2.8943422835939527
1227,2.6165328827181242
1228,2.796197979597337
1229,2.659173211665217
1230,2.4968604784894164
1231,2.7902940322723335
1232,2.914794230506223
1233,2.862120346406607
1234,2.810822008082492
1235,2.8296122755355184
1236,2.8087210221076577
1237,2.5775747002219176
1238,2.725306463835628
1239,2.845157175625044
1240,2.707910949125837
1241,2.651060004739337
1242,2.726146819682615
1243,2.8690168681253874
1244,2.763568154849914
1245,2.6872037979043615
1246,2.7067033845644253
1247,2.7444736054265744
1248,2.649229496427179
1249,3.3024680656331493
1250,4.274145478660701
1251,4.4670502788435185
1252,3.7587034172677707
1253,3.6227585438767904
1254,3.672653718126173
1255,3.5232159001131946
1256,3.4941180097225377
1257,3.004333491666999
1258,2.977216690322566
1259,2.894611423048895
1260,2.9328453173155395
1261,3.120585363181648
1262,3.054934871408645
1263,3.2266459560798504
1264,3.3206715788772216
1265,3.9070598099815546
1266,4.643653942037174
1267,4.845121239915409
1268,5.053345833558286
1269,5.051519486204563
1270,4.6624490147193205
1271,4.508251446759823
1272,4.557354028636748
1273,3.6329738240244307
1274,3.538996527607272
1275,3.434019800675268
1276,3.375974264799216
1277,4.331697399833625
1278,4.635362760140686
1279,4.760478292766968
1280,4.306338829468574
1281,3.6844265987081806
1282,3.5063219878675165
1283,3.111360545487569
1284,2.9994253346905104
1285,2.9737522007832715
1286,3.0250312814439897
1287,2.9598229968978456
1288,3.0244299323508086
1289,3.193674635025936
1290,3.3328063548236107
1291,3.3472756457696686
1292,3.5911656623906536
1293,3.426144630502132
1294,3.8687474901845658
1295,4.061104158849988
1296,4.132652658051724
1297,4.143608205845954
1298,4.250646739530501
1299,4.398828285960023
1300,3.8992294842442066
1301,4.206082653092896
1302,4.26263155983666
1303,4.3258302882047355
1304,4.116088815871896
1305,4.291832265940403
1306,4.151098974918506
1307,3.8354805238063845
1308,4.258483549492399
1309,3.881184428379635
1310,3.6680064318451295
1311,3.871307507985356
1312,3.250058423429153
1313,3.3882998862527365
1314,3.2023374940420752
1315,3.384398049789116
1316,3.135386091505759
1317,3.421653475303563
1318,3.2502139410455952
1319,3.331376372171757
1320,3.43385469897563
1321,3.389821673256858
1322,3.860606752041232
1323,3.636409122799434
1324,3.4621526909263975
1325,3.4155560014682704
1326,3.4048343020165714
1327,3.4239221802734123
1328,3.254382017765058
1329,3.389523800155448
1330,3.1177023588905253
1331,3.0874770648726138
1332,3.131632050953539
1333,3.0894104715891415
1334,3.2230926825586446
1335,3.1153401312389173
1336,2.8018871642792904
1337,2.804852833298678
1338,2.842570299714526
1339,2.858238881715974
1340,2.831315724463872
1341,2.8591838089995663
1342,2.7982449804325933
1343,2.7801228503037847
1344,2.811026406075073
1345,2.8557375782494026
1346,2.855056019047226
1347,2.843605807416069
1348,2.860928174370351
1349,2.8144426129716256
1350,2.915264820330935
1351,2.841447644150763
1352,2.7589223465502646
1353,2.7883938574022036
1354,2.574509805545795
1355,2.7743187223058365
1356,2.6086269808225873
1357,2.7775899985086263
1358,2.7826047572461285
1359,2.7944976143889857
1360,2.7418237302893695
1361,2.635077791110876
1362,2.764219600480053
1363,2.5890099851868293
1364,2.6147589435201626
1365,2.4847940967936446
1366,2.470645785374914
1367,2.580099125987952
1368,2.6075496722186893
1369,2.6529402547736662
1370,2.5638806370369345
1371,2.4772501303866976
1372,2.539810044582991
1373,2.5974736197765336
1374,2.5072645682261023
1375,2.819120642549612
1376,2.8433362426232236
1377,2.7923957270210416
1378,2.763783055155482
1379,2.754297553284404
1380,2.804022966884457
1381,3.084809059321562
1382,3.6428387781655722
1383,4.225231582622822
1384,4.3793357703416
1385,4.781823458623727
1386,4.842020463690767
1387,4.953617626332413
1388,4.663148823688653
1389,3.9544932753154587
1390,3.5812061818597205
1391,3.5589344105659335
1392,3.5761745348206264
1393,3.6041163337308424
1394,3.476889361965543
1395,3.08273139907387
1396,3.4174270648151923
1397,3.163033999508774
1398,3.3494581229667397
1399,3.3596544861017033
1400,3.437135844680022
1401,3.469553965635038
1402,3.3963562263119207
1403,3.406249140469556
1404,3.3676723257600423
1405,3.386884392388674
1406,3.488159826998186
1407,3.54183277597046
1408,3.4153755705844184
1409,3.5178045094160533
1410,3.4150306700678357
1411,3.456104166015893
1412,3.4471915612004174
1413,3.469910087869123
1414,3.5256931035505135
1415,3.470121210497766
1416,3.465518369164637
1417,3.5258229318648007
1418,3.3817642603709017
1419,3.4399865730280537
1420,3.296088442082307
1421,3.223097559242655
1422,3.246816086047921
1423,3.30822840931955
1424,3.2014210076780163
1425,3.1296633841854224
1426,3.125129088660001
1427,3.248733979338302
1428,3.288097963135228
1429,3.2285470031315766
1430,3.2209019118571898
1431,3.380469444272882
1432,3.3895187975260326
1433,3.357244505343349
1434,3.3234071069645954
1435,3.333333098083238
1436,3.433371074846552
1437,3.372305672116303
1438,3.284557327951906
1439,3.3018288312104733
1440,3.3632871661018706
1441,3.3413365932780335
1442,3.2327111373701958
1443,3.257838002333137
1444,3.1504643997915847
1445,3.119660693838027
1446,3.1238804770164084
1447,3.175748505666012
1448,3.215294219435845
1449,3.2173216463440015
1450,3.196213324374438
1451,3.300622735245429
1452,3.3282208354005975
1453,3.4752290533462395
1454,3.511090166208127
1455,3.4611619597187975
1456,3.5257244524555955
1457,3.234662235900174
1458,3.3170431329235472
1459,3.347273847732664
1460,3.1880435484954455
1461,3.5942982486167554
1462,3.3863319958745617
1463,2.8896158412273287
1464,2.8335887700770983
1465,2.7490825664724596
1466,2.75450105538687
1467,2.6302384701393895
1468,2.6386050567342156
1469,2.507274459404534
1470,2.583653421418932
1471,2.422511320703551
1472,2.6076977500468783
1473,2.615729985837898
1474,2.3451674357961325
1475,2.8066475433755063
1476,2.659744001314819
1477,2.4909993056556345
1478,2.5512398242081167
1479,2.5394667821648214
1480,2.6096443271842555
1481,2.56219463675568
1482,2.5296025302505516
1483,2.493604938602598
1484,2.564573787335608
1485,2.4970865141932745
1486,2.8406591471677904
1487,2.5987612999885634
1488,2.8062849073149687
1489,3.009840203300885
1490,3.0679184353107716
1491,3.5410454802751996
1492,3.4890129783507766
1493,3.1683935036351505
1494,3.3754427935237374
1495,3.4027752972213587
1496,3.4117838011204085
1497,3.594809198179825
1498,3.5324214331470456
1499,3.3686237638963
1500,3.17266006775137
1501,3.184323309794457
1502,3.0486611085365802
1503,2.9438164502850763
1504,2.995569313315736
1505,2.9045604882521574
1506,2.802776223592435
1507,2.6241831689646955
1508,2.5054147393061714
1509,2.544338201743801
1510,2.557803916094915
1511,2.5212787236338556
1512,2.4620598430622787
1513,2.5086681155809294
1514,2.7939128942897455
1515,2.8126897103203037
1516,2.741985641246326
1517,2.644518796110894
1518,2.5808337984220766
1519,2.7417722904249224
1520,2.5900728452881876
1521,2.649984954488983
1522,2.502543800611571
1523,2.4648291249037175
1524,2.528545253806223
1525,2.5146417271866386
1526,2.863858096253955
1527,3.9548883865451403
1528,4.175137743836157
1529,4.2041194153904105
1530,4.31007148596805
1531,4.405842106471087
1532,4.113851159073131
1533,4.5605142437572095
1534,4.694756743199007
1535,4.852958877993054
1536,4.851214893610829
1537,4.913863467031313
1538,4.888931977931007
1539,5.1129473200731805
1540,5.107540904938024
1541,5.069129014747024
1542,5.126724440704753
1543,4.95984873485643
1544,4.9737205746103
1545,4.894355510642612
1546,4.975117983302086
1547,4.816197771524745
1548,4.768853609587481
1549,4.789348604646217
1550,4.436771107466964
1551,4.4277921933255495
1552,4.1728414674872685
1553,4.216582317160472
1554,3.603121628550614
1555,3.4642329806579766
1556,3.4703413054820085
1557,3.499587297724379
1558,3.535617748508182
1559,3.392851512576665
1560,3.8520538993977564
1561,4.024598901603258
1562,3.766587592671029
1563,3.815100247474904
1564,4.051121233133064
1565,3.8594569005360997
1566,4.1508124156163415
1567,3.968849313067487
1568,4.243258920821151
1569,4.289612215050613
1570,4.274931504531697
1571,4.289612215050613
1572,4.295316375937192
1573,4.339527860211903
1574,4.326360963660179
1575,4.277947215050612
1576,4.168275645296275
1577,3.829012056435903
1578,3.785938348284753
1579,3.6852706459117406
1580,3.6028713455005126
1581,3.9138467360241314
1582,3.578642449021096
1583,3.570512673865826
1584,3.602069897974761
1585,3.7659207825618846
1586,3.707008490912709
1587,3.896124729650465
1588,3.7823422809149068
1589,3.8596245458269354
1590,3.988510125999501
1591,3.975673944209216
1592,4.128462330424249
1593,4.369223243582045
1594,4.4413349900378085
1595,4.3742712246937705
1596,4.43555750508005
1597,4.382429251329491
1598,4.288967796550391
1599,4.221550486895027
1600,4.176261197256787
1601,4.08227911144565
1602,3.899993790847968
1603,3.8394022254448403
1604,3.8884918989735877
1605,3.823781488983427
1606,3.706670781204309
1607,3.3121542484887363
1608,3.232508825093287
1609,3.3588542961048984
1610,3.3593885298136
1611,3.2984165800291394
1612,3.3105768140439333
1613,3.3856643892626543
1614,3.504594052078756
1615,3.487111620371804
1616,3.5400286684286564
1617,3.5166653813576816
1618,3.278185084810563
1619,3.5086263288197492
1620,3.614804279859795
1621,3.451609543556384
1622,3.4485392541291082
1623,3.3214470943576173
1624,3.470222714617193
1625,3.617863537035375
1626,3.4501409410388466
1627,3.4500313846772075
1628,3.2746800880659834
1629,3.1435661690024994
1630,2.825492920525277
1631,2.8407194333711665
1632,2.8525609072301177
1633,2.675630298065863
1634,2.7492871260886496
1635,2.6060504112300458
1636,2.49161657670232
1637,2.380243998320073
1638,2.3054734371759538
1639,2.198980280830902
1640,2.1603670296214452
1641,2.1489250527096933
1642,2.183156492141498
1643,2.070650672103236
1644,2.1190148547634386
1645,2.1578440440286277
1646,2.2635747515473486
1647,2.378678259809132
1648,2.2731192620784437
1649,2.3267433205530863
1650,2.275790130931302
1651,2.4173129062923424
1652,2.296043888460162
1653,2.1884630188367007
1654,2.1762530020870305
1655,2.204667601713063
1656,2.3713693863825145
1657,2.7761991851239185
1658,2.7954033562607705
1659,2.9408467144427037
1660,3.3269817705080045
1661,2.5071711358767725
1662,2.711059382871179
1663,2.9048104293989656
1664,2.8557845522059826
1665,2.8366864903625375
1666,2.8993583901017166
1667,2.871289504112251
1668,3.127733122380498
1669,2.8554318037022344
1670,3.2055332234053044
1671,3.161417603880575
1672,3.0933432523755173
1673,3.0371587277720913
1674,2.990139648223537
1675,2.9579380234443566
1676,2.643475397284956
1677,2.8594755807866394
1678,2.9938342078082836
1679,2.8725767108133557
1680,2.536663712391151
1681,2.683517806234606
1682,2.865499892589985
1683,2.9153336919371893
1684,2.82023967260727
1685,2.8735028181641877
1686,2.7278990187804477
1687,3.334961919932273
1688,2.959531624349307
1689,2.9518120182103598
1690,2.7746206414404977
1691,2.707877629765895
1692,2.82242949590237
1693,2.762315053364738
1694,2.7625421790846576
1695,2.5346811099507236
1696,2.6718094686488065
1697,2.435234143582101
1698,2.4848094548124844
1699,2.4150614317998307
1700,2.2774061119295546
1701,2.329206832669921
1702,2.391262761417131
1703,2.44745482663756
1704,2.509693837792119
1705,2.192633476033515
1706,2.209973358774505
1707,2.1753124108588913
1708,2.1566434824586755
1709,2.107973942884947
1710,2.1548614746176247
1711,2.1520229198913507
1712,2.1241334691170666
1713,2.147703978965874
1714,2.0773659156045894
1715,2.168146880768613
1716,2.054686556466438
1717,2.2294356250852907
1718,2.180033296151698
1719,2.1703998617841096
1720,2.080375019301301
1721,2.2243718324116712
1722,2.17423758074604
1723,2.146233424404429
1724,2.120775236098259
1725,1.9607376033275994
1726,2.0087042251566
1727,2.001427794667702
1728,1.9987075766204994
1729,2.0489483165746307
1730,1.8825751780451914
1731,2.12482431108059
1732,2.1220562271504493
1733,2.249098470681197
1734,2.260312531548709
1735,2.32739736887348
1736,2.4500267312851314
1737,2.328892619096869
1738,2.438269189763251
1739,3.6750702067843877
1740,3.995032933327602
1741,4.102452803690455
1742,4.34792346518237
1743,4.32299602752133
1744,4.656184424114858
1745,4.613325950485779
1746,4.641209421977467
1747,4.518301707753131
