,0
0,3.058843814686421
1,2.7991410605909697
2,2.891468653738131
3,2.936289118334412
4,2.8601386462385423
5,2.910951045524908
6,3.0958954876258664
7,3.206286229037493
8,3.3430392136391185
9,3.4217220233234147
10,3.43805301425208
11,3.4061167034587347
12,3.364211414970578
13,3.2814002642129503
14,3.21400760046959
15,3.040891344362453
16,3.0027434522632332
17,2.943492316059564
18,2.8933417424166583
19,2.837710529184554
20,2.6984763663604117
21,2.6271255183214763
22,2.5791751945096246
23,2.5984124012720335
24,2.632391835951362
25,2.724398278628572
26,2.8517712320190176
27,3.010829778033872
28,3.168130275846319
29,3.3946478347124325
30,3.5579677165736188
31,3.7457994903339293
32,3.6163437446694626
33,3.6921342991272716
34,3.6492866360547573
35,3.6432193437280107
36,3.64152510624661
37,3.5629972740813116
38,3.5454613095021235
39,3.5386759655308144
40,3.51067794080923
41,3.493069071337855
42,3.4880984340650856
43,3.460841452676633
44,3.4790476335386864
45,3.4390952946732463
46,3.3221306183587824
47,3.4578702478290353
48,3.344772587910974
49,3.1685099554158245
50,3.251133213400751
51,3.1458980787436506
52,3.0440156818444617
53,3.078438732437918
54,3.5831793537108614
55,3.452375703026296
56,3.725560137524612
57,3.5096374924309375
58,3.6751320294362335
59,3.637840552421341
60,3.2896655892979365
61,3.673174281748504
62,3.665736571144029
63,3.6645634570053716
64,3.6873116099213186
65,3.655841565355661
66,3.6801801938521628
67,3.62552060121484
68,3.654762377082825
69,3.663042438555491
70,3.61630014982465
71,3.488503704627509
72,3.3900457450959314
73,3.2085135720306166
74,2.978187527976901
75,2.9579756542611295
76,2.8864599574762595
77,2.9053944208566627
78,2.876920138634952
79,2.9071558250554275
80,2.9599064399267934
81,3.0514546476101048
82,3.2859444694303783
83,3.469667293520821
84,3.8283170297069136
85,3.85873775269219
86,3.9965659788807515
87,3.9590125955009876
88,4.156053072559869
89,4.215507877129241
90,4.3525855331066206
91,4.536273522399695
92,4.552259482909006
93,4.480376950040322
94,4.462259604894943
95,4.468131394418719
96,4.530816881380376
97,4.462796101391266
98,4.415726208785236
99,4.4518383429374415
100,4.2529862305552175
101,4.284334520613901
102,4.413443934140733
103,4.3415897792201354
104,4.334479777128618
105,4.419982649528685
106,4.525430519613495
107,4.608831351489646
108,4.664643983497622
109,4.760855304356615
110,4.759503069588883
111,4.73462540636941
112,4.582511922882354
113,4.558206958949437
114,4.426495929243723
115,4.3618030674566866
116,4.272232210575778
117,4.21798666160343
118,4.037478226261308
119,3.78911580141087
120,3.7576645671011843
121,3.639928786826832
122,3.673426498223518
123,3.7542562636643324
124,3.7160046449800355
125,3.7462561400241796
126,3.1642436269801393
127,3.34505359624201
128,3.0279390512656
129,2.8938983979917214
130,2.9191563406342853
131,2.9992393233871244
132,3.2864687917662443
133,3.4233674526092273
134,3.4386534380607157
135,3.534012831701516
136,3.4007611436869474
137,3.5482659496433824
138,3.5377856311537865
139,3.667198380624608
140,3.6227673625423953
141,3.695470142333638
142,3.7749053593435673
143,3.8875714257533365
144,3.906736620267133
145,3.9775798098893653
146,4.232215412578081
147,4.257254906676287
148,4.369951230515563
149,4.313630222420817
150,4.345052916930102
151,4.263440600092073
152,4.306387311140037
153,4.322226345353114
154,4.57193962943796
155,4.4642003695017225
156,4.525710440912565
157,4.558248311963259
158,4.607532793335331
159,4.522668687788089
160,4.809993157222996
161,4.83242091183884
162,4.7136655282477395
163,4.874904740831578
164,4.658705231873664
165,4.548239312557744
166,4.447219816283031
167,4.34545225176108
168,4.181609973476643
169,3.7551371826158957
170,3.809930688830913
171,3.5926126476512845
172,3.624476088865503
173,3.791164119912877
174,3.8241361784402765
175,3.8123377114130044
176,3.8344550996041438
177,3.929330079055479
178,4.017665975924623
179,3.837620027440188
180,3.916734073939619
181,3.8704923160235927
182,3.687366374038516
183,3.6486367685275276
184,3.550107115027052
185,3.275318888976696
186,3.4266363211283832
187,3.1599192826595033
188,2.934537538704656
189,2.7950199615408535
190,2.6148074160637074
191,2.4983414329625875
192,2.4249208088169705
193,2.4061580925171615
194,2.3888847488794105
195,2.3551256967574297
196,2.223661760884678
197,2.198294043615903
198,2.1438951102273576
199,2.1100149250875306
200,2.128796473261364
201,2.1755955816994574
202,2.2048929894504523
203,2.2449018591149064
204,2.4721556363968378
205,2.3261365193013748
206,2.6625397931232957
207,2.5700140319192166
208,2.589069284275898
209,2.800674931055432
210,2.7882974042699367
211,2.765828185622409
212,2.7045231210058898
213,2.648872773261333
214,2.639405565606086
215,2.54007575404322
216,2.74173169329168
217,2.6686195221629285
218,2.658650957622823
219,2.6097577421229086
220,2.6149707196693197
221,2.456589815502476
222,2.4903610701852745
223,2.3924005273021742
224,2.57849327009868
225,2.1716913175842443
226,1.9973307737677874
227,1.9701700707793202
228,1.9631224044443374
229,1.9187329110689226
230,1.8680104751327054
231,2.2169284973642127
232,2.0578634688589066
233,2.168906633785181
234,2.3400845143010693
235,2.411155841327063
236,2.3466254416434547
237,2.183444626846235
238,2.522890869820685
239,2.2488188599415775
240,2.228117551342638
241,2.3572290255788375
242,2.3734107278440724
243,2.207473494686721
244,2.2292511712813807
245,2.262246998210658
246,2.2709754093259047
247,2.289348535905986
248,2.234887756473677
249,2.1712469284404032
250,2.137595550982229
251,2.0973471226410463
252,2.0305868649262
253,2.003745864400223
254,1.883081483708956
255,1.8502149787556879
256,1.846000836105795
257,1.8845649036693335
258,1.8131008042304808
259,1.863384923142762
260,1.773265917723661
261,1.8020278866088795
262,1.8411573791072307
263,1.8823259495942135
264,1.826925316762989
265,1.9802829398879724
266,2.0074496846280008
267,2.0094294229664444
268,1.9811940749901449
269,2.169960211627405
270,2.2004855589061134
271,2.319315107240135
272,2.152617176828507
273,2.169551829402281
274,2.099523228236153
275,2.115972660614779
276,2.0009774764604287
277,1.9536907532665813
278,1.900542851910489
279,1.9769393573794398
280,1.8908178573014838
281,1.6702460405569177
282,1.7590510644695772
283,1.6015784070876953
284,1.7418809732123006
285,1.8805279244953523
286,1.794564079957127
287,1.8269746614566473
288,1.661710575411694
289,1.4672811079487487
290,1.7529188918523226
291,1.5592016325435698
292,1.4081834885903568
293,1.3810477513397692
294,1.4076332063251384
295,1.3930034067804649
296,1.4107439942911515
297,1.2452433643508367
298,1.4039799664298354
299,1.2635869780734563
300,1.2590281452967187
301,1.2710041755059396
302,1.3008884811106354
303,1.4653710783369422
304,1.2380825062189185
305,1.225843615234803
306,1.2460379939444708
307,1.3726218105283023
308,1.137808621367001
309,1.1652284776822177
310,1.2806643883244502
311,1.3690492321438048
312,1.4147640368404144
313,1.6148934675829454
314,1.8053772743593617
315,2.1090038257439954
316,2.711343461777814
317,2.490466038252561
318,2.11629375122675
319,2.237261225002989
320,2.67058694021144
321,2.5792033982977416
322,2.58382235112592
323,2.8668228276852434
324,2.8822884271648896
325,2.776764559508414
326,2.7500276371424968
327,2.749811194528138
328,2.396343497801032
329,1.9956968406195437
330,1.9438777923583066
331,2.1787985852638623
332,2.1284320626516515
333,1.8736073102088575
334,2.2335731101471037
335,2.3068556983885036
336,2.127357095605245
337,2.0498098822128905
338,2.059816386559204
339,2.07436764871803
340,2.1687788116918196
341,2.2283606040320443
342,2.3002858420737025
343,2.3322032857134194
344,2.155042909885275
345,1.7736911641726707
346,1.7296264143186724
347,1.7422908663548011
348,1.6755562326179845
349,1.5705267785172712
350,1.9817357522523824
351,2.12900814722293
352,2.1931857468695055
353,2.1053049959133077
354,2.1479693784166662
355,2.2366086175387845
356,2.3631081881596354
357,2.4068231858159765
358,2.4233743602697264
359,2.529790371102179
360,2.782100115315003
361,2.6284065829413583
362,2.5735785747232622
363,2.676539695620915
364,3.0480274573292543
365,3.1179054963215402
366,2.855137044478918
367,2.944663835232073
368,2.95836141983663
369,2.942369927264281
370,2.9736985640698888
371,2.880335096304028
372,2.585420128873911
373,2.5543286130396563
374,2.588855723089515
375,2.6269916693712863
376,2.540104374544827
377,2.505704105964402
378,2.430422416842596
379,2.3057711976658655
380,2.2687199180703357
381,2.3510273422359877
382,2.2483945185111742
383,2.2175180734078577
384,2.148860506934137
385,2.1824346246457673
386,2.1658081710091976
387,2.3226931963267154
388,2.6815785002177166
389,2.300533353763841
390,2.1882195948058762
391,2.111367213374689
392,2.4249475659852995
393,2.3365305535360283
394,2.353512153097301
395,2.1149688284097525
396,2.0651230344948095
397,2.4863358068228085
398,2.5209129821389764
399,2.4794207516515625
400,2.5102166972075675
401,2.608431645389141
402,2.612349598425077
403,2.7056262323145024
404,2.7271160664530902
405,2.7253294464951026
406,2.7444576435212684
407,2.7375077270270225
408,2.361632844504974
409,2.3577002123447377
410,2.283418113379828
411,2.261264570984448
412,2.717454637394734
413,2.729558925445172
414,2.410812914661859
415,2.2713856412654154
416,2.6670389624074433
417,2.609156535276143
418,2.3791321925011446
419,2.4611142072381993
420,2.3098004108952113
421,2.2700537859130607
422,2.2427807914575277
423,2.3768650663493256
424,2.231223666223403
425,2.398790315511747
426,2.3644016669207324
427,2.3804103520429156
428,2.334039439739588
429,2.3770769667693936
430,2.4011072555374837
431,2.2921194297823075
432,2.346725489217614
433,2.3569464170621544
434,2.2514848313028626
435,2.21949588453163
436,2.240134064409427
437,2.057225312340878
438,1.9739932578164625
439,1.8218789750523505
440,1.794256485517378
441,1.8715140501302394
442,1.8119051655221432
443,1.7700159350168496
444,1.7320615917413305
445,1.924871792574244
446,2.00039914476386
447,1.99542984251508
448,2.1559427712140895
449,2.1439391055931
450,1.9562516019427563
451,2.001960158365116
452,1.958473876162769
453,1.9300703758015956
454,1.731448777597891
455,1.9041320370584032
456,2.2800773465112516
457,1.8546841561137912
458,2.2450673074796366
459,1.9295674068596291
460,1.9073592533115336
461,1.8920987530507276
462,1.692258326343487
463,1.590747252669853
464,1.610888197483747
465,1.8854868000944751
466,1.9069221881611351
467,1.8602066147030547
468,2.285301564053594
469,2.620770443524658
470,2.659545379614029
471,2.757978301772782
472,2.866384697375524
473,2.8705290188234063
474,2.8577956928085473
475,2.8338959476216883
476,2.82530690460294
477,2.798767229966884
478,3.1921129494947547
479,3.2072620091657686
480,3.3901257861287135
481,3.3767884768930556
482,3.3707341332828316
483,3.3575784550018595
484,3.1427393304586495
485,3.0750726777732433
486,2.9737266948953254
487,2.765963401198901
488,2.7635878941430394
489,2.620900775941522
490,2.621612809000787
491,2.620325053926051
492,2.6959924142383427
493,2.8660967086408067
494,2.7709853753766587
495,2.9039562881442085
496,2.77040382615895
497,2.8120314265202575
498,2.3246121598988525
499,2.223849619267706
500,2.0049880896041694
501,2.1245573631719643
502,1.931387482432696
503,1.9510401924388052
504,1.911125562790641
505,1.8919202572674623
506,1.9049776622959735
507,1.9936482726222862
508,2.0290680140556523
509,2.0837322082727523
510,1.95247687535494
511,3.056134107871047
512,3.574738480637335
513,3.7024233812078977
514,3.304953567738289
515,3.275289944000482
516,3.420333028834401
517,3.0779155065705988
518,3.0178958101837403
519,2.8973173056008203
520,2.6210860664415008
521,2.148565017326032
522,2.0733730283054186
523,2.617161632298815
524,2.07148476563173
525,1.9931199991435633
526,2.0823333459390376
527,2.0014300377973804
528,2.0324588042708025
529,1.9451189988838302
530,1.8340386208124235
531,1.786733436005976
532,1.8920278874508047
533,1.985560162508712
534,1.8863282142801607
535,1.5805168440387085
536,1.6011049947226732
537,1.6143666980326965
538,1.615518902499504
539,1.5856879659653949
540,1.6819109914398525
541,1.5420044707190121
542,1.917984274920594
543,2.0460546377403483
544,1.9673731514912607
545,1.9655681217244045
546,2.014088284842958
547,2.1041518340881176
548,1.9130832932168313
549,2.015814442487806
550,2.362593351532755
551,2.511478766469423
552,2.442128677054582
553,2.9029343014538758
554,2.799924458736478
555,2.6989980020429964
556,2.8867875824213907
557,2.762420983846153
558,2.903000353564942
559,2.848022206011574
560,2.8055132117999997
561,2.7937505804234237
562,2.7287172134112705
563,2.7688276727419376
564,2.957588629716792
565,3.141265360735795
566,3.0997754367260937
567,3.031101275933275
568,2.9734991673958575
569,2.8902918025096835
570,2.7547068948482036
571,2.659569367343327
572,2.589621506731684
573,2.6265530874091665
574,2.58985525259795
575,2.557970490293381
576,2.51791159764967
577,2.5848187477752456
578,2.581005254664266
579,2.6533701863169274
580,2.7174632616343937
581,2.7009674979870844
582,2.7724545595498986
583,2.9804314366887414
584,3.0438279161120043
585,3.1078079748574856
586,3.196055838507928
587,3.2498482507647077
588,3.3381650641981206
589,3.3114781364188257
590,3.2737207335437866
591,3.255979277511847
592,3.2806000273955376
593,3.3053302766923305
594,3.334318911835723
595,3.2570588847924107
596,3.3564305852509633
597,3.4807068640760424
598,3.415472975143622
599,3.4963638734590683
600,3.6322959635187555
601,3.7500066929748885
602,3.8131310192613954
603,3.9217549450566422
604,3.8960095250813835
605,4.012967502699143
606,4.146123742008729
607,4.138233044342727
608,4.108397419472369
609,4.063018544399801
610,4.141141812182084
611,4.247508844008052
612,4.006359052508866
613,3.887942914152895
614,3.8801332309445797
615,3.6884002106836027
616,3.6246254219787994
617,3.61309837938178
618,3.616000463157836
619,3.482043541438543
620,2.616575092210032
621,2.284031247569159
622,2.4838441261160336
623,2.0810028826331037
624,2.2051549723755612
625,2.2528309080346416
626,2.2912128380216874
627,2.1457408385935426
628,2.212273382388322
629,2.1249205949660723
630,2.1193933201903685
631,2.1237658389719463
632,2.1515928312763677
633,2.1126706919973097
634,2.130092890285686
635,2.335962135240615
636,2.1365570804475364
637,1.9549630135282046
638,2.511410098085669
639,2.4870927774236247
640,2.5570095214534905
641,2.3863069299471364
642,2.3248162430511297
643,2.3600134766904857
644,2.2435770752898345
645,2.2372674726938118
646,2.15958085192651
647,2.1365904313160384
648,2.206115051453688
649,2.2270486036662303
650,2.2371932279329836
651,2.255075863730073
652,2.2787565679660657
653,2.696513037278366
654,2.713070935274721
655,2.2888455593267194
656,2.3550013276529644
657,2.576726264381196
658,2.035664357943801
659,2.0687971187635297
660,1.9884772729620208
661,1.9672243385234007
662,1.8093059055418337
663,1.9996955453649563
664,1.7466535236503
665,1.7428584401128024
666,1.896499487742208
667,1.8988851573794494
668,1.8587391524331454
669,1.9169455809644154
670,1.9756025031755737
671,2.1580636533260136
672,2.3454868161018867
673,2.4030733901503014
674,2.4367626212065807
675,2.559431433654158
676,2.5980581087399046
677,2.563481289561377
678,2.581819866838398
679,2.6721820011145745
680,2.656617011848918
681,2.566198057304371
682,2.721196136173441
683,2.6305863386007613
684,2.5856466656576025
685,2.5382521568274066
686,2.4898996028307043
687,2.488136190385973
688,2.4566481193887473
689,2.438599151169319
690,2.4081896675377896
691,2.3629287912280144
692,2.4069497617691344
693,2.3281840495918105
694,2.3818288730062833
695,2.4863366149003587
696,2.591615639050545
697,2.6587148627874218
698,2.6957631970351255
699,2.7661017739606195
700,2.8403480849677742
701,2.97783906483213
702,2.935172676744643
703,2.82294537283645
704,2.7128709429697375
705,2.642338985190858
706,2.656764356812095
707,2.642915808794696
708,2.578228473686885
709,2.547584290789914
710,2.540337971873603
711,2.517473963242075
712,2.5108193928000704
713,2.444123230609851
714,2.3738296667698933
715,2.332261144054495
716,2.3349896904715695
717,2.3539464166398734
718,2.077463135654305
719,2.4842757221075935
720,2.1049639288205326
721,2.14352074067209
722,2.0894505936752124
723,2.0331512422117273
724,2.1017753394943894
725,2.121992355374402
726,2.1778893357201836
727,2.308285651033193
728,2.283614925671123
729,2.462513895932141
730,2.3687566295008353
731,2.6349283106871737
732,2.525952010216752
733,2.5308763884087453
734,2.716775105087606
735,2.7141070799173472
736,2.5168757089012037
737,2.2514534189661273
738,2.27616673355695
739,2.1836481608274343
740,2.2638449522881805
741,2.369808315419703
742,2.4123677873837077
743,2.5319472803090646
744,2.513239638263383
745,2.474301516417861
746,2.549260210036874
747,2.595039209368047
748,3.0341170019752712
749,2.780854724161308
750,3.0352110323682724
751,3.03001884137591
752,2.910636883950803
753,2.766784620628915
754,2.773086505692629
755,2.8427351049228085
756,2.8741221551654585
757,2.9321136139568367
758,3.0461900880126174
759,3.0640955526324674
760,3.045523635666982
761,3.01262336860423
762,2.997535141232946
763,3.018447952377421
764,3.09065114055625
765,2.9730254628077293
766,3.2735391698927034
767,3.270829241565384
768,3.0996190401263366
769,3.2600166082208357
770,3.441841716831589
771,3.4627228471214924
772,3.4203036250871945
773,3.511853915125571
774,3.442081768362933
775,3.4275952614432965
776,3.488872127770506
777,2.193985846566762
778,1.8809174380046543
779,1.8636627499378884
780,1.7429666166341262
781,1.7398266238536957
782,1.807876664999491
783,1.7490817562830445
784,1.7882526853909355
785,1.6868867118593305
786,1.7927603205163671
787,1.7410343328251852
788,1.7582272954646556
789,1.7436207548124105
790,1.7894883181504357
791,1.7583924082619198
792,1.8278513622266743
793,1.768778037880032
794,1.845309286241294
795,2.056456470802189
796,2.066026714736411
797,2.0792584322034307
798,2.132319350946686
799,2.12671392066157
800,1.9093153804872698
801,2.180252972986071
802,2.240117579818587
803,2.28118199697391
804,2.2785292788997205
805,2.299998660049474
806,2.2661309823010853
807,2.4115091381413025
808,2.431119557387562
809,2.3145896387392826
810,2.2411756070557303
811,2.3247717975433413
812,2.26033334957906
813,2.1411106813654017
814,2.178269567747792
815,2.098039902113804
816,2.1297235189323622
817,2.181703280849934
818,2.1776694107583174
819,2.1581647889328877
820,2.211039209193799
821,2.2971954428379213
822,2.450947674790408
823,2.5154285339835547
824,2.454590839414234
825,2.5920928372303385
826,2.496312291601178
827,2.625394960996561
828,2.448569906915938
829,2.4443509077835355
830,2.4239753912568722
831,2.4871610497690018
832,2.491695453954062
833,2.5704607477868593
834,2.4816161135189017
835,2.3770745946549487
836,2.4154422375431617
837,2.3145946785077913
838,2.26561001967217
839,2.27916542342509
840,2.0838646524670907
841,2.0931727669845723
842,2.2465988309138476
843,2.153701866571672
844,2.236677317009355
845,2.0658967309059224
846,1.8680560935268489
847,2.0284687820683773
848,1.8848085264902033
849,1.9835955903063602
850,1.8581705611896728
851,1.7806696037669507
852,1.8171493546186008
853,1.6893241834997068
854,1.754729852058268
855,1.5874351806543827
856,1.5452471942198023
857,1.4589228109274814
858,1.4527566949848232
859,1.2550272857976945
860,1.1708144785058758
861,1.1522776804504713
862,1.2826860682461472
863,1.221951938800753
864,1.2866078579938571
865,1.453100834454551
866,1.3751185528300183
867,1.3610395387320549
868,1.4046628549998028
869,1.7174188270232351
870,1.7570982666035369
871,1.8725412323659918
872,2.0161036823533167
873,2.799656297607676
874,2.7663208167530415
875,2.8739095523579685
876,2.788244696798276
877,2.819199409740887
878,2.776563484691456
879,2.8907640545238524
880,2.830444295763351
881,3.214374534298404
882,3.2552564637722905
883,3.4402527869897486
884,3.445121554345167
885,3.433839490077878
886,3.429900079181376
887,3.271266201245732
888,3.2035043579199067
889,3.0394650702619534
890,2.9352846631031473
891,2.671363378132189
892,2.648812997294241
893,2.616908971572827
894,2.63459079743383
895,2.689968035549475
896,2.638226789329436
897,2.621860173385082
898,2.619998981418998
899,2.7077751915661477
900,2.7420128353188082
901,3.0006281611882346
902,3.3801713948905614
903,3.5723700732564865
904,3.819261015693332
905,4.0785350742206905
906,4.134027553511335
907,4.1149878466653576
908,4.170245376122295
909,4.263036037225635
910,4.400350587884005
911,4.458750524183697
912,4.560462640937258
913,4.568616561541527
914,4.51814088005394
915,4.492643568545699
916,4.567170254324595
917,4.616077105536438
918,4.677254851460125
919,4.739921574194851
920,4.763552377497288
921,4.790741563881681
922,4.801916182549864
923,4.842587620425483
924,4.6819152782415765
925,4.207055859634681
926,4.132797270112066
927,4.450858029896787
928,4.361293843037605
929,4.127409525448627
930,3.927324618028743
931,3.6706855580359217
932,3.328966045671638
933,3.0455986657138676
934,3.6094342672980018
935,2.993524803457297
936,2.7533636377199726
937,3.169818912630602
938,2.531906577176251
939,2.5167913413869774
940,2.668089939197814
941,3.1226714272786773
942,3.3587410550657912
943,2.9240668313193634
944,3.137223926499914
945,2.8927895009591746
946,2.8159025155914605
947,2.5642050552644355
948,2.385840620165227
949,2.654941605901129
950,2.7844020151093263
951,2.440102849567612
952,2.785891002842572
953,2.549841545374585
954,2.6225038447871163
955,2.8520313357124083
956,2.8945553471581524
957,2.4069084749017184
958,2.454489400563223
959,2.398578130726292
960,2.433663709904113
961,2.3594482146099702
962,2.420280729356894
963,2.3421745454502187
964,2.32286004338948
965,2.3075351979320793
966,2.2972660850445155
967,2.3844922427420405
968,2.348755168264801
969,2.4068492014444134
970,2.3395133446681635
971,2.34997456224236
972,2.323085511602388
973,2.36581824833114
974,2.341087752811732
975,2.282881577684609
976,2.2988286843194907
977,2.1546180370891777
978,2.0490896954131284
979,2.182364576640017
980,2.2801116646615824
981,2.218604727880167
982,2.2150133692108414
983,2.2972161770880772
984,2.233107726936922
985,2.189644148791402
986,2.1834437241868123
987,1.916508028259742
988,1.9723918415004362
989,2.031849371611923
990,1.8195854363107964
991,2.0601448257892083
992,2.16870115262223
993,2.187636709474704
994,2.1940205011309604
995,1.9946897628223985
996,2.029964705818309
997,1.933277371227672
998,2.0723457994796304
999,1.9990611708391253
1000,1.7936419271538655
1001,1.5896317321339672
1002,1.639302758884294
1003,1.7626672530872527
1004,1.6244298857822737
1005,1.5918496542930527
1006,1.511645141043359
1007,2.032237092417947
1008,1.4748563287739633
1009,1.3834372061620581
1010,1.3212290423754807
1011,1.365204893276349
1012,1.4164781900714856
1013,1.3375492992087357
1014,1.3516487829733868
1015,1.4987919041626854
1016,1.382504552660123
1017,1.4502679547546364
1018,1.327977190076175
1019,1.3116557227026624
1020,1.280242753637209
1021,1.1645565969338272
1022,1.1231124796504817
1023,1.0662520642266946
1024,1.310001596449803
1025,1.390602356405587
1026,1.4644657713042546
1027,1.4710717630795382
1028,1.5092780664426204
1029,1.5451032361117978
1030,1.8464980677475173
1031,1.8564304475126323
1032,1.8971224830040871
1033,1.8151072722665405
1034,1.6882101484663965
1035,2.020738171443344
1036,1.9742580163759338
1037,2.047097933776658
1038,1.9959503506701317
1039,1.9752666620519153
1040,1.958349542654612
1041,1.9127758991453077
1042,1.943677498871092
1043,1.9051495415915218
1044,1.9271375924396752
1045,1.9249341461000113
1046,1.9982913527543655
1047,2.0094420088891782
1048,1.9877861532353625
1049,1.8792790885909305
1050,1.863931257211073
1051,1.9823339370831121
1052,1.8324638828545632
1053,1.9959060075657986
1054,1.9630012085362092
1055,1.635179879799874
1056,1.5089360926425441
1057,1.7262147261896592
1058,1.489079813613749
1059,1.400532360840566
1060,1.5405884579384892
1061,1.9453616260089734
1062,1.868781619907089
1063,2.0871021871258586
1064,1.8928019484386256
1065,2.369468226413626
1066,2.3631351173624338
1067,1.990609707615979
1068,1.9151208467362193
1069,2.3374468571033487
1070,2.5007603493572765
1071,2.5438868840966333
1072,2.632702584506519
1073,2.6591369208657616
1074,2.4086149884801102
1075,2.359705639855236
1076,2.4463627465963627
1077,2.5591251649881968
1078,2.3189963870240993
1079,2.3721075068948076
1080,2.566776790989201
1081,2.2017600782129922
1082,1.975960257584797
1083,1.9663997256344905
1084,2.0729733242763104
1085,2.183466951955413
1086,2.252034550663683
1087,2.2048424084364133
1088,2.0856637001491074
1089,2.0636470004258993
1090,2.222376252058068
1091,2.1793860610052156
1092,2.2348333566706002
1093,2.3102284342405035
1094,2.3035638927431736
1095,2.3680497771863234
1096,2.344824209013994
1097,2.4558178210843855
1098,2.1312127240626326
1099,2.0523373604631234
1100,2.0459683461443396
1101,1.983449923476302
1102,2.118222987881852
1103,2.0289537082939817
1104,2.0288115648321234
1105,1.9917077607349833
1106,1.9806990531948199
1107,2.478165170970593
1108,2.582751785222529
1109,2.765776264533405
1110,2.4959509346196365
1111,2.689833010883714
1112,2.5608255067714487
1113,2.6381676535193357
1114,2.7983884849294376
1115,2.8669096272076144
1116,2.7650735816196237
1117,2.5697631550694675
1118,2.5981891546289764
1119,2.556627005969249
1120,2.4268711543302346
1121,2.349017031857393
1122,2.4620765263301934
1123,2.4826121111155968
1124,2.4481597463625233
1125,2.4688927466550608
1126,2.3509084218851943
1127,2.413172196725754
1128,2.324999023505274
1129,2.3470354366858635
1130,2.3472969416364555
1131,2.2576659199946842
1132,2.364095460138904
1133,2.3035143251086976
1134,2.2869419034993412
1135,2.3234516022496075
1136,2.2387507347689812
1137,2.24097489693771
1138,2.2181158220258514
1139,2.059179692238254
1140,2.1153447217859305
1141,2.0806383813405485
1142,2.086459355459658
1143,2.111201985097344
1144,2.045326654320406
1145,2.089702522776442
1146,2.269091400175434
1147,2.2359957843509757
1148,2.2906470341111156
1149,2.3283352151341434
1150,2.3135984189356833
1151,2.3508563522694343
1152,2.3530893281841045
1153,2.348537234533418
1154,2.37550301119271
1155,2.3413685420247354
1156,2.5325054455239866
1157,2.38404368136695
1158,2.5257236239267997
1159,2.5263440253896885
1160,2.589017051336764
1161,2.4518951199613617
1162,2.378275662085855
1163,2.3271352704996806
1164,2.259292162356981
1165,2.2765957299060586
1166,2.4363496237400293
1167,2.2407201704177164
1168,2.2425044436922006
1169,2.2749170741955393
1170,2.466824597940195
1171,2.4616519255805773
1172,2.690778957988499
1173,2.9420803000342386
1174,2.932880301558532
1175,3.0149283948138366
1176,2.969708225624175
1177,2.9936897844308707
1178,3.1418438611077235
1179,3.142263904182129
1180,3.2416479220668992
1181,3.2223436669234453
1182,3.221473267699571
1183,3.1466527891679874
1184,3.299964641445203
1185,3.311505049102995
1186,3.2848544227745458
1187,3.3415748827971403
1188,3.3771569375198607
1189,3.3588130811890444
1190,3.297948417761243
1191,3.354748568870929
1192,3.3963294666596564
1193,3.3862792841927103
1194,3.639352832484052
1195,3.7011147035690506
1196,3.927276526617525
1197,3.8881374100455415
1198,4.025221748021912
1199,4.33822098613251
1200,4.189063897619221
1201,4.363758683820577
1202,4.293047081722164
1203,4.312094548679178
1204,4.278394989241465
1205,4.382497593232873
1206,4.3208264518392605
1207,4.371599578387008
1208,4.653046910513391
1209,4.552481299588033
1210,4.4573291348615856
1211,4.377728261742206
1212,4.206296851010594
1213,4.137899508381531
1214,4.091094302665368
1215,4.1326467904702575
1216,4.1610663359944375
1217,4.249139399314925
1218,4.239243970885512
1219,4.333998166865419
1220,4.410512943067228
1221,4.455495053646502
1222,4.429317041835411
1223,4.491782226310098
1224,4.54297369090557
1225,4.529918018049265
1226,4.502736940401364
1227,4.578838942490769
1228,4.5195408141875735
1229,4.0875631901071
1230,3.8572213315741255
1231,3.730992295054185
1232,4.065619785001639
1233,3.611466169360297
1234,3.5164783530608785
1235,3.337102675859651
1236,3.237490255544262
1237,3.1556539012706013
1238,3.1353097847960525
1239,3.1513115066800523
1240,3.188797069578244
1241,3.2841398421531554
1242,3.206346104081747
1243,3.1260732680188528
1244,3.143489138142779
1245,3.087471823395542
1246,3.439989521964619
1247,3.561473237941431
1248,3.459358332236498
1249,3.0807758501791658
1250,3.0232311973503063
1251,2.8584078864470923
1252,2.8869275023982377
1253,3.4472486248530805
1254,3.6698087185359536
1255,3.6001696770358755
1256,3.654579926074992
1257,2.5434817053713714
1258,2.9511237111210127
1259,2.534597001947782
1260,2.8683470884273508
1261,3.442705870488356
1262,3.2684427516600527
1263,3.4847842722273032
1264,3.636598148916171
1265,3.783519054035415
1266,3.8909762765392157
1267,3.9444831854237847
1268,3.8804857149320138
1269,4.001730257120423
1270,4.046652238867685
1271,4.041973201864973
1272,3.821231759661021
1273,3.7443539542937616
1274,3.4433208285271286
1275,3.14664563873461
1276,2.955428438575034
1277,2.987136415467278
1278,2.9724999511017822
1279,3.1262097670152587
1280,3.047872711556391
1281,3.0531859944908613
1282,2.713041399452022
1283,2.6737824124317155
1284,2.9359288114179183
1285,2.868455877377837
1286,3.2407568291063042
1287,3.4323098562828678
1288,3.0622882570332766
1289,2.9733291448245565
1290,2.9703252346917868
1291,2.8326667138815744
1292,2.705674925294517
1293,2.9571146477179373
1294,3.5156317694954686
1295,2.8852795565418803
1296,3.4902614632740865
1297,3.715271770857387
1298,3.468114010981934
1299,3.832346481355445
1300,3.7892144537838255
1301,3.788686028138818
1302,3.6231676323505853
1303,3.605753965351818
1304,3.6681979721337448
1305,3.6389664612592068
1306,3.5924446187372983
1307,3.603931788704351
1308,3.602503207032427
1309,3.5763750477411236
1310,3.497524473631776
1311,3.3129572231088535
1312,3.202922233457
1313,3.1889752327281644
1314,3.143233761082417
1315,3.273573292240827
1316,3.410392264859175
1317,3.8314792028726
1318,4.030550638231189
1319,4.182758044744923
1320,4.119005682598477
1321,4.132337403645482
1322,4.009578939182088
1323,3.916470200384753
1324,3.683507475187122
1325,3.8162355934770495
1326,3.6685025774638884
1327,3.5302320163113095
1328,3.599785556220534
1329,3.220370719152152
1330,2.9495882319431797
1331,2.8473354990008253
1332,3.8752230695087144
1333,4.011341867529696
1334,4.039863785819563
1335,4.086791948730772
1336,4.168460026147081
1337,4.24602046981452
1338,4.199122243879894
1339,4.122549318085857
1340,3.9091891630965496
1341,3.479909004441326
1342,3.0941061754005905
1343,3.0185404622089087
1344,2.739054874294882
1345,2.699398069470141
1346,2.764786587071493
1347,2.4591146468142084
1348,2.8312259822994097
1349,2.8372878899271226
1350,2.921444369947773
1351,3.130886798401443
1352,3.2122825619105657
1353,3.1280698156529
1354,3.2494270443556736
1355,3.2555450358116493
1356,3.03819992345772
1357,3.1893138836472716
1358,3.293045806547515
1359,3.251343202925603
1360,3.2226422416105507
1361,3.0674679620250105
1362,3.0260869454432524
1363,2.9553391348629066
1364,2.903031101619515
1365,2.669387349305545
1366,2.4738370596720403
1367,2.3737222324293437
1368,2.2933874984477836
1369,2.289710473305484
1370,2.3503243588747167
1371,2.390824642162413
1372,2.4341859498630596
1373,2.6319637918546537
1374,3.1273205452003943
1375,3.6720373414218774
1376,3.1250130833958747
1377,3.6597288487674287
1378,3.011110914914121
1379,3.5687923321105877
1380,3.543840406797182
1381,3.732496897777759
1382,3.7902158140937354
1383,3.8280101406819305
1384,3.746271939077374
1385,3.6521745549349456
1386,3.4091577891755227
1387,3.3244929655906534
1388,3.2467159641686303
1389,3.1093620540453673
1390,3.075576158471922
1391,2.9839079238061443
1392,2.9459597889604425
1393,2.867961757699745
1394,2.7823024446795874
1395,2.8076322163363834
1396,2.834653404020014
1397,2.91054144226589
1398,2.9062201457489545
1399,3.1979791797576684
1400,3.412628879803663
1401,3.7682754565523444
1402,4.169802483444826
1403,4.41020742653423
1404,4.7283999574269435
1405,4.8863439393198576
1406,4.8863439393198576
1407,4.8863439393198576
1408,4.8863439393198576
1409,4.876346990474036
1410,4.8863439393198576
1411,4.839656501987556
1412,4.851520294118395
1413,4.878768691780646
1414,4.863688909123953
1415,4.8863439393198576
1416,4.811378670699682
1417,4.673873521473304
1418,4.616821738042549
1419,4.512082436639578
1420,4.296393399742635
1421,4.170007568659181
1422,3.6721450939835956
1423,3.9427741714419855
1424,3.904774558886178
1425,3.7175961128303454
1426,3.6076630589699588
1427,3.6418072522474416
1428,3.1726956235635253
1429,3.633180217818135
1430,3.5649839049756977
1431,3.4797376264001767
1432,3.514898944072785
1433,3.584612813970615
1434,3.617821288320605
1435,3.5069807553184846
1436,3.2176074057046704
1437,2.8859067186169893
1438,3.132036481611098
1439,3.0833382813890524
1440,3.2095613726453025
1441,3.272392990911122
1442,3.3173395976444384
1443,3.336577590709208
1444,3.2258319040650543
1445,2.829498845167859
1446,2.968185779401946
1447,2.5491970525094163
1448,2.1804605305713483
1449,2.0086298317336206
1450,2.043524721454483
1451,2.125655035538689
1452,2.657463442681215
1453,3.0040119236766127
1454,3.029631459230704
1455,2.9043253374008406
1456,2.972880359517477
1457,2.697812441263023
1458,2.688740495729604
1459,2.730388367271313
1460,2.670544733960765
1461,2.2363439419739075
1462,2.265027296144289
1463,2.2003168956650363
1464,2.0876851085557275
1465,2.0458685020409333
1466,2.3519608197376307
1467,2.6192592278780595
1468,2.8910689703661334
1469,3.0500075237638185
1470,3.148720740768476
1471,3.0584997862796275
1472,3.1208006842806664
1473,3.2983405580716765
1474,3.3292945635646287
1475,3.3947194761735986
1476,3.436760052382898
1477,3.5134559324970436
1478,3.523419279149092
1479,3.5041733710475222
1480,3.4253992973004848
1481,3.464972927878677
1482,3.4207789168583145
1483,3.3050415550073815
1484,3.1183649855509517
1485,2.98770635917708
1486,3.138520526281731
1487,3.0807366960824867
1488,3.2050374084771174
1489,3.1898452699046733
1490,3.237208708579671
1491,3.3682539498048487
1492,3.459822153307561
1493,3.45146570074404
1494,3.5439089669150703
1495,3.253911336037737
1496,3.255813435748577
1497,3.0664257491343085
1498,2.925091970203898
1499,2.7609896050494442
1500,2.5186087844539125
1501,2.4223618817002257
1502,2.547424327490054
1503,3.220883811006347
1504,2.4305077489674507
1505,2.5657174888258716
1506,2.2245012352159605
1507,2.207751158074412
1508,1.9809722805165373
1509,2.217255962807807
1510,1.9839986715812132
1511,2.145539861912281
1512,2.158330653887564
1513,2.048539833217094
1514,1.8551093175269715
1515,1.7866269666000678
1516,1.9799764050034099
1517,1.8132293764359984
1518,1.934904827976473
1519,2.052454693202932
1520,2.2766029167664534
1521,2.1368998427731993
1522,2.257212524186599
1523,2.5214082372024627
1524,2.462677190379885
1525,2.568875746036454
1526,2.672299750269127
1527,2.6553544850299065
1528,2.6797265192771307
1529,2.7087516184718945
1530,2.9306718961237745
1531,2.9277808817043636
1532,2.903379890518135
1533,3.1647786378226073
1534,3.2830543780337296
1535,3.2713271621392135
1536,3.278786744456727
1537,3.2241203942035788
1538,3.0809850639211334
1539,3.112148520787595
1540,3.0149815121993
1541,2.9559144128006207
1542,2.896239114817079
1543,2.7906888308943754
1544,2.7270148878978953
1545,2.7378264326923287
1546,2.7217803910354577
1547,2.7259740308282643
1548,2.8271527429375354
1549,2.844040283101605
1550,3.0268065379510682
1551,3.1024213962141167
1552,3.507935797861338
1553,3.7123233883645597
1554,3.9157280380500707
1555,4.089353520897325
1556,4.1612171686078065
1557,3.886013428887288
1558,3.1523549530388237
1559,3.023886821055688
1560,2.6197984675249577
1561,2.5470422719090107
1562,2.4830433151828553
1563,2.3939761924347676
1564,2.2466164718545816
1565,2.0051101769058777
1566,2.08723321347357
1567,2.2048651078201167
1568,2.057801496947062
1569,2.1772777853557974
1570,2.2415987822111334
1571,2.524870471313863
1572,2.2864730235601094
1573,2.323583599007706
1574,2.297448123702097
1575,2.3351612817809104
1576,2.3676553789987036
1577,2.322302705682566
1578,2.3077531663096478
1579,2.197896907928283
1580,2.2989845476189297
1581,2.244136542874972
1582,2.233786779934992
1583,2.2907270142431324
1584,2.2829620390587486
1585,2.2659008298025807
1586,2.195986153502032
1587,2.1798356708704185
1588,2.197314017654842
1589,2.144650747960858
1590,2.1952878104080735
1591,2.2064642043404206
1592,2.2038601287073893
1593,2.2344855185910677
1594,2.217754772028065
1595,2.3449469646091057
1596,2.20620472587704
1597,2.2495221351781303
1598,2.352972445655509
1599,2.4249963069013747
1600,2.345352323561289
1601,2.2890845189057583
1602,2.16494594508757
1603,2.1643695086921713
1604,2.1870149989031766
1605,2.2016620612141806
1606,2.1378530155670927
1607,2.064530458099126
1608,2.142633587616994
1609,2.2515882267274963
1610,2.154303900722591
1611,2.0332178446016
1612,2.155927750703821
1613,2.093129039436507
1614,2.0873028839985706
1615,2.015900164074002
1616,2.0503725877408714
1617,2.226758918314067
1618,2.287022168371616
1619,2.180873306266103
1620,2.3564377014964157
1621,2.4761953174864053
1622,2.442317525503372
1623,2.399898535083967
1624,2.3857174745614844
1625,2.595632875576347
1626,2.559274416395105
1627,2.594594044906793
1628,2.6084640254817586
1629,2.3804033717421773
1630,2.535485381691309
1631,2.421680613407778
1632,2.430380523621949
1633,2.4925242456535694
1634,2.4123147904182995
1635,2.381411379607651
1636,2.3980002642004465
1637,2.428518625581067
1638,2.869250617321246
1639,2.917809792973633
1640,2.8432936405141294
1641,2.7587566503750103
1642,2.696247910989358
1643,2.729592235805494
1644,2.738250729116622
1645,2.75089344564349
1646,2.753246171496755
1647,2.756281722440993
1648,2.8179587171194895
1649,2.8324713783543984
1650,3.008112947771765
1651,2.842826864327989
1652,2.932554813309212
1653,2.886066405431798
1654,2.8620771178622992
1655,2.7829239795201346
1656,2.32773091315303
1657,2.2298631924262375
1658,2.0381722905876054
1659,2.012447568951225
1660,1.988903395926598
1661,1.9992307091772064
1662,1.9967364468739202
1663,2.1826701297024376
1664,2.161340220927007
1665,2.179056042663973
1666,3.2839981819681454
1667,3.3491868133123455
1668,3.2937671954060064
1669,3.3629147458471866
1670,3.597066403941323
1671,3.772174233733313
1672,3.8216517771133045
1673,3.8032308994841775
1674,3.6942158454264358
1675,3.5732492551704564
1676,3.468176575332583
1677,3.172095970018055
1678,2.903143127755511
1679,3.1444556620649595
1680,3.1126770559466816
1681,3.103856899382203
1682,3.03788120215079
1683,3.0596862070026765
1684,3.0120741196417478
1685,2.963180706073321
1686,2.8749885269802697
1687,2.8010355960825333
1688,2.8020584791492573
1689,2.844755040032799
1690,2.8402602552398077
1691,3.0158676893401033
1692,3.107776784147745
1693,3.0310031261499546
1694,2.406924663275745
1695,2.573552277906532
1696,2.5196360513556564
1697,2.2580910442382445
1698,2.149904008573486
1699,2.0959081140439957
1700,2.0409614723730316
1701,2.032124183406213
1702,1.9175767811926376
1703,2.009187314998183
1704,2.061871748962264
1705,2.013511684393693
1706,2.099019549111598
1707,2.1262891465958647
1708,1.8486762303346311
1709,1.8283791142080124
1710,1.7315718328735104
1711,1.704223602859087
1712,1.6997716340730311
1713,1.8333351254988153
1714,1.8834756496038558
1715,1.9428095749210674
1716,1.9276535461428543
1717,1.7432202156440402
1718,1.6500230108706857
1719,1.6129846012218627
1720,1.5626791598235557
1721,1.463708835255472
1722,1.3862155099027054
1723,1.3256596023347764
1724,1.2965736459994566
1725,1.3398059699249543
1726,1.302142200852151
1727,1.3201520033340837
1728,1.307387350609489
1729,1.4237097156028111
1730,1.9667011852468133
1731,1.309545676031658
1732,1.312471463394333
1733,1.2937805289064137
1734,1.4300867663617547
1735,1.6946833249705986
1736,2.1432857952245907
1737,2.906286026795804
1738,2.903585620242883
1739,2.8848943387090737
1740,2.967102038407447
1741,2.9491255926913955
1742,2.324507435804213
1743,2.264035741665222
1744,2.274353118336315
1745,2.095100859977174
1746,1.9767578073202172
