,0
0,3.5038421052631583
1,3.5983684210526325
2,3.909947368421054
3,4.05463157894737
4,3.6795263157894746
5,3.3445789473684218
6,3.424157894736842
7,3.969263157894739
8,4.112263157894739
9,4.2379999999999995
10,4.119473684210528
11,4.600789473684209
12,4.744421052631576
13,5.164105263157895
14,4.818105263157894
15,5.251157894736842
16,4.851210526315788
17,4.691894736842103
18,4.639263157894735
19,4.7751052631578945
20,5.370736842105264
21,5.489736842105263
22,5.483
23,4.812210526315789
24,4.404210526315788
25,4.171631578947368
26,3.977000000000001
27,4.0258947368421065
28,4.0405263157894735
29,3.958736842105264
30,3.360421052631579
31,3.3740526315789467
32,3.121473684210527
33,3.3128421052631585
34,3.0826842105263164
35,3.1352631578947374
36,3.1244736842105265
37,3.1465789473684223
38,3.4825789473684217
39,3.913473684210528
40,4.331263157894735
41,4.152000000000001
42,4.733052631578947
43,4.791210526315789
44,5.373000000000001
45,6.259894736842106
46,6.5929473684210524
47,6.594263157894737
48,6.636736842105263
49,6.647263157894736
50,6.649631578947368
51,6.623368421052631
52,6.574736842105264
53,6.568842105263159
54,6.566578947368422
55,6.579263157894737
56,6.579263157894737
57,6.506263157894738
58,5.7962105263157895
59,6.34321052631579
60,5.956842105263158
61,5.860842105263158
62,5.690999999999999
63,5.596421052631579
64,5.4698947368421065
65,4.708052631578948
66,4.053052631578949
67,3.8402105263157913
68,3.803052631578949
69,3.7399473684210536
70,3.3294736842105253
71,3.287315789473684
72,3.2910526315789466
73,3.0833684210526324
74,3.034473684210526
75,3.0028421052631584
76,3.017263157894737
77,3.017210526315789
78,2.754157894736842
79,2.998631578947368
80,2.7106315789473694
81,2.6613684210526327
82,2.675842105263159
83,2.6146315789473693
84,2.590736842105264
85,2.4939473684210527
86,2.6278421052631593
87,2.6118947368421064
88,3.2397368421052635
89,2.995947368421053
90,2.9998421052631574
91,2.729578947368421
92,2.607157894736843
93,2.306894736842105
94,2.598368421052632
95,2.2751052631578936
96,2.46578947368421
97,2.555684210526316
98,2.4911052631578947
99,2.572000000000001
100,2.277999999999999
101,2.6895789473684215
102,2.512894736842105
103,2.29078947368421
104,2.554947368421053
105,2.280052631578947
106,2.2341578947368417
107,2.480684210526316
108,2.6225789473684213
109,3.0066315789473674
110,3.3041578947368415
111,3.4446315789473685
112,3.088789473684211
113,3.0246842105263165
114,3.0205789473684215
115,3.3285263157894733
116,3.095894736842106
117,3.212789473684211
118,3.133105263157896
119,3.0631052631578957
120,2.760052631578947
121,2.703263157894738
122,2.6813157894736848
123,2.6785263157894748
124,2.6327368421052646
125,2.5636315789473696
126,2.415999999999999
127,2.653315789473685
128,2.5243684210526314
129,2.5441578947368426
130,2.5528421052631587
131,2.266210526315789
132,2.2484210526315787
133,2.0497894736842106
134,2.120526315789474
135,1.950947368421052
136,1.960578947368421
137,1.8227368421052632
138,2.0373157894736846
139,2.0992105263157894
140,2.290947368421053
141,2.1318947368421055
142,2.767894736842105
143,3.1725263157894754
144,3.831315789473686
145,3.853631578947369
146,4.158736842105264
147,4.3765789473684205
148,4.548263157894736
149,4.534105263157893
150,5.282578947368422
151,5.563105263157894
152,5.600210526315788
153,5.614052631578946
154,4.784157894736842
155,4.602263157894737
156,5.363684210526317
157,5.627526315789472
158,5.687736842105262
159,5.732315789473684
160,5.002315789473683
161,4.781473684210526
162,4.684052631578945
163,4.573684210526314
164,4.0445789473684215
165,4.016263157894738
166,3.921526315789474
167,3.735684210526316
168,3.425736842105264
169,3.153368421052632
170,3.263157894736842
171,3.0595263157894745
172,3.278736842105264
173,3.0495263157894734
174,3.046894736842105
175,3.2461578947368426
176,3.071052631578948
177,3.0374210526315784
178,3.013736842105263
179,3.012842105263158
180,2.980947368421053
181,2.742421052631579
182,2.7079473684210527
183,2.6888421052631584
184,2.6351578947368433
185,2.4911052631578943
186,2.271210526315789
187,2.236421052631578
188,2.2944736842105264
189,2.476052631578947
190,2.4813157894736833
191,2.3011052631578943
192,2.2270000000000003
193,2.0729473684210524
194,2.025
195,2.005578947368421
196,1.7868421052631585
197,1.5688947368421053
198,1.6486315789473684
199,1.4954736842105258
200,1.6671052631578946
201,1.8055263157894739
202,2.1044736842105265
203,2.121684210526316
204,2.2767894736842105
205,2.327105263157895
206,2.7920000000000003
207,3.321789473684211
208,3.4022105263157907
209,3.350052631578948
210,3.2983157894736848
211,3.067368421052633
212,3.0443684210526323
213,3.010000000000001
214,3.045578947368422
215,2.742210526315789
216,2.702000000000001
217,2.6779473684210537
218,2.6051578947368434
219,2.601210526315791
220,2.6309473684210536
221,2.9730526315789483
222,3.1117894736842113
223,3.2760000000000002
224,2.728
225,2.959000000000001
226,2.684
227,2.6772631578947372
228,2.689368421052632
229,2.6958421052631585
230,2.9539473684210535
231,2.9850000000000003
232,3.274052631578948
233,3.238368421052633
234,2.99542105263158
235,2.9982105263157894
236,3.164315789473685
237,3.291578947368421
238,3.021684210526316
239,3.000947368421054
240,2.7535263157894736
241,2.6702631578947376
242,2.5124736842105264
243,2.612052631578948
244,2.6356315789473697
245,2.6775263157894753
246,2.6883684210526333
247,2.609842105263159
248,2.6423157894736855
249,2.6362631578947378
250,2.4567894736842093
251,2.4878947368421045
252,2.608789473684211
253,2.503263157894737
254,2.4571578947368415
255,2.235789473684211
256,2.2067894736842106
257,2.1450526315789467
258,2.0357894736842104
259,2.187684210526316
260,2.079736842105263
261,2.18421052631579
262,2.399421052631579
263,2.493578947368421
264,2.508052631578947
265,2.6662105263157896
266,2.6438947368421055
267,2.6556315789473683
268,2.634947368421053
269,2.4785789473684208
270,2.503842105263158
271,2.2827368421052627
272,2.1832105263157895
273,1.8405789473684209
274,1.9957894736842108
275,1.9920526315789473
276,2.0009473684210524
277,2.1403684210526315
278,1.9848421052631575
279,1.9874210526315783
280,1.9837894736842103
281,1.7846842105263159
282,1.7110526315789476
283,1.5553157894736844
284,1.3365789473684213
285,1.258842105263158
286,1.2327368421052631
287,1.0017368421052628
288,1.1084210526315788
289,1.042157894736842
290,1.1180526315789472
291,1.102736842105263
292,1.2047894736842109
293,1.0420526315789473
294,1.0716842105263156
295,0.9679999999999999
296,0.9672105263157894
297,0.9101052631578949
298,0.8268421052631579
299,1.0151052631578947
300,0.8589473684210528
301,0.8725789473684212
302,1.041421052631579
303,0.9762105263157893
304,1.074578947368421
305,1.304263157894737
306,1.309684210526316
307,1.6372105263157892
308,1.8493684210526316
309,2.249263157894737
310,2.343526315789474
311,2.3853684210526325
312,2.705368421052632
313,3.0734210526315784
314,3.070947368421052
315,3.100368421052632
316,3.741052631578948
317,3.4384736842105266
318,3.459052631578947
319,4.121105263157895
320,3.8778947368421055
321,4.400315789473684
322,4.325947368421052
323,4.099052631578948
324,3.8742105263157907
325,3.509052631578948
326,3.421894736842105
327,3.666105263157896
328,3.348105263157896
329,3.2716842105263164
330,3.3040526315789474
331,3.3486315789473684
332,3.3084210526315787
333,3.789000000000001
334,3.3603157894736837
335,3.2774736842105265
336,2.9986842105263167
337,2.986631578947369
338,2.977105263157896
339,2.7871578947368425
340,3.180157894736842
341,3.021578947368421
342,3.032631578947368
343,3.148736842105264
344,3.4370000000000003
345,3.4585263157894737
346,3.5209473684210533
347,4.019105263157896
348,3.974000000000002
349,4.114631578947369
350,4.0304210526315805
351,3.38942105263158
352,3.4632105263157897
353,3.3136315789473696
354,3.0701578947368424
355,3.0543157894736845
356,3.041736842105263
357,3.262578947368421
358,3.3019473684210525
359,3.300578947368421
360,3.274
361,3.3012631578947365
362,3.0892105263157905
363,3.2077368421052634
364,3.4296315789473684
365,3.0760000000000014
366,3.2565789473684212
367,3.341684210526316
368,3.7974736842105266
369,3.8758947368421066
370,3.3385789473684215
371,3.3210526315789473
372,3.827473684210527
373,4.056947368421055
374,4.049736842105265
375,4.012631578947369
376,4.294
377,3.9537368421052648
378,4.468999999999999
379,4.3424736842105265
380,4.113736842105265
381,3.853526315789475
382,3.859315789473685
383,3.75642105263158
384,3.9732631578947384
385,3.9788947368421073
386,3.9536842105263172
387,4.2761578947368415
388,3.4050526315789473
389,4.110894736842106
390,4.317631578947369
391,3.975210526315791
392,4.492315789473684
393,4.3402631578947375
394,4.034947368421054
395,3.9796842105263166
396,3.3902631578947378
397,3.4280000000000004
398,3.680631578947369
399,3.846894736842106
400,4.054842105263159
401,4.016263157894738
402,3.949526315789475
403,3.418263157894736
404,4.017315789473685
405,3.8715263157894744
406,3.8421052631578965
407,3.357368421052631
408,3.616736842105264
409,3.260473684210527
410,3.3060526315789467
411,3.328421052631579
412,3.33221052631579
413,3.243157894736843
414,3.283894736842105
415,3.3102631578947364
416,3.3145263157894744
417,2.743210526315789
418,2.963526315789474
419,2.980263157894737
420,2.710526315789475
421,2.6721578947368427
422,2.689578947368422
423,2.6906842105263165
424,2.4779473684210513
425,2.264684210526315
426,2.4389999999999983
427,2.211263157894737
428,2.035736842105263
429,1.8838421052631575
430,1.9361578947368419
431,1.7629473684210528
432,1.866578947368421
433,1.8702105263157895
434,1.6649473684210527
435,1.645684210526316
436,1.6560526315789474
437,1.673578947368421
438,1.6435789473684206
439,1.6394736842105262
440,1.6344210526315786
441,1.6990526315789467
442,1.7428947368421048
443,1.715473684210526
444,1.7851052631578943
445,1.9376315789473686
446,2.0731578947368425
447,2.3271578947368425
448,2.4659999999999993
449,2.7763684210526316
450,2.7835263157894734
451,3.142578947368422
452,3.448157894736843
453,3.9262631578947387
454,4.080157894736843
455,4.4747894736842095
456,5.090631578947368
457,4.711684210526315
458,5.222526315789476
459,4.8016842105263144
460,4.726105263157893
461,4.612526315789472
462,4.225052631578946
463,4.659157894736842
464,4.126
465,3.9781052631578953
466,3.839263157894738
467,3.485105263157895
468,3.120631578947369
469,3.0217894736842115
470,3.0380000000000007
471,2.7715789473684205
472,3.001315789473685
473,3.0273157894736844
474,2.985052631578947
475,3.2513684210526312
476,2.9863157894736854
477,3.035368421052632
478,2.987842105263159
479,2.749052631578947
480,2.7567894736842105
481,2.770105263157895
482,2.9910526315789476
483,3.416526315789474
484,3.6985263157894748
485,3.4232631578947377
486,3.4541052631578952
487,3.4673684210526314
488,3.3656315789473696
489,3.4568947368421057
490,4.084105263157896
491,4.114684210526316
492,4.181473684210526
493,4.167263157894737
494,3.925000000000001
495,3.4208421052631586
496,3.4145263157894736
497,3.8271052631578963
498,4.152999999999999
499,4.179421052631579
500,4.512947368421052
501,4.289736842105262
502,4.305789473684209
503,3.904947368421054
504,4.002157894736843
505,3.9147368421052637
506,3.8630000000000004
507,3.411315789473683
508,3.3547368421052632
509,3.062105263157895
510,2.7486315789473688
511,2.557315789473685
512,2.458842105263157
513,2.608263157894738
514,2.266421052631578
515,2.235526315789473
516,2.239999999999999
517,2.513894736842105
518,2.5139999999999993
519,2.6132105263157905
520,2.531894736842105
521,2.3595789473684206
522,2.3253684210526315
523,2.1022105263157895
524,2.0299473684210527
525,1.9845789473684208
526,1.7867368421052636
527,1.7814736842105268
528,1.5893157894736845
529,1.603
530,1.4871578947368418
531,1.3401052631578947
532,1.3080526315789474
533,1.2907894736842105
534,1.3066315789473684
535,1.4935789473684207
536,1.715473684210526
537,2.266894736842106
538,2.591578947368421
539,2.8256315789473683
540,3.9299473684210544
541,3.456052631578948
542,4.254473684210524
543,3.97221052631579
544,4.774105263157895
545,4.5619999999999985
546,4.44257894736842
547,4.354631578947369
548,5.135631578947369
549,4.439789473684209
550,4.585684210526316
551,4.658526315789473
552,4.459368421052632
553,4.194263157894737
554,4.328263157894737
555,4.361684210526315
556,3.934315789473685
557,4.086157894736843
558,4.392052631578948
559,4.419736842105263
560,4.363157894736841
561,4.064947368421054
562,4.148421052631579
563,4.118263157894737
564,4.467473684210526
565,4.182736842105263
566,4.452210526315789
567,4.672999999999999
568,4.706842105263158
569,4.603842105263157
570,4.544315789473683
571,5.1958947368421065
572,5.656842105263158
573,5.652263157894737
574,5.624736842105262
575,5.47878947368421
576,5.4527368421052635
577,5.031473684210527
578,5.342894736842107
579,5.253000000000001
580,5.46442105263158
581,4.796736842105264
582,4.133526315789475
583,4.321368421052632
584,4.074894736842107
585,4.130315789473685
586,3.9946842105263167
587,4.061157894736843
588,4.365368421052631
589,4.340157894736842
590,4.534894736842103
591,4.608947368421052
592,5.186526315789476
593,4.791526315789473
594,4.767473684210526
595,4.439947368421051
596,4.355789473684211
597,4.422894736842106
598,4.093421052631579
599,3.888315789473685
600,4.066578947368423
601,3.945578947368422
602,3.8460526315789485
603,3.9187894736842117
604,3.7993157894736855
605,3.8507368421052637
606,3.9463684210526333
607,3.3834210526315784
608,3.8731052631578957
609,3.8307894736842116
610,3.840315789473685
611,3.8592105263157905
612,3.862947368421054
613,3.698631578947369
614,3.414421052631579
615,3.371578947368421
616,3.319789473684211
617,3.714105263157896
618,3.3283157894736846
619,3.284842105263159
620,3.2173157894736835
621,3.139157894736843
622,3.1321052631578956
623,3.778578947368422
624,3.275473684210527
625,3.2668421052631573
626,2.751526315789474
627,2.732263157894738
628,2.567736842105263
629,2.6280526315789485
630,2.6423684210526326
631,2.9768947368421057
632,3.0309473684210535
633,3.2824736842105264
634,3.0836315789473696
635,3.2731578947368423
636,3.001315789473685
637,2.699526315789474
638,2.984473684210527
639,2.5215789473684205
640,2.631736842105264
641,2.291263157894736
642,2.4565263157894726
643,2.2898421052631575
644,2.570526315789475
645,2.257842105263157
646,2.2327894736842095
647,2.154263157894737
648,2.208105263157895
649,2.2298947368421045
650,2.065578947368421
651,1.978894736842105
652,1.9575789473684209
653,1.9718421052631578
654,1.791473684210527
655,1.803526315789474
656,1.8110526315789475
657,1.667473684210526
658,1.8408947368421056
659,1.806578947368421
660,1.8912105263157895
661,1.8141578947368424
662,1.8620526315789476
663,2.272263157894736
664,2.3395263157894743
665,2.5678421052631584
666,2.7463684210526313
667,2.7548421052631586
668,3.108789473684211
669,3.439473684210527
670,3.580210526315791
671,4.068052631578949
672,4.485210526315789
673,4.53136842105263
674,4.524105263157893
675,4.464526315789472
676,3.973947368421055
677,3.760157894736843
678,3.3639473684210537
679,3.339736842105263
680,3.0668947368421065
681,3.31178947368421
682,3.800526315789474
683,3.9258421052631594
684,3.8452105263157903
685,4.294
686,4.110526315789476
687,3.6888421052631597
688,3.897368421052633
689,3.3307368421052637
690,3.3148947368421053
691,3.0930000000000017
692,3.048105263157896
693,3.2061578947368425
694,3.2172631578947373
695,3.273315789473684
696,3.3079473684210523
697,3.2765789473684213
698,3.065736842105264
699,3.0494736842105277
700,3.059105263157895
701,2.9876315789473695
702,2.96721052631579
703,3.012263157894737
704,2.767157894736842
705,2.659684210526317
706,2.605263157894738
707,2.553526315789474
708,2.617631578947369
709,2.6647368421052637
710,2.677894736842106
711,2.694105263157895
712,2.6611578947368426
713,2.6994736842105262
714,2.9336842105263163
715,2.656842105263158
716,2.633631578947369
717,2.572421052631579
718,3.012736842105264
719,2.680526315789474
720,2.9680000000000004
721,2.963000000000001
722,2.9959473684210534
723,2.7463684210526313
724,2.9724736842105273
725,2.7108947368421052
726,2.6817894736842107
727,2.687315789473684
728,2.6987894736842106
729,2.5101052631578944
730,2.738736842105263
731,2.717473684210526
732,2.6625263157894747
733,2.543263157894738
734,2.4954210526315794
735,2.393210526315789
736,2.2849473684210517
737,2.5832105263157894
738,2.6511052631578953
739,2.671421052631579
740,2.792842105263158
741,3.8045789473684226
742,3.908894736842107
743,3.7824210526315802
744,3.4260000000000006
745,3.4785789473684217
746,3.371526315789475
747,3.431526315789474
748,3.537263157894738
749,3.429105263157895
750,3.426421052631578
751,3.387263157894737
752,3.1010526315789484
753,3.295631578947369
754,3.0909473684210536
755,3.287157894736842
756,2.748736842105263
757,2.9737894736842114
758,2.6967894736842113
759,3.027000000000001
760,3.0325789473684224
761,3.286578947368421
762,3.361052631578947
763,3.795684210526317
764,3.3382631578947373
765,3.309789473684211
766,3.785789473684211
767,3.868789473684211
768,3.8518421052631586
769,3.360105263157895
770,3.668105263157895
771,3.8343157894736843
772,3.8426315789473695
773,3.9326315789473694
774,4.000473684210528
775,3.8179473684210534
776,3.4526315789473685
777,3.313
778,2.978157894736843
779,3.003157894736843
780,2.7745789473684206
781,2.65942105263158
782,2.6127894736842117
783,2.5652105263157905
784,2.0857368421052627
785,2.5597894736842117
786,2.256263157894736
787,2.2215263157894736
788,2.028947368421053
789,2.187052631578947
790,1.9975263157894732
791,2.0236315789473682
792,1.806473684210527
793,1.9781052631578946
794,1.9033157894736836
795,1.8046315789473693
796,1.883684210526316
797,1.823631578947369
798,1.5682105263157895
799,1.6871052631578947
800,1.839947368421053
801,1.7178421052631578
802,1.7942105263157904
803,2.011368421052631
804,2.146210526315789
805,2.206842105263158
806,2.1534736842105264
807,2.4998947368421045
808,2.974421052631579
809,2.657052631578948
810,2.6248421052631583
811,2.9820526315789473
812,2.7228421052631577
813,2.5215789473684214
814,2.5985789473684218
815,2.294842105263157
816,2.2391578947368416
817,2.013736842105263
818,2.148368421052632
819,2.229473684210527
820,2.219105263157895
821,2.194842105263158
822,2.2117368421052634
823,2.4393684210526305
824,2.2586842105263156
825,2.0773157894736842
826,2.0049473684210524
827,1.9966315789473679
828,1.9747894736842107
829,1.9600526315789468
830,1.9659473684210527
831,1.8832631578947368
832,1.7853684210526313
833,1.778736842105263
834,2.0563157894736843
835,2.192210526315789
836,2.158842105263158
837,2.1761052631578948
838,1.8259999999999998
839,2.1359999999999997
840,1.817736842105263
841,1.6593684210526316
842,1.5091052631578945
843,1.3655789473684214
844,1.3224736842105267
845,1.3084736842105265
846,1.235578947368421
847,1.261789473684211
848,1.245526315789474
849,1.2134210526315792
850,1.180315789473684
851,1.108473684210526
852,1.1125263157894736
853,1.0429473684210524
854,1.0609999999999997
855,1.1412631578947365
856,1.1437894736842105
857,1.1621578947368418
858,1.301947368421053
859,1.5149473684210524
860,1.6419473684210528
861,1.6166842105263153
862,1.6837894736842105
863,1.8015789473684212
864,1.7269473684210523
865,2.21857894736842
866,2.545157894736842
867,2.710894736842106
868,3.3025263157894744
869,3.451157894736842
870,3.5276842105263166
871,4.429631578947369
872,5.199105263157894
873,5.491684210526315
874,5.623052631578947
875,4.9537894736842105
876,4.375157894736842
877,4.144105263157894
878,4.127789473684211
879,4.008157894736843
880,3.528315789473685
881,3.850789473684211
882,3.7760526315789478
883,3.6926315789473696
884,3.8602105263157895
885,3.863842105263159
886,3.4253157894736836
887,3.381
888,3.423315789473684
889,3.178105263157896
890,3.851526315789475
891,3.5884736842105274
892,4.000526315789476
893,3.988894736842107
894,4.41278947368421
895,4.547736842105262
896,4.568473684210526
897,4.404052631578947
898,4.163684210526317
899,4.155473684210526
900,4.41621052631579
901,4.027368421052633
902,3.9034210526315802
903,4.1205263157894745
904,4.466631578947369
905,4.007000000000002
906,4.082947368421054
907,4.066789473684213
908,4.285315789473684
909,4.619473684210526
910,4.341947368421052
911,4.326789473684212
912,4.430631578947368
913,4.336842105263157
914,4.299526315789473
915,4.398947368421053
916,3.48421052631579
917,4.022210526315791
918,3.858947368421053
919,3.436842105263159
920,3.4174736842105267
921,3.7914210526315797
922,3.953315789473685
923,4.2761578947368415
924,4.140894736842106
925,4.132578947368422
926,4.058315789473686
927,4.307157894736842
928,4.120947368421055
929,4.109157894736843
930,4.332368421052632
931,4.550210526315789
932,4.380473684210526
933,4.331210526315789
934,4.171473684210526
935,4.425210526315789
936,4.123210526315789
937,4.3024736842105265
938,3.9648947368421066
939,3.857052631578949
940,3.8145789473684224
941,3.360947368421052
942,3.343210526315789
943,3.2063684210526326
944,3.282947368421053
945,3.2680000000000007
946,3.3408947368421047
947,3.86242105263158
948,3.936263157894738
949,4.342421052631577
950,4.024947368421055
951,4.017052631578949
952,3.9053684210526325
953,3.8568947368421065
954,3.891052631578947
955,3.8378421052631584
956,3.925157894736843
957,3.955789473684211
958,3.94263157894737
959,3.8686315789473693
960,3.4682631578947367
961,3.8487894736842114
962,3.9619473684210544
963,3.8693684210526325
964,3.3961052631578963
965,3.3352631578947363
966,3.372052631578947
967,3.3484736842105267
968,3.355263157894737
969,3.086368421052632
970,3.007947368421053
971,3.3014210526315786
972,3.0066842105263167
973,2.7136315789473695
974,2.502684210526315
975,2.582842105263159
976,2.568736842105264
977,2.273473684210525
978,2.4716315789473673
979,2.2765789473684204
980,2.2312105263157886
981,2.202157894736842
982,2.0431052631578948
983,2.446105263157893
984,2.493789473684211
985,2.2451578947368422
986,2.0082631578947368
987,1.883894736842105
988,1.773947368421053
989,1.6117894736842107
990,1.554
991,1.603736842105263
992,1.5566842105263157
993,1.6948421052631581
994,1.9291052631578947
995,2.203157894736842
996,2.0207368421052623
997,2.000210526315789
998,1.9445263157894737
999,1.9853684210526312
1000,1.9848421052631575
1001,2.028105263157894
1002,1.9788947368421044
1003,2.1773684210526314
1004,2.4006315789473676
1005,2.97321052631579
1006,3.016105263157895
1007,3.0358947368421063
1008,3.2678947368421056
1009,2.990000000000001
1010,2.2491052631578943
1011,2.633263157894737
1012,2.251736842105263
1013,1.9194210526315783
1014,1.855789473684211
1015,1.8147368421052634
1016,2.0347894736842105
1017,2.151578947368421
1018,2.186105263157895
1019,2.281684210526316
1020,2.306526315789474
1021,2.467052631578947
1022,2.5197368421052633
1023,2.2689999999999992
1024,1.9418947368421051
1025,1.9716842105263157
1026,1.889157894736842
1027,1.9325789473684212
1028,1.9217368421052627
1029,1.828
1030,2.203894736842105
1031,2.1756842105263154
1032,2.304736842105263
1033,2.3748421052631583
1034,2.306
1035,2.65342105263158
1036,2.6938421052631583
1037,2.9602631578947376
1038,2.6981052631578946
1039,2.719157894736842
1040,2.958842105263159
1041,3.0231052631578956
1042,3.350315789473685
1043,3.813052631578948
1044,3.8568421052631585
1045,3.856315789473685
1046,3.8200000000000016
1047,3.8620000000000005
1048,3.8528947368421056
1049,3.3675263157894735
1050,3.8180526315789476
1051,4.05142105263158
1052,4.290684210526316
1053,4.429157894736842
1054,4.447684210526315
1055,4.487894736842105
1056,4.353631578947368
1057,4.324894736842107
1058,3.905052631578949
1059,3.866105263157896
1060,3.113736842105265
1061,3.018736842105264
1062,3.2405789473684212
1063,2.7682105263157895
1064,2.6275263157894737
1065,2.6811578947368426
1066,2.481631578947368
1067,2.603578947368422
1068,2.450315789473683
1069,2.266842105263157
1070,2.3355789473684205
1071,2.0899473684210523
1072,2.1487894736842112
1073,1.9905263157894733
1074,2.041315789473684
1075,1.9783684210526313
1076,1.7855263157894739
1077,1.9583157894736845
1078,2.0199473684210525
1079,2.583578947368422
1080,3.0115789473684202
1081,2.714
1082,2.5871578947368428
1083,2.477210526315788
1084,2.648
1085,2.334578947368421
1086,3.0931052631578955
1087,3.0411052631578954
1088,2.9905263157894746
1089,2.6912105263157895
1090,2.9471578947368426
1091,3.825947368421053
1092,3.8657894736842113
1093,3.8458947368421064
1094,3.3558421052631586
1095,3.331157894736842
1096,3.295052631578948
1097,3.017473684210527
1098,2.7427894736842107
1099,2.9805789473684214
1100,2.9872631578947373
1101,3.001052631578947
1102,3.024473684210526
1103,3.236421052631579
1104,3.799052631578948
1105,3.875578947368422
1106,3.8557368421052636
1107,3.981368421052633
1108,3.727684210526317
1109,3.459789473684211
1110,3.7396842105263173
1111,3.866315789473685
1112,3.6558421052631584
1113,3.3907368421052633
1114,3.3084210526315796
1115,3.288157894736842
1116,3.030526315789474
1117,3.0167894736842107
1118,2.7278421052631585
1119,2.6922105263157907
1120,2.690578947368422
1121,2.6246842105263175
1122,2.671578947368422
1123,2.2838421052631572
1124,2.456473684210525
1125,2.6107368421052635
1126,2.9931578947368416
1127,2.990789473684211
1128,2.6577894736842116
1129,3.1594210526315796
1130,3.2882105263157895
1131,3.299473684210527
1132,3.2659473684210534
1133,3.342263157894737
1134,3.679842105263159
1135,3.306736842105264
1136,3.3004736842105267
1137,3.309
1138,3.8514736842105264
1139,3.834105263157896
1140,3.403684210526316
1141,4.330157894736843
1142,4.332947368421053
1143,4.000789473684213
1144,3.9650000000000025
1145,3.971315789473686
1146,3.847210526315791
1147,4.011105263157897
1148,3.883684210526317
1149,3.3978947368421055
1150,3.27142105263158
1151,3.306894736842106
1152,3.779684210526317
1153,3.1196842105263163
1154,3.2604210526315787
1155,3.227368421052632
1156,3.297
1157,3.8095789473684216
1158,3.3755263157894744
1159,3.0710526315789477
1160,3.2084736842105266
1161,3.0247894736842107
1162,3.020105263157894
1163,2.7571578947368427
1164,3.0007368421052623
1165,2.9959999999999996
1166,2.668052631578948
1167,3.027736842105263
1168,3.0382105263157886
1169,3.023315789473684
1170,2.742947368421053
1171,2.9885789473684206
1172,2.5998947368421055
1173,2.6322631578947373
1174,2.973421052631579
1175,2.6737894736842107
1176,2.993526315789474
1177,3.1064736842105267
1178,3.820368421052632
1179,3.861736842105264
1180,3.8612105263157903
1181,3.8649473684210536
1182,4.092842105263159
1183,4.094578947368423
1184,4.077526315789475
1185,4.299684210526316
1186,4.085473684210529
1187,3.8755789473684223
1188,3.86642105263158
1189,3.815105263157896
1190,3.3588421052631583
1191,3.8685789473684213
1192,3.4360526315789475
1193,3.623526315789475
1194,3.457578947368421
1195,3.090263157894737
1196,2.7943684210526314
1197,3.0653157894736855
1198,3.0165263157894744
1199,3.1376315789473694
1200,3.6038421052631584
1201,4.347210526315789
1202,4.420263157894737
1203,4.473789473684209
1204,4.058526315789475
1205,3.8921578947368434
1206,3.875947368421053
1207,3.822157894736843
1208,3.399315789473684
1209,3.8018947368421063
1210,3.430631578947368
1211,3.8161052631578953
1212,3.092473684210527
1213,3.2023684210526313
1214,3.363947368421052
1215,3.362052631578947
1216,3.6775789473684215
1217,3.4293157894736854
1218,3.816315789473684
1219,3.8520526315789474
1220,4.174368421052632
1221,3.9366315789473703
1222,4.284894736842105
1223,3.7749473684210537
1224,3.865473684210527
1225,3.8799473684210537
1226,3.9025263157894745
1227,3.392421052631578
1228,3.3484736842105267
1229,3.2901578947368426
1230,3.307105263157894
1231,3.2584210526315793
1232,3.394631578947368
1233,3.253631578947369
1234,3.2608947368421055
1235,3.0396842105263167
1236,2.782736842105263
1237,3.031684210526316
1238,2.845
1239,3.0671052631578957
1240,3.0694736842105272
1241,3.013684210526316
1242,3.052842105263158
1243,3.3198947368421052
1244,3.065157894736843
1245,3.3118421052631577
1246,3.8354210526315793
1247,3.3532105263157894
1248,3.3368947368421056
1249,3.7221052631578955
1250,3.329
1251,3.789368421052632
1252,3.3757368421052627
1253,3.3374210526315786
1254,3.3172631578947374
1255,3.362578947368421
1256,3.254578947368422
1257,3.350052631578947
1258,3.306578947368422
1259,3.2840000000000003
1260,3.004315789473685
1261,3.239105263157895
1262,3.023315789473685
1263,3.0185789473684217
1264,2.733368421052632
1265,2.6954210526315787
1266,2.7576315789473687
1267,3.0543684210526316
1268,3.375368421052632
1269,3.662052631578948
1270,3.8054736842105275
1271,3.9994210526315794
1272,3.9434736842105274
1273,3.876315789473685
1274,3.8503684210526323
1275,3.8761578947368434
1276,3.9135263157894755
1277,4.260105263157895
1278,4.632052631578945
1279,5.3524210526315805
1280,5.64136842105263
1281,6.4548421052631575
1282,6.631105263157894
1283,6.669526315789473
1284,6.6568421052631574
1285,6.669526315789473
1286,6.6655263157894735
1287,6.6655263157894735
1288,6.6329473684210525
1289,6.587736842105263
1290,6.039789473684211
1291,6.407894736842106
1292,5.786157894736842
1293,5.679263157894736
1294,4.988
1295,5.400473684210527
1296,4.919736842105264
1297,4.656210526315789
1298,4.460947368421053
1299,4.1324736842105265
1300,3.947578947368422
1301,3.356947368421053
1302,3.820736842105264
1303,3.3855789473684212
1304,3.330157894736842
1305,3.1041578947368427
1306,3.0867894736842114
1307,3.1074736842105266
1308,3.338789473684211
1309,3.1304210526315788
1310,4.1775789473684215
1311,4.759105263157894
1312,5.317947368421053
1313,5.627631578947367
1314,5.814315789473684
1315,6.5043684210526305
1316,6.620578947368421
1317,6.6345789473684205
1318,6.649631578947368
1319,6.527578947368421
1320,5.796684210526315
1321,5.609999999999999
1322,5.0009999999999994
1323,4.848894736842105
1324,4.738631578947368
1325,5.346736842105264
1326,4.733315789473683
1327,4.55157894736842
1328,4.093842105263159
1329,4.352736842105262
1330,3.735789473684211
1331,3.6404210526315803
1332,3.8422631578947373
1333,3.468421052631579
1334,3.1880000000000006
1335,3.3909473684210534
1336,3.8896842105263167
1337,4.037736842105264
1338,4.2294210526315785
1339,4.261999999999999
1340,4.572473684210524
1341,5.208368421052633
1342,4.837894736842104
1343,4.816842105263158
1344,5.335578947368421
1345,5.003947368421052
1346,5.982736842105261
1347,5.967789473684209
1348,5.787263157894736
1349,6.473105263157895
1350,6.593421052631578
1351,6.646421052631578
1352,6.652842105263158
1353,6.6655263157894735
1354,6.6655263157894735
1355,6.6655263157894735
1356,6.6655263157894735
1357,6.6655263157894735
1358,6.6655263157894735
1359,6.6655263157894735
1360,6.6655263157894735
1361,6.6655263157894735
1362,6.6655263157894735
1363,6.6655263157894735
1364,6.6655263157894735
1365,6.656157894736841
1366,6.645631578947368
1367,6.623368421052631
1368,6.579263157894737
1369,6.579263157894737
1370,6.594947368421053
1371,6.579263157894737
1372,6.579263157894737
1373,6.579263157894737
1374,6.506263157894738
1375,6.544263157894737
1376,6.566578947368422
1377,6.506263157894738
1378,6.544263157894737
1379,6.535684210526317
1380,5.824684210526316
1381,5.696631578947368
1382,5.057157894736842
1383,5.099263157894738
1384,5.258631578947369
1385,4.766105263157896
1386,4.721578947368422
1387,4.559157894736841
1388,4.672210526315789
1389,4.521473684210526
1390,4.57578947368421
1391,4.217526315789474
1392,4.108157894736843
1393,4.01984210526316
1394,4.0681052631578964
1395,3.832315789473686
1396,3.86142105263158
1397,4.05363157894737
1398,3.946578947368423
1399,3.833368421052633
1400,3.6951578947368438
1401,3.332789473684211
1402,3.3309473684210524
1403,3.353894736842105
1404,3.301052631578948
1405,3.2086315789473687
1406,3.2542631578947367
1407,3.29721052631579
1408,3.0803157894736852
1409,3.1983157894736842
1410,3.0602631578947377
1411,3.056578947368421
1412,3.005631578947369
1413,2.738157894736843
1414,2.6736842105263166
1415,2.995736842105263
1416,2.6497894736842116
1417,2.638368421052633
1418,2.668052631578948
1419,2.2873684210526304
1420,2.5529473684210533
1421,2.4492631578947353
1422,2.559631578947369
1423,2.280842105263158
1424,2.589684210526316
1425,2.489
1426,2.596526315789474
1427,2.9853684210526312
1428,3.7647894736842114
1429,3.9933684210526335
1430,3.8934736842105275
1431,3.8358947368421052
1432,3.8873684210526323
1433,3.9872105263157915
1434,3.9525789473684227
1435,3.5282631578947377
1436,3.4101052631578948
1437,3.435473684210527
1438,3.3583684210526323
1439,3.764894736842106
1440,4.2584210526315776
1441,4.221157894736841
1442,4.154894736842106
1443,4.091105263157895
1444,4.184842105263157
1445,4.105263157894737
1446,4.021000000000001
1447,4.188894736842104
1448,4.425421052631578
1449,4.106578947368422
1450,4.590736842105262
1451,4.667473684210525
1452,5.2579473684210525
1453,5.581052631578948
1454,5.649105263157895
1455,6.263473684210526
1456,5.793631578947369
1457,5.944368421052632
1458,5.795473684210525
1459,5.719894736842104
1460,5.038473684210524
1461,4.765578947368421
1462,4.608999999999999
1463,4.628684210526314
1464,4.458947368421051
1465,4.592105263157894
1466,4.452631578947368
1467,4.452263157894737
1468,4.1663684210526295
1469,3.9205263157894743
1470,3.922947368421054
1471,3.859947368421054
1472,3.388526315789473
1473,3.4334736842105262
1474,3.338473684210526
1475,3.1091052631578955
1476,3.047684210526316
1477,3.06978947368421
1478,3.0112631578947364
1479,2.6596315789473697
1480,2.5122105263157897
1481,2.4533157894736832
1482,2.2586315789473677
1483,2.3866315789473673
1484,2.33378947368421
1485,2.259736842105262
1486,2.21778947368421
1487,2.1635263157894737
1488,2.0799999999999996
1489,2.325947368421053
1490,2.71421052631579
1491,2.8084210526315783
1492,3.125578947368423
1493,3.4100526315789486
1494,4.657947368421052
1495,4.833421052631579
1496,5.353105263157896
1497,5.000263157894738
1498,5.573315789473685
1499,5.538842105263156
1500,5.56357894736842
1501,5.636842105263158
1502,5.598894736842104
1503,5.638526315789473
1504,5.619473684210525
1505,5.601684210526315
1506,5.6830526315789465
1507,5.0552631578947365
1508,4.811105263157894
1509,4.5809999999999995
1510,4.5296315789473685
1511,4.509105263157894
1512,4.512842105263156
1513,4.475368421052631
1514,4.138789473684211
1515,4.168736842105263
1516,4.011263157894739
1517,4.033578947368422
1518,3.9110000000000023
1519,3.8191052631578963
1520,3.9170000000000016
1521,3.9170000000000016
1522,3.9213684210526325
1523,3.8508421052631587
1524,3.836368421052632
1525,3.8083157894736854
1526,3.8083157894736854
1527,3.7323157894736845
1528,3.906684210526317
1529,3.741578947368422
1530,3.8986842105263175
1531,3.849263157894738
1532,3.3311578947368425
1533,3.2869999999999995
1534,3.34778947368421
1535,3.098368421052632
1536,3.259210526315789
1537,3.0467894736842114
1538,3.0056842105263155
1539,2.7485789473684212
1540,2.6727894736842117
1541,2.657315789473685
1542,2.6522105263157902
1543,2.429631578947368
1544,2.610684210526317
1545,2.9583157894736845
1546,2.434894736842104
1547,2.4517894736842094
1548,2.299684210526315
1549,2.455894736842104
1550,2.2592105263157887
1551,2.566315789473684
1552,2.2538947368421045
1553,2.217947368421053
1554,2.2067894736842106
1555,1.88221052631579
1556,2.1794736842105262
1557,2.2399999999999998
1558,2.1862105263157883
1559,2.4461052631578935
1560,2.461947368421052
1561,2.559421052631579
1562,2.9699999999999998
1563,2.6378947368421053
1564,2.469421052631579
1565,2.202421052631579
1566,2.2103684210526313
1567,2.291210526315789
1568,2.4784736842105257
1569,2.3062631578947363
1570,2.5811052631578955
1571,2.2821578947368417
1572,2.6587894736842115
1573,2.5038947368421054
1574,2.4916842105263153
1575,2.4633684210526314
1576,2.457947368421052
1577,2.45957894736842
1578,2.1887894736842104
1579,2.019315789473684
1580,1.9612105263157888
1581,1.7905789473684213
1582,1.8731052631578946
1583,1.7996842105263167
1584,1.6147368421052632
1585,1.735105263157894
1586,1.6948421052631575
1587,1.6971052631578947
1588,2.0871578947368428
1589,2.3180000000000005
1590,2.560842105263158
1591,2.822578947368421
1592,3.114842105263158
1593,3.1171578947368426
1594,3.0761052631578942
1595,2.6757894736842105
1596,2.978526315789474
1597,2.671368421052632
1598,2.6358947368421055
1599,2.966315789473685
1600,2.9745263157894746
1601,2.69621052631579
1602,2.6254736842105277
1603,2.5476315789473687
1604,2.605210526315791
1605,2.629684210526317
1606,2.6314210526315804
1607,2.5184736842105258
1608,2.466210526315789
1609,2.594315789473685
1610,2.618789473684211
1611,2.4968421052631573
1612,2.6528421052631583
1613,2.969263157894737
1614,3.022052631578948
1615,2.983526315789475
1616,3.3167894736842105
1617,3.3227368421052628
1618,3.822105263157895
1619,4.054736842105265
1620,4.4685263157894735
1621,4.195526315789474
1622,4.287
1623,4.313736842105264
1624,4.089684210526318
1625,4.140263157894737
1626,3.8747894736842117
1627,3.6960000000000015
1628,3.9796842105263166
1629,3.406894736842105
1630,3.3616842105263163
1631,3.328263157894737
1632,3.370684210526316
1633,3.840684210526316
1634,3.827526315789474
1635,3.344473684210527
1636,3.057052631578948
1637,3.249736842105263
1638,3.031526315789474
1639,2.8033684210526313
1640,3.066736842105264
1641,3.017157894736842
1642,2.743315789473685
1643,2.607578947368421
1644,2.688263157894738
1645,3.0543684210526316
1646,2.8159473684210523
1647,3.106263157894737
1648,3.240052631578949
1649,3.7784210526315802
1650,3.4370526315789482
1651,3.5377894736842115
1652,3.8802105263157904
1653,3.7831052631578954
1654,3.1096315789473685
1655,3.0570000000000004
1656,2.977789473684211
1657,2.7453157894736853
1658,2.6976842105263166
1659,2.2642105263157886
1660,2.4740526315789464
1661,2.262947368421052
1662,2.3074736842105263
1663,2.299736842105263
1664,2.178684210526316
1665,2.071842105263158
1666,2.064894736842106
1667,2.063894736842105
1668,2.007842105263158
1669,2.1814736842105265
1670,2.2342105263157896
1671,2.41978947368421
1672,2.2755263157894734
1673,2.256842105263157
1674,2.4874210526315785
1675,2.384894736842104
1676,2.26178947368421
1677,2.0344736842105258
1678,2.1188947368421056
1679,2.010368421052631
1680,1.838263157894737
1681,2.186421052631579
1682,2.174473684210526
1683,2.2060526315789475
1684,2.2247894736842104
1685,2.2030000000000007
1686,2.464263157894736
1687,2.5449473684210533
1688,2.7204210526315795
1689,2.8090526315789472
1690,3.4827368421052642
1691,3.954000000000002
1692,4.095157894736843
1693,4.719210526315788
1694,5.262315789473684
1695,5.50278947368421
1696,5.468052631578947
1697,4.847736842105263
1698,5.283473684210527
1699,5.345052631578947
1700,4.487894736842105
1701,4.039947368421054
1702,4.075684210526316
1703,3.377421052631579
1704,3.3965263157894734
1705,3.318894736842106
1706,2.7645263157894733
1707,2.9958947368421063
1708,2.7715263157894734
1709,2.715947368421053
1710,2.66221052631579
1711,2.536105263157895
1712,2.6918421052631585
1713,2.5973157894736842
1714,2.602736842105263
1715,2.5628421052631576
1716,2.7070000000000007
1717,3.019052631578948
1718,2.792421052631579
1719,3.051631578947369
1720,3.404578947368421
1721,3.444684210526316
1722,3.457105263157895
1723,3.514789473684211
1724,4.0794736842105275
1725,4.214894736842104
1726,4.492157894736842
1727,5.268842105263159
1728,5.524473684210526
1729,5.683526315789473
1730,5.718999999999999
1731,5.670947368421053
1732,5.655894736842105
1733,5.655894736842105
1734,4.985315789473685
1735,5.422473684210527
1736,5.596105263157895
1737,5.584263157894736
1738,5.596421052631579
1739,5.0428421052631585
1740,4.478421052631579
1741,5.075157894736844
1742,4.723736842105263
1743,4.528105263157895
1744,5.188736842105262
1745,5.509052631578947
