,0
0,1.4131503623553756
1,1.3929294937722516
2,1.3760212151487903
3,1.457501034537406
4,1.167459626747231
5,1.1737809092082985
6,1.1294256175719992
7,1.1322695504341338
8,1.0561878695624813
9,1.3200840037289887
10,1.405419362812472
11,1.2736210899929572
12,1.0900827073611516
13,1.255334235060177
14,1.3003614129529786
15,1.2763844054154514
16,1.4199372804640213
17,1.4561220905958892
18,1.4009555037771477
19,1.4182020178851247
20,1.332179921512256
21,1.2892100418028098
22,1.4019409454021343
23,1.3594520206682006
24,1.308568745824694
25,1.2441035430515834
26,1.279318919130315
27,1.3175845405531725
28,1.3855293342762467
29,1.300588789663607
30,1.4327240865385689
31,1.388279860229629
32,1.322108979549617
33,1.2442600380505804
34,1.257575697139989
35,1.1865175225736218
36,1.3475339605963355
37,1.6548419754733903
38,2.1178870458451233
39,1.308586523655578
40,1.227462977540416
41,1.1478979461645547
42,1.1173469569055035
43,1.1505169014387737
44,1.2654000293128291
45,1.4246488547339584
46,1.3311537702680372
47,1.4067411954710933
48,1.7744979376593233
49,1.7153093890842226
50,1.3540168464372782
51,1.3660105362273731
52,1.160970276766405
53,1.2171107190541466
54,1.2128555019503304
55,1.337959175927168
56,1.3259041852846751
57,1.1966968555862332
58,1.327136441205576
59,1.3399760338449762
60,1.3129428560563308
61,1.1244876674746775
62,1.2585322553739007
63,1.2512887945288784
64,1.3739283661147996
65,1.5400292371156503
66,1.6006114279949288
67,1.67150851551658
68,1.4341972553494868
69,1.4929369642480521
70,1.5379994715384984
71,1.5381515537294759
72,1.6593145527218005
73,1.7301307078078318
74,1.661776605182179
75,1.5385395708819984
76,1.5404788679941117
77,1.7574207814761866
78,1.856536818274763
79,1.6938265272866462
80,1.6667024769882346
81,1.7790564254180867
82,1.7777900336223784
83,1.8119526040033405
84,1.7857812057640081
85,1.805890519846978
86,1.6730398583825152
87,1.5948794775017894
88,1.457187851834592
89,1.354557348656984
90,1.4332349544890415
91,1.4145433536830834
92,1.426442828152733
93,1.5653389063678826
94,1.5414417888880239
95,1.5384290328200836
96,1.571792703915005
97,1.692731002790433
98,1.6081621886959345
99,1.6026148681719854
100,1.6846335129007413
101,1.7145859617767647
102,1.463129498025795
103,1.6908722552225977
104,1.5846405780709643
105,1.6917163068505978
106,1.6006766262601964
107,1.7424014063612174
108,1.748482836627844
109,1.6538072591289539
110,1.6020460581788736
111,1.66909045762868
112,1.6046636435152752
113,1.4173101474131404
114,1.4468245951567547
115,1.3528353702809015
116,1.3146886375219058
117,1.3788039423287421
118,1.3160266216800445
119,1.1810958858539826
120,1.1036783525788643
121,1.2933861449700588
122,1.0583294421073302
123,1.4018774398249079
124,1.2652272160465265
125,1.248398894195901
126,1.1514039817593291
127,1.2810966617929525
128,1.0893307626701014
129,1.1276013729112098
130,1.1316167979400649
131,1.244104281950989
132,1.3134065008753337
133,1.4061996724271568
134,1.4437487830050313
135,1.4107964033759215
136,1.2719062004805273
137,1.3943874287802913
138,1.4982393179666913
139,1.4671103893244348
140,1.394012770263246
141,1.5228267751376303
142,1.26009805247102
143,1.2619212382017282
144,1.14120534859937
145,1.1631262713905197
146,1.1549630799516324
147,1.4143666777507498
148,1.4348817099798692
149,2.02137130720066
150,2.169049972621727
151,2.144734579487729
152,3.2544284987100087
153,2.926911279053886
154,2.9260138644529827
155,4.470187150138681
156,4.3499337445029225
157,5.415032943507016
158,5.527242910827277
159,5.527242910827277
160,5.37128693586794
161,5.179045150181541
162,5.099722252013742
163,4.983937572924715
164,4.80789328272486
165,4.544669087885278
166,4.425103160268802
167,3.4031846638313805
168,4.39273910765475
169,4.296757269662798
170,4.002790499727659
171,3.8941042611520884
172,3.757857461379649
173,3.727060749489632
174,3.7314324297538586
175,3.9124216729259382
176,3.844911425888197
177,3.8659424046520434
178,4.003534996149636
179,3.9065100117932174
180,3.4706550812869343
181,4.126200447434745
182,4.017908291444188
183,4.261842900466244
184,4.043433902746982
185,4.118860194818074
186,3.863054792111026
187,3.837689094851953
188,3.913823865751187
189,3.8990279888546215
190,3.8026489836944095
191,3.9094486169112574
192,4.1702107777563855
193,3.2198547915092877
194,4.196805157500114
195,3.3989312494207917
196,3.385314638907221
197,3.234373649809578
198,3.3907151468603667
199,3.1813333270079074
200,3.3644019765884785
201,3.255036270676177
202,3.1140685636925123
203,2.1394277288085246
204,2.2400871071269908
205,2.267212226016815
206,2.866610984054293
207,2.306476745137033
208,2.2757247632831086
209,2.2340656644561387
210,2.2073317433080706
211,2.152369474529483
212,2.2167187989100383
213,2.154860144154561
214,2.212664635724296
215,2.244303816180211
216,2.185485011326831
217,2.1146888242698743
218,2.035181912894213
219,2.050728677970278
220,1.9178187798800301
221,1.9580630738794749
222,1.8772682082809937
223,1.9534612623383074
224,1.7981375457133113
225,1.8094729077639848
226,1.884106913968417
227,1.8254528898864208
228,2.19663718528965
229,2.105285926872692
230,1.6526505384906356
231,1.5786314356444333
232,1.4858629996813586
233,1.77980563152501
234,1.839818172882927
235,2.1568205109093035
236,1.8800605012142717
237,2.2467547698292956
238,1.9549266735152198
239,1.760028569954484
240,1.8224576343501806
241,1.7142875328252039
242,1.6439846921567811
243,1.7287142114279528
244,1.6765668595977363
245,1.688046435886923
246,1.5651352205785958
247,1.6003280011303889
248,1.4416463795425707
249,1.4573225305879078
250,1.6547080873771722
251,1.423284164041314
252,1.636647777326823
253,1.6351113684289134
254,1.5356587301566174
255,1.7046271928910242
256,1.605574555862736
257,1.462946239778287
258,1.4952589447729083
259,1.6027559515920975
260,1.5966603294007258
261,1.6968891048986912
262,1.4454358898820725
263,1.6394262324698583
264,1.341631767265987
265,1.3437509638432767
266,1.3377619152717082
267,1.3357264001442601
268,1.2567071212402825
269,1.2174832476270092
270,1.1400680667292986
271,1.1205010229830357
272,1.1874731304318351
273,1.14896702530279
274,1.2052542214099122
275,1.31472916104286
276,1.2617723408411639
277,1.2602189167813602
278,1.241699791130346
279,1.3160819131179895
280,1.500541127568615
281,1.7822254463183986
282,1.7746860315670505
283,1.8332781067525243
284,2.2426248408027782
285,2.447361999547491
286,1.9894474790926755
287,2.980651869422659
288,2.853454025620857
289,2.982616906114042
290,2.951077381771409
291,3.08333868477136
292,3.5194594829667536
293,4.256959670428849
294,4.417145461181931
295,5.201928662421023
296,5.019794043728741
297,5.192104161001027
298,5.3076803081067805
299,5.2359863509917695
300,5.347876551904925
301,5.2883963451972145
302,5.103088330046511
303,5.11029467925286
304,4.935881389005437
305,4.948921345984732
306,4.891583802639047
307,4.76503625183536
308,4.752855899153043
309,4.537213956554578
310,4.3710687796501295
311,4.391708577081465
312,4.450451282143535
313,4.4122128771537215
314,4.203917854097276
315,4.022609259894673
316,4.07097695250017
317,4.144412501143362
318,4.338948124055433
319,4.310400346762149
320,4.245513929983213
321,4.258650635020217
322,3.9868951044182355
323,3.523130249132857
324,3.5417205331838453
325,3.752451069214727
326,3.599762537775215
327,3.910585314734557
328,3.5097118555316626
329,4.578429897232756
330,4.469255534033572
331,4.498824845488846
332,4.622762199309712
333,4.605864871646452
334,3.4957174107419013
335,3.4994539978085206
336,2.6366194191078556
337,2.621431358376316
338,2.508879209237211
339,2.6147769045364444
340,2.629600210458212
341,2.6631594874385423
342,2.629600210458212
343,2.539019664235948
344,2.5575488183121218
345,2.9260788934322663
346,3.005435818717184
347,3.048114716823459
348,3.087460449624807
349,3.087460449624807
350,3.00154169793152
351,2.1174866682836897
352,2.1611547600870344
353,2.1759798269134287
354,2.1501354416447014
355,2.894233169368982
356,2.927842689436168
357,4.022542683494215
358,3.506885114837316
359,3.3106594756881065
360,3.491364007262657
361,3.266358960092499
362,3.2330692991521817
363,3.291680969369864
364,3.294357862172565
365,3.171853690744875
366,2.969659419788137
367,2.819833419909289
368,2.6182568104308133
369,2.143258015595825
370,1.9985538796219224
371,1.9595981301758951
372,2.0132611434383705
373,1.9635324164615644
374,1.9237516955927456
375,1.7101352401846983
376,1.668724162073461
377,1.6527989378371541
378,1.554176514112129
379,1.5476348366802168
380,1.8025642415787506
381,1.8711874290461408
382,1.5475564057654334
383,1.49494762655596
384,1.4964809505391692
385,1.4196366618711949
386,1.4014341337706404
387,1.4744642890967699
388,1.4044828288077917
389,1.3762861257570687
390,1.3302590911025567
391,1.2815283168482106
392,1.5950844051522441
393,1.284796501169007
394,1.3476956644039502
395,1.34459477908793
396,1.0756160124928258
397,1.137242318155043
398,1.0974328104484168
399,1.0691500364792377
400,1.1342500263283328
401,1.0568741500779786
402,1.087709893849362
403,1.1006925996211703
404,1.2755661810870413
405,1.1114794575684692
406,1.112331224236663
407,1.1144523034583318
408,1.0869870450569694
409,1.1355886253125975
410,1.3495200524580597
411,1.3929025013377083
412,1.522682461113933
413,1.6035197514821777
414,1.5942460618694168
415,1.6465219271469274
416,2.192240673994612
417,2.0870917806769476
418,2.0056155894170593
419,2.0305368857133557
420,1.780566334685159
421,1.7800218363391256
422,1.911816754826558
423,1.9107516170593004
424,1.9089557649692772
425,2.0053934793114134
426,2.0173042318277585
427,1.7057945797708465
428,2.032753646891168
429,1.7716366128736487
430,1.7065526925099785
431,1.7363243408455167
432,1.6193270133673408
433,1.4280436660863458
434,1.4244751093668437
435,1.3080064471946873
436,1.595866436883212
437,1.6921559921900933
438,1.6103979482939872
439,1.7716497368640212
440,1.887431894109553
441,1.8550331992102465
442,1.7719103853357474
443,1.834327967290179
444,1.356701371486107
445,1.3057410557859186
446,1.3758475691716632
447,1.2632160112506854
448,1.3423924192179304
449,1.2880727090876565
450,1.4232294474044476
451,1.3752375293946597
452,1.3794294378077272
453,1.4180713863331904
454,1.3190107247082878
455,1.3248674167312573
456,1.3333257162346333
457,1.3441236671390047
458,1.2421001400313894
459,1.156795068933182
460,1.0953247440146257
461,1.0917236440435543
462,1.1101527747491013
463,1.119735381866022
464,1.0571870577253064
465,1.0538499027065071
466,1.055022945706956
467,1.0552642451155343
468,1.0137506372384986
469,1.0360457293238743
470,1.0244855869975487
471,0.9983205385965632
472,0.9186590723373961
473,0.8843459379558922
474,0.9054995026420657
475,0.8537968466568009
476,0.820673751206434
477,0.746184198369085
478,0.7497540286159986
479,0.728090613359218
480,0.7743757858256406
481,0.7377029403628013
482,0.7931288094449007
483,0.8769619188327968
484,0.857553148396309
485,0.9091368718889999
486,0.8738414434157937
487,0.8902177626833541
488,0.8735520471656198
489,0.8399608665625972
490,0.7962521525618095
491,0.7840835994497668
492,0.7701622822755866
493,0.7988715613050421
494,0.8009564158096615
495,0.7894262661725104
496,0.7218845794995977
497,0.7657854909773127
498,0.7660338944373349
499,0.8185999171406045
500,0.8245717129495714
501,0.8297718704098118
502,1.2937626804741194
503,1.384025971159633
504,1.6454867291564546
505,1.6610047990897423
506,1.3341327093834126
507,1.7064382825972764
508,1.6094001902944826
509,1.6748111859585946
510,1.6208908284537593
511,1.573738056741937
512,1.4525740239273837
513,1.3240297456261254
514,1.2134146014797123
515,1.2057328013489337
516,1.215403158650285
517,1.3382347860464139
518,1.356426385080976
519,1.2532160219921018
520,1.6222913520750863
521,1.65032100485912
522,1.9459691949893416
523,1.610165976797839
524,2.2206960015858592
525,1.3792971984566893
526,1.5991775256124292
527,1.9185059438793672
528,2.1401412297987985
529,1.8410609469994652
530,2.1045285527103474
531,1.5830814220139993
532,1.6656946337765552
533,1.5400355838933673
534,2.3380084199408757
535,2.0248964268115546
536,2.128734842807002
537,2.1896681999021803
538,2.3050234266419714
539,1.6734299770214396
540,1.8875128911828065
541,1.8271885288480494
542,1.6508795565205874
543,1.7265471790399998
544,1.5583741731929373
545,1.5715387142924047
546,1.5657182366113325
547,1.6631970132695963
548,1.5602944186962777
549,1.5210559817975957
550,1.63897574028547
551,1.544177211893999
552,1.6443779666784457
553,1.8372202207448913
554,1.6946274494686473
555,1.8811893523230194
556,2.0626604453997524
557,2.3815840404341473
558,2.4657455052350756
559,2.0134804920285436
560,2.001206494085302
561,1.9451071482228706
562,2.703714217021112
563,2.7845455211070993
564,2.4720418188490396
565,3.5908093996602117
566,2.0815408527020454
567,2.0306690393302325
568,2.0987308785130727
569,2.0321046889335106
570,1.9526462254803945
571,1.9940811958238194
572,1.884816480471265
573,1.7390724503002755
574,1.7213477095073408
575,1.7166111923136267
576,1.6592430011938455
577,1.6061235688025868
578,1.5225776747821538
579,1.534950257942473
580,1.5395977732430128
581,1.4779503096418931
582,1.4268271476568821
583,1.4785673880396177
584,1.405497964366614
585,1.4077558481943842
586,1.4399279647170462
587,1.4902122896922452
588,1.5509121062702753
589,1.5185480638105446
590,1.4629796404431623
591,1.5285635555798407
592,1.3735680407266435
593,1.4135737362816825
594,1.345537177722994
595,1.3317330730687233
596,1.2738978510650905
597,1.8168209730911822
598,1.2243325492568804
599,1.3937932482485773
600,1.35973718016441
601,1.4575908938345654
602,1.7039239248573528
603,1.5841096947956177
604,1.6485735087283335
605,1.9470891125528238
606,2.150805149367545
607,1.483546223880699
608,1.744448461531976
609,2.0108654762321128
610,2.1128273506857047
611,2.0168308063694624
612,2.275835669897401
613,2.361634395781094
614,2.3378433049413028
615,2.238196351371714
616,2.2492268648108342
617,1.8429739163225771
618,1.7581438229546928
619,1.8908408454933796
620,1.9699572106056262
621,3.093742848632016
622,1.962756703495026
623,2.2193317512964423
624,2.1681153971435014
625,2.6520028567109044
626,2.2338132186815836
627,2.3975630159140606
628,2.159214162679817
629,2.8636862342643776
630,2.62226035126448
631,2.495251947006163
632,2.456596908554045
633,3.1206466847607692
634,2.4705586703892406
635,2.513832782473657
636,2.560049756586336
637,2.531148466679788
638,2.537469616822623
639,2.477222676520127
640,2.300828204158873
641,2.238430115358925
642,2.157661151431484
643,2.018081478476113
644,1.978150802641824
645,1.8684939409516061
646,2.2680444872347563
647,1.9498252907751705
648,1.9949008473561434
649,2.1576088545668166
650,1.9858291315205292
651,2.008066469358753
652,2.0682457716191225
653,2.1155355262785642
654,1.9240078783445544
655,1.8447903673565718
656,1.7292223110790252
657,1.6395162317006904
658,1.5660428447386738
659,1.575661665129596
660,1.5982610121525924
661,1.5479514245559605
662,1.5503372900060104
663,1.5635847965285172
664,1.7701043117264639
665,1.7336808831224
666,1.6496860161586029
667,1.5265150175599733
668,1.469096428033299
669,1.5917471625821724
670,2.389921066803319
671,2.336907046206849
672,2.113071565813008
673,2.1733666185458587
674,2.5058566096944244
675,2.3836859704560163
676,2.5423076431939484
677,2.5314457233585377
678,2.4116397778996044
679,2.393826720452951
680,2.470336817882372
681,2.5223805250806803
682,2.5456246288436533
683,3.118640385701091
684,3.0701972585931987
685,3.101048148444088
686,2.9269159808481815
687,2.562859940448169
688,2.364316103339489
689,2.2847511616674505
690,2.311516398257806
691,2.0714423177232155
692,2.0045579283860806
693,2.095757265736758
694,1.7766134224303425
695,1.9367541562166797
696,1.7695145343866894
697,1.7163736944572714
698,1.6252426422913557
699,1.7772797379076921
700,1.7631870457040122
701,1.5432814968128266
702,1.5497664566094609
703,1.3749625339716218
704,1.086569378963935
705,1.0772779058458366
706,1.0394844585523895
707,1.0338754975540694
708,0.9045157844542702
709,0.9105725669462693
710,0.7565842919305076
711,0.7791792402079695
712,0.8031858609107643
713,1.3755948653610666
714,1.9012793897338869
715,1.5543658685895925
716,1.1426981551751083
717,1.1401356844839619
718,1.4535836805241111
719,1.330229750019405
720,1.6634853018291147
721,1.6855822652407788
722,1.7893191238464483
723,1.6661458714941944
724,1.5651545935622617
725,1.4705407676928097
726,1.57851624091761
727,1.482096931953139
728,1.4778519114673296
729,1.5199838982794587
730,1.4901897171955971
731,1.4961767206590098
732,1.4214863478665858
733,1.3709487163823897
734,1.345283430935863
735,1.8213392769973413
736,1.7815961436233942
737,1.7851405422891984
738,1.7121645691273333
739,1.7465065259341361
740,1.7082544044081405
741,1.9732827154296457
742,2.221293999214563
743,2.462117665597233
744,2.55058988793878
745,2.6718536792333683
746,2.685666562972723
747,2.609918106182599
748,2.7820334527384554
749,2.697851924109171
750,2.743096242994794
751,2.7359538144370124
752,2.723265101164504
753,2.577652703078782
754,2.047737337490625
755,2.4848603013549573
756,2.50744755054648
757,2.0630540105690187
758,1.9991820027264153
759,2.010279572853839
760,2.0107939419696703
761,2.011082561816895
762,1.9155483704202938
763,1.963797543445183
764,1.8803995576716088
765,1.9007464247058024
766,1.9099516048037821
767,1.9252093846462424
768,1.9848661402968124
769,2.234692065229354
770,2.4071686984222955
771,2.7521804003739803
772,3.0023342511152293
773,2.259960591758607
774,2.0691506988902812
775,2.039962527622482
776,2.00591962573866
777,1.9926801148309312
778,1.9292325151523302
779,1.941867533424231
780,1.9074558790906504
781,1.8060611182184496
782,1.8800057685367413
783,1.7372757858389518
784,1.8090955548868388
785,1.8039580170393112
786,1.7109285876469837
787,1.8041993099247962
788,2.0875973468815245
789,1.8701732873666734
790,1.9332642884369797
791,1.939580520293149
792,1.9600593647839615
793,1.9889070072213322
794,1.9742255748225863
795,1.9135387207589822
796,1.9111188594717525
797,1.9385863516011483
798,1.926021317117915
799,2.0089184289887814
800,1.9721579939505682
801,1.9108529718450142
802,1.91179703727526
803,1.9247982363334581
804,1.8121297928212652
805,1.7894213186962507
806,1.7324772754398303
807,1.7102685468595291
808,1.7976913089995403
809,1.8182045603002646
810,1.773166710162462
811,1.7529934532716418
812,1.7995599646833793
813,1.7959880882047805
814,1.8021887896871438
815,1.7241300671138378
816,1.677293586836415
817,1.5212822656235778
818,1.4418641195013235
819,1.4596430944917933
820,1.4411848196463497
821,1.3291686379092358
822,1.3089985989793929
823,1.318800721404701
824,1.2101386978761977
825,1.145250276062147
826,1.0977197826638043
827,1.0571669757443307
828,1.0596935379795218
829,1.1016250706797797
830,1.4076236118558967
831,1.7584523449665805
832,1.295107979241952
833,1.9672134971409294
834,1.9689757103066976
835,1.99938337896654
836,2.4527939769496743
837,2.9401524731042032
838,2.89645966615066
839,2.881230305701011
840,2.955233965216451
841,3.014583364230782
842,3.1133018445759912
843,3.2967712336228203
844,3.3471635678301372
845,3.1276204516589377
846,3.1615342344102197
847,3.02908919472501
848,3.120506130952506
849,2.507889061718337
850,2.8788236471863806
851,2.1484273026514886
852,2.558463418232692
853,2.599963651172554
854,2.473998341906427
855,2.1351484025392553
856,2.167108668085114
857,2.030560132422634
858,2.1204764401588245
859,2.1039472025879205
860,2.9282672179236746
861,2.7800701596092012
862,2.0793137070388674
863,2.599973228915375
864,1.9256295532714232
865,1.7050764105310876
866,1.6475738311045456
867,1.7132641921442884
868,1.7140192569138462
869,1.5016066786273534
870,1.6064811389914868
871,1.6417449486463493
872,1.5992299233127714
873,1.7007655979215088
874,1.700211270720569
875,1.5909222586949554
876,1.4963563530627388
877,1.490131227466109
878,1.450586514241653
879,1.3208493222719346
880,1.3623294529995165
881,1.3150518161115303
882,1.2381014268209398
883,1.1920394219647348
884,1.1731926731136102
885,1.1684808563417066
886,1.1265577572391299
887,1.3629750437423158
888,1.3827815419762772
889,1.224190179020204
890,1.3423346440185826
891,1.276392584077524
892,1.2662967916322527
893,1.6427922584932897
894,1.7310319013998814
895,2.0077197351296663
896,2.0789442566862872
897,2.3257753917210406
898,2.1043036778375206
899,2.0628122370348048
900,2.121774098444985
901,2.2532747058241394
902,2.0787351483585645
903,2.181264163268299
904,2.2111632465206834
905,2.1000494762807556
906,2.0628581949794778
907,1.8544985072714484
908,1.931947959794398
909,1.7237156116576173
910,1.7538655311077
911,1.8011140009605913
912,1.7801730313344113
913,1.8095570943990456
914,1.8556060775900685
915,1.8192257624231123
916,1.7264881052210714
917,1.7099975035009265
918,1.4551940662531202
919,1.6409149234766065
920,1.602165420016832
921,1.5387772151784993
922,1.7070652099762544
923,1.4577471388283112
924,1.518360611845832
925,1.3783280162886704
926,1.4059568892873164
927,1.4838797341602075
928,1.377729365479301
929,1.4288089629295102
930,1.341011907780224
931,1.254173573621854
932,1.1891375082844577
933,1.204551505038732
934,1.1067706347446296
935,1.1808731339252359
936,1.074490587672786
937,1.1476358282625678
938,1.1695016970185643
939,1.2036973077631485
940,1.217734139040766
941,1.1003418358858823
942,1.0762503076372842
943,1.0425495055397056
944,1.015480612683538
945,1.0754389306653747
946,1.0174716774821395
947,1.0620139884977902
948,1.0081831532430037
949,1.048424683099341
950,1.0084517268028204
951,1.0372561409056666
952,1.0394454900233425
953,1.0607463224940707
954,1.084684454235675
955,1.0108571297526208
956,0.9346552091411435
957,0.959125570265738
958,0.904664765117547
959,0.832808309113167
960,0.8424990810040062
961,0.8395901685831137
962,0.8692632404387374
963,0.8214023810869043
964,0.7876589237184427
965,0.7855355277300613
966,0.7328359556131876
967,1.3744275900929457
968,1.4089843666497222
969,1.4716298268540058
970,1.804237175789168
971,2.0656972315840387
972,2.5455397062959872
973,2.8849940841185266
974,2.8954816783269877
975,2.9316994025999246
976,4.284499846701378
977,4.295283071102249
978,4.9479215970033525
