,0
0,3.604146519586111
1,3.4990673620182395
2,3.521302326591923
3,3.642415021769124
4,3.198768013432329
5,3.1465449079482855
6,2.947615613303484
7,2.964587163422648
8,2.9172439757584323
9,3.1841300885162998
10,2.8979500522648127
11,2.9382014544556125
12,2.72900111147083
13,2.8250359510261833
14,2.525249165316728
15,2.511786059815007
16,2.520001782554385
17,2.521075664188469
18,2.7810393042562143
19,2.528273011244134
20,2.4689129507775145
21,2.797348019008232
22,2.6905814121197533
23,2.975608755108567
24,3.162055143206822
25,2.6954783579272616
26,2.452548876236038
27,2.330858544339147
28,2.264336407825946
29,2.335549370343497
30,2.427697642946948
31,2.167258293738161
32,2.3334040993865255
33,2.2867713328704364
34,2.411153365982146
35,2.4080360717674782
36,2.742457935647341
37,2.991911785461582
38,3.238743942348375
39,3.585130281226977
40,4.180302207255484
41,3.9053265198881886
42,4.484394904068984
43,4.055039608817241
44,4.613867644374501
45,4.370387067474718
46,4.025959743439444
47,3.794837039188473
48,3.8745996940965286
49,3.7114329858954496
50,3.706573775697236
51,3.865998123671021
52,3.7024669094209677
53,3.6878085163984817
54,3.79992006725955
55,3.394488472526543
56,3.503262424210114
57,3.3569829264114253
58,3.1596603343572705
59,3.122191020833196
60,2.959240074301884
61,2.9643420815024903
62,2.7213727737575977
63,2.940655579176637
64,2.9205225599904145
65,2.921470122772477
66,2.9954001466663964
67,3.209862778186619
68,2.9871035660761818
69,3.118136441369978
70,3.3413674327419822
71,3.3498839468712265
72,3.5295922051223503
73,3.208357668996383
74,3.207470445153126
75,3.191715696637714
76,3.1691415768811937
77,3.166962263437174
78,3.4886401143773544
79,3.558221087091815
80,3.7171091396110247
81,3.4960154993150274
82,3.907995164832688
83,3.8465097851258108
84,3.7266597810634883
85,3.8559965959359204
86,3.699875228217631
87,3.2053873076382446
88,3.063343220236234
89,2.90179644623778
90,2.9602400733104726
91,2.8504780532705447
92,2.9857218492584727
93,2.7374336550815026
94,2.8111057736895186
95,2.8177863991427134
96,2.450956699762412
97,2.610348721121096
98,2.4448342399871965
99,2.43488213462794
100,2.3573592535932852
101,2.4054480628994788
102,2.4197139478009775
103,2.7096232437033745
104,2.417124126758768
105,2.396189534792293
106,2.3400782127625943
107,2.0279481692809096
108,2.0215153603532428
109,2.00805509336441
110,1.9383394896974655
111,1.874173181989628
112,2.0027780858877393
113,1.9819393595215562
114,1.9686951426818096
115,1.974411686731853
116,1.7062789581753535
117,1.756064632809179
118,1.6898679290200562
119,1.709654540761088
120,1.7454265822257715
121,1.8461279107965693
122,1.7398816310341283
123,1.7375227987451096
124,1.810958792278133
125,1.7038730859935698
126,1.9601689897641974
127,2.2163903303670174
128,2.0709173883538603
129,2.1191101834977024
130,2.078590297401543
131,2.151442858868818
132,2.238035183617409
133,2.303831434182405
134,2.3079813013773887
135,2.353801082283805
136,2.3479715555438223
137,2.4511496601661142
138,2.499127270720414
139,2.8499381486881337
140,3.2931382396633966
141,3.234608064445282
142,2.879058026524193
143,3.3845368690872117
144,3.172299471854536
145,2.7930872134759923
146,2.7733450455581345
147,2.7851171567489135
148,3.0186970957035384
149,2.740898635150235
150,2.656405039914945
151,2.641641915878031
152,2.6012149472224393
153,2.9984397664770306
154,2.5629303842695172
155,2.4683241227925374
156,2.4317503224454953
157,2.4437147382507325
158,2.2881517693674436
159,1.914006163984225
160,2.272672020712703
161,2.274807690995573
162,2.430958634450546
163,2.0242736815398783
164,2.2829811419308634
165,2.2903870164322813
166,2.3021067577104066
167,2.4115304550545678
168,2.574848946442502
169,2.579387762412016
170,2.6255029792918942
171,2.7367230957550315
172,2.7981573441204723
173,3.4401140294386487
174,2.8186051358274664
175,3.237928877000222
176,2.7668370942891567
177,3.6727682211915256
178,3.5293136244730867
179,3.4605913227641616
180,3.528634263631866
181,3.4170229431884898
182,3.8300476344707697
183,4.076147625560551
184,4.478720073780498
185,4.593013810698252
186,5.275314211072699
187,4.459902271737845
188,4.505291994889399
189,3.89768212582325
190,4.066333122008502
191,3.8114689482449977
192,3.694420662488119
193,3.687608031857548
194,3.7250705673807696
195,3.7003087957409746
196,3.190328443825602
197,3.9150822570620556
198,4.0399676279086805
199,3.8478109427896845
200,4.0297395142774945
201,3.891148030023292
202,3.929895058781271
203,3.6169311962363357
204,3.5511582336350123
205,3.7275694882761394
206,3.6899323554873105
207,3.778046729641988
208,3.6441969676739046
209,3.9599651120809822
210,4.043100001305552
211,4.915064355956861
212,4.670205095777197
213,4.925178208715579
214,4.90100201936697
215,4.258571693635426
216,4.315857160885945
217,4.014136632031659
218,4.6444142522304155
219,4.857159831091503
220,4.658084419908296
221,5.143487136745995
222,5.478332217366712
223,4.679046543190605
224,5.0057715797775275
225,4.531749325093963
226,4.276349676661941
227,4.199090678263962
228,4.285319230747783
229,4.210995561422868
230,4.161348375496207
231,4.143218319216381
232,3.865038551622055
233,3.875128914289494
234,4.025859607849018
235,3.9986398406779484
236,4.015148050795982
237,4.028020725013956
238,3.952120274630268
239,3.824127277739672
240,3.813931493799124
241,3.891968824368654
242,3.714128652451866
243,3.730885572231115
244,3.9664104494053913
245,4.976870750640322
246,5.009806023086267
247,5.088904678241052
248,4.758400351338875
249,4.863778878170021
250,5.330150714713593
251,4.618576265435483
252,5.115888745217268
253,5.148701921679208
254,5.468738344851203
255,5.565976023394115
256,5.457985524165943
257,6.116454102327765
258,6.000009716356257
259,6.2741935598121295
260,6.1157866304813515
261,5.86241467573669
262,5.769329113417363
263,5.747593458729261
264,5.680192812582662
265,5.629457853606289
266,5.631287420950886
267,5.518264285665135
268,5.495009659343827
269,5.440041383779025
270,4.975206411325457
271,5.255223383293221
272,4.999789499990516
273,5.137083325974677
274,4.944840892296211
275,4.03717849569387
276,4.39319055659782
277,3.8903055836192926
278,3.845726294368419
279,3.8393387059725748
280,3.8862412175254817
281,3.8200150796740235
282,4.072023180824649
283,4.240266801574779
284,4.19692239910622
285,4.327608033069756
286,4.3189337699612
287,3.8851622006716595
288,3.9411369456626337
289,4.215422153844674
290,3.7220487097538055
291,4.003789059355596
292,4.001208337790125
293,4.142024676361596
294,4.944091049365547
295,3.8585147376299105
296,4.214229218091986
297,3.9567158302635286
298,4.859363778891832
299,4.796475899492382
300,4.225472571480169
301,4.321339716713827
302,5.026683333808308
303,4.134331739343257
304,4.3271632310312835
305,3.899230584163014
306,4.912366880345928
307,4.594200151086441
308,5.46485792883032
309,5.286447633102384
310,5.197138404407799
311,5.819305912047812
312,5.802156274925476
313,5.70340687347956
314,5.038718556258324
315,4.983598252503195
316,4.650019466383768
317,4.66850517425077
318,3.9528290895494984
319,4.40051544194744
320,4.08630958353558
321,3.916022856712225
322,4.044360995877942
323,3.9263003531175324
324,3.651060668055189
325,3.644949731255268
326,3.4265759807116005
327,3.446003633151028
328,3.408880288160842
329,3.1938152177238153
330,3.1998295621438935
331,2.9223269371484584
332,3.0736953995646705
333,3.5767454447439873
334,3.7703069577666306
335,3.7434287945130866
336,3.787758374215092
337,3.9406478769164006
338,3.8224541407645027
339,3.810493811619126
340,3.8563842790332705
341,4.211507047874512
342,3.822176600262983
343,3.8321780037817526
344,3.477927452583347
345,3.424373898389038
346,3.5931160667855293
347,3.0808431985762104
348,2.6911395519897194
349,2.50533420934644
350,2.36973036249536
351,2.318798776323685
352,2.26236157447857
353,2.0747858134996484
354,1.730103809673443
355,1.548784551396899
356,1.4828269264149772
357,1.3722331068696982
358,1.303224124532499
359,1.2474522350788892
360,1.2173266043328892
361,1.2005089538688907
362,1.1858159824547831
363,1.2018747706485269
364,1.3204804249329074
365,1.4244576646187193
366,1.4278290741712958
367,1.4361893538738455
368,1.4441473363452235
369,1.5514285612803056
370,1.8106940261364706
371,2.1451892726124773
372,2.2096779912914677
373,2.6675992789441696
374,2.8969773155708474
375,3.177281027209293
376,3.648400297263922
377,4.114712197350357
378,4.3876041881702195
379,4.869190207589827
380,5.041911777640403
381,5.034178958074621
382,5.015684223000257
383,5.147718109118675
384,5.157385726780804
385,5.165255165312401
386,5.143773841873489
387,4.707121757927016
388,5.299238988352644
389,5.2272421398113424
390,4.631131703836075
391,5.180756368547469
392,4.957482138362604
393,4.927782195829107
394,4.074460110634743
395,4.051077079725746
396,3.8369399686336223
397,4.024846692745774
398,3.8537610951540415
399,3.860029862916645
400,4.884669222060207
401,4.939546670216172
402,4.190593213049949
403,5.033133709429689
404,4.581850421625755
405,4.918476392179787
406,5.0873966238372414
407,4.774667449640617
408,4.780427817096828
409,5.028771790964894
410,5.1039537004724025
411,5.226442328992379
412,5.146969873997182
413,5.070270115159266
414,5.3882034186249275
415,5.194453887398347
416,5.236772132267671
417,4.8883152314106
418,4.978122676888198
419,4.882060002063298
420,4.544355096080791
421,4.541921140834973
422,4.084605960557579
423,3.880086908636321
424,3.872242498763223
425,3.8402107007768924
426,3.820426550426992
427,3.8038880778100177
428,3.673715928158157
429,3.7751445744560757
430,3.607779867311502
431,3.3173081844795886
432,2.9680732928693208
433,3.190281007733638
434,2.7386157019326633
435,2.722547700681451
436,2.6085650225629142
437,2.6940982877814137
438,2.5423407378461587
439,2.5288313942154033
440,2.6257380244530717
441,2.486771508649285
442,2.475898055668949
443,2.4284321963436044
444,2.433427832442509
445,2.5222618373573082
446,2.3389243656743948
447,2.240396858660707
448,2.1847886645253425
449,2.2375799831516803
450,2.1020605453536194
451,2.2060478525712504
452,2.1043797822219004
453,2.0989260822394704
454,2.1008128751891966
455,2.0354392065786335
456,1.985503277578074
457,1.8827360750639919
458,1.841765136962974
459,1.693157203329888
460,1.6906971293500819
461,1.5751594161258053
462,1.6303298348597086
463,1.6753226050852632
464,1.6464522692519221
465,1.6402184485274807
466,1.5618360572269998
467,1.6455026664953785
468,1.6566136918695809
469,1.6628925714462197
470,2.128090614506113
471,2.2581299353401043
472,2.6871001712024607
473,2.8354815841185212
474,3.2004487157712633
475,3.7233686652721776
476,3.891834067903235
477,4.45659068884135
478,4.868125433862558
479,4.92974740850707
480,5.083676036796903
481,5.1368515100871495
482,5.3615195281918675
483,5.375654393887137
484,5.74256203832532
485,5.815832808444289
486,5.940178818197352
487,6.045759014257892
488,6.105942133739992
489,6.180925753954764
490,6.317796851250248
491,6.430135291070059
492,6.474944670802459
493,6.487521114057991
494,6.473231519819478
495,6.432909321815747
496,6.403313034194344
497,6.400443070096418
498,6.401174627564818
499,6.398101777534757
500,6.408707370228477
501,6.412393000972002
502,6.400810294205085
503,6.400810294205085
504,6.384674398911294
505,6.340207815734233
506,6.368850646803255
507,6.365316290276509
508,5.64075707254816
509,5.586570014657889
510,5.564068710354812
511,5.6342069333181275
512,5.8595306142166885
513,6.163535664394733
514,5.140646190942561
515,5.6728421205408015
516,5.793186658730338
517,5.015860639265675
518,5.3852778569165745
519,5.215047730410711
520,4.577590930825006
521,4.822909381823114
522,5.012778854614203
523,4.128941272211124
524,4.907126214510137
525,4.751867755261443
526,4.159603270272395
527,4.3888505648245015
528,3.963595405754475
529,3.8698242741376796
530,3.7006099656920863
531,3.5275889632872413
532,3.475067202990091
533,3.56105146617225
534,3.3833648670549836
535,3.181043847116229
536,3.3488524019448325
537,3.160650835199888
538,3.1807242094237407
539,3.105165479047712
540,2.9556226937108767
541,2.880108776660048
542,2.87915567265933
543,2.7482698480686842
544,2.2767075745011525
545,2.2425837524755887
546,2.558367844765305
547,2.2836917793630627
548,2.2837847631306873
549,2.1850314899772205
550,2.3271699262986605
551,2.3561500598027454
552,2.397458853430967
553,2.4327128491454153
554,2.4224600555396565
555,2.3619962172800664
556,2.4274580698812134
557,3.109452881523532
558,3.1005277359792114
559,2.879946909541763
560,2.9191665618792415
561,2.7861760260373796
562,3.015172235595629
563,2.74141740288615
564,2.4626099074120034
565,2.3965483176323947
566,2.4084847292612745
567,2.3514201671660726
568,2.360122075957158
569,2.228766123060655
570,2.101695765264066
571,2.0536148377427867
572,2.1909785760708087
573,2.3674663407220287
574,2.2105170700874366
575,2.0206520895174385
576,2.04094184700815
577,1.925528982666282
578,1.8544190165302379
579,1.771675099718474
580,1.6506879440275721
581,1.8307172144034398
582,1.7005512962828613
583,1.6315582679928333
584,1.8399894075176781
585,1.850393648101898
586,1.8970462462949769
587,2.102114765315786
588,2.156797951978423
589,2.3605653165201654
590,2.379223256547311
591,2.3138344842794654
592,2.3457075758990373
593,2.028989231853531
594,2.3370837982870887
595,2.287475093097871
596,2.2621460311511092
597,2.1199644688416566
598,2.4224866144278177
599,2.4627567937193793
600,2.5103804465827553
601,2.4360283322324867
602,2.2051926238990753
603,2.2239033758899303
604,2.1549628626954487
605,2.17798035159306
606,2.258633647397759
607,2.2903484875331674
608,3.008531511716518
609,2.8227573175417997
610,2.9435897556490036
611,2.9115350477783006
612,3.187506157516429
613,3.4467291944252207
614,3.917063734211481
615,3.726334017452724
616,3.952197211357302
617,3.9722987444441844
618,3.948790823862714
619,4.8819966272539395
620,5.147590299073855
621,5.157043378703338
622,5.597019044821435
623,5.729235536205658
624,5.424356583904286
625,5.352759429608876
626,5.109439036661224
627,4.99692588024442
628,4.21011672100126
629,4.294612667889384
630,4.1219573858322125
631,3.9303808958980877
632,4.123727716534783
633,4.51857196461168
634,3.9544183581605776
635,4.1160247287843115
636,3.924576129049366
637,3.64340241083703
638,3.980092475708291
639,3.8274778149489572
640,3.897885555866829
641,3.781284075322232
642,3.7814446443974856
643,3.8298634848972046
644,3.858561632949275
645,3.899282067459231
646,4.946824572206523
647,5.057202170172849
648,5.094070003852029
649,5.434184603282954
650,5.65333024066392
651,5.6528072199352675
652,5.889083943962118
653,6.164857979194366
654,6.309657358103858
655,6.331460655073025
656,6.3311429506770285
657,6.3750306423113505
658,6.428592194789976
659,6.1406165312620296
660,6.005590024922168
661,5.91439731396921
662,5.863985831961732
663,5.7843652086659265
664,5.764143873332514
665,5.791278322968612
666,5.773659212753404
667,5.598605928319558
668,5.777310447441636
669,5.68118844494624
670,5.795204657967951
671,5.334773020289353
672,4.550922008768589
673,5.250242181597535
674,5.440345171335861
675,5.278537433901995
676,4.558164663581443
677,4.350198682774233
678,4.530051401194655
679,4.6094990754077765
680,4.18588445170526
681,4.609780544366488
682,5.034586364458308
683,4.202769808947309
684,4.536226573691015
685,4.12121779418601
686,3.987261452875864
687,3.9050578065153574
688,3.885709795565375
689,3.784216991628292
690,3.8324161109554185
691,3.8481711948525326
692,3.6650364852954893
693,3.7685958720693526
694,3.983295439012525
695,4.993217139125235
696,5.062792074463121
697,5.1155456703445115
698,5.247208363667982
699,5.801690059182648
700,5.715203608592608
701,6.227598566928142
702,6.242650587251599
703,5.792192621786722
704,5.758028555462873
705,5.166010315232526
706,5.016195182892949
707,4.816347792714759
708,4.72854675324383
709,5.286620425417204
710,5.08180725316814
711,4.81027023918931
712,4.196472915588787
713,4.106922766075866
714,5.066394328305139
715,5.184337630214107
716,5.691171338607181
717,5.862410856279836
718,5.262964542896504
719,5.465915988806389
720,4.759525127861018
721,4.453449801343349
722,5.1364427257705385
723,4.046334839970355
724,3.9616841436977235
725,5.119114125027151
726,4.227857759173912
727,4.876221768415665
728,3.971299529823025
729,4.225912958637667
730,3.9043780621161757
731,3.907459556481864
732,4.038830439497343
733,3.864659010955515
734,3.877628378115791
735,3.7641009618075096
736,3.684845206877101
737,3.8271354564097844
738,3.643617071400177
739,3.6481595506548663
740,3.753524503539112
741,3.5087838976705097
742,3.508863896403232
743,3.8009128259388474
744,3.7391400802071115
745,3.512729016920947
746,3.5753149117140666
747,3.585380571348984
748,3.8018564040163585
749,3.531730671426564
750,3.615776468880829
751,3.370070477688519
752,3.530659227401975
753,3.418746093879097
754,3.371967096485534
755,3.392332205858821
756,3.344624713586439
757,3.854380603317008
758,3.8620672319731844
759,3.831062073880256
760,3.814794570417254
761,3.4891926488794387
762,3.988539798351063
763,3.8582413236873423
764,3.874474954433586
765,4.1422075392889655
766,3.965601329181122
767,4.043228721738397
768,3.7601104950961433
769,4.002904294832904
770,3.8317822296334514
771,3.9004614761770866
772,3.8497047957886426
773,3.249194969838961
774,3.3621807128707304
775,2.957215165768036
776,2.7606043382338807
777,2.443459563050712
778,2.394373656967795
779,2.7768948551090693
780,2.7058144042998014
781,2.8415753272275848
782,2.8262617924891353
783,2.8663087420308697
784,2.8383622982061962
785,2.866363541420845
786,2.7246771356791664
787,2.6307338109340943
788,2.769517675700771
789,2.8039056020669983
790,2.9015567725059457
791,3.059034742317039
792,3.549492327373721
793,3.643061529693393
794,3.754046128888597
795,4.380295436771513
796,4.101163932866145
797,4.968879118178622
798,5.025625235437962
799,5.018885420144006
800,5.1651757224942
801,4.5858736850740165
802,4.1330603223842415
803,4.113108635814008
804,4.589389857732441
805,4.330852291201284
806,4.126690033607917
807,4.127698874337265
808,3.9845375453518392
809,3.955129573939518
810,4.176739448319614
811,3.930341247166001
812,3.881955252498254
813,3.7872597784542923
814,3.8522006210582838
815,3.9289471698915097
816,3.7844799415075157
817,3.906228207038129
818,4.069942803371964
819,3.7950127506336995
820,3.8549667143611135
821,4.0064245284049536
822,3.6565652282777834
823,4.1826518703549125
824,3.6598421032875454
825,3.8138555658460604
826,3.7054875221792662
827,3.6148150670012966
828,3.608365782448424
829,3.853632549623548
830,3.8577091692535483
831,3.8894741083315316
832,4.624985703695752
833,4.665977907738288
834,4.549561902989147
835,4.52356827290682
836,4.343600365807713
837,4.15427997860616
838,4.085192619052156
839,3.9629151713099535
840,3.9267816737394368
841,3.706481145069386
842,3.842556998374213
843,3.853525630315193
844,3.7404167360596006
845,3.802031898159403
846,3.2495944408640303
847,3.051091237734322
848,3.2846667972434185
849,2.8874479009858063
850,2.979829931261275
851,2.6982173220965175
852,2.794365389494404
853,2.8322815732570845
854,2.7623793321069483
855,2.9533757510345606
856,3.1459962264858756
857,3.6231152473495114
858,3.0967794206216714
859,3.0205669097070125
860,2.4703667705834076
861,2.3776008522083756
862,2.15360788678062
863,2.156534862964226
864,2.192554024794357
865,2.2193841904619336
866,2.1686211027971214
867,2.37572418798028
868,2.3464464283811735
869,2.4179864457282583
870,2.5986665188459925
871,2.6045406831215736
872,2.769561564837707
873,2.943108906311269
874,3.01959247650895
875,2.890162517274894
876,2.9987816545717143
877,2.903721274633222
878,2.9280672007752937
879,2.919799211243655
880,2.892793341605572
881,3.223858035935883
882,3.576380143354054
883,3.812982720084643
884,3.775609945230615
885,3.812819322718569
886,3.5779956576746184
887,3.8266473558065943
888,3.851595962182163
889,3.613198187963749
890,3.647869318892585
891,3.932905495611317
892,3.9700742497013035
893,3.824160127199401
894,3.8799043912671776
895,3.616998375588195
896,3.689913398872352
897,3.2189717319020517
898,3.1192953478690106
899,2.872455254705939
900,2.799094452943207
901,2.9176986435614842
902,2.7059242810761748
903,2.9080206328628586
904,2.9667059420649116
905,2.823884430502582
906,3.0373217459119464
907,3.103681225939339
908,3.047119829845806
909,2.8335012787208655
910,2.7982787971756298
911,3.017368256457477
912,2.8445001344784533
913,2.9351215449846824
914,3.149694988619422
915,3.3081850664590084
916,2.809528378158286
917,3.227974196519668
918,3.5061060865945493
919,3.5146525649568425
920,3.801932415335038
921,3.575385488922949
922,3.610796880972183
923,3.9138297237597013
924,3.879636849413854
925,3.8289591031185144
926,3.8374943593160347
927,3.6916728568359254
928,3.4317199170226527
929,3.309123988235867
930,3.22356846689614
931,3.1859314312641325
932,3.0386824984231633
933,2.9439366696210523
934,2.459084393193347
935,2.3408930522345015
936,2.311135018381367
937,2.0964592006938076
938,2.0641183639530922
939,1.8393004807199378
940,1.765676531615897
941,1.755461425821816
942,1.865959786080323
943,1.7182914948440313
944,1.7317531616115145
945,1.8467622342721524
946,1.8344742707663098
947,2.044203455471163
948,1.9061928461659088
949,1.82201156119379
950,2.0939133017151716
951,2.3573709378490926
952,2.512477459749599
953,3.5697140801988723
954,3.678661435424695
955,3.9452531865582072
956,4.147550177031289
957,4.853185674039671
958,4.280734910242996
959,4.014452483025899
960,3.8625511934872394
961,3.527955828301352
962,3.5554502039867115
963,3.5415725360628008
964,3.198575741875728
965,3.2354968270630553
966,3.2149512503649027
967,3.3496523147442683
968,3.212473946613404
969,2.836484090784579
970,2.8394036550802038
971,2.945590167107801
972,2.733266813427099
973,2.857048884044518
974,2.9231130081664234
975,3.624894204112866
976,3.716565029415957
977,2.8942704965382244
978,3.1137282787849796
979,2.875659206704375
980,2.946622726376702
981,3.58709609222754
982,3.3872210458217973
983,3.521452573486166
984,3.3262183583385143
985,3.398501695890098
986,3.7789668670081618
987,3.6099689494458036
988,3.492740143443336
989,3.64615078192326
990,3.7110816669977074
991,3.7720964233241716
992,3.7743703804176207
993,4.034446458659522
994,4.228752040044809
995,4.118498496409089
996,4.1149017645260075
997,4.484880499502248
998,4.150423786404511
999,4.2320664551775025
1000,4.715296262008051
1001,5.212204592518669
1002,5.414128208993364
1003,5.452601726781353
1004,5.488829019152531
1005,5.2955614043137365
1006,5.388565670929313
1007,5.53228780027775
1008,4.728825789651597
1009,5.318852327423492
1010,4.68579407010508
1011,4.66347693399293
1012,4.558291804689815
1013,4.643075643145889
1014,4.577601167314187
1015,4.587274845623158
1016,4.442928799514384
1017,4.025519382189276
1018,4.167536464587598
1019,4.012978431010059
1020,3.9419713320412053
1021,4.090757063795929
1022,4.111571836837878
1023,4.120991218804934
1024,4.033369972873269
1025,4.140921126451804
1026,4.257842506483681
1027,4.460296863706973
1028,4.715575495783141
1029,5.205624933075667
1030,4.714098959439662
1031,4.944167826767484
1032,4.388310132933614
1033,4.126615450143367
1034,4.455526813192991
1035,3.870470676627252
1036,3.641158907680736
1037,3.3425611324023743
1038,3.5444888497511733
1039,3.4616290679851716
1040,3.5358644197371927
1041,4.030719982958253
1042,4.33265315952524
1043,4.137683286724572
1044,3.7547015396878503
1045,3.746586540848697
1046,3.7322940745307633
1047,3.448927033696526
1048,3.4377659819925426
1049,3.203982983897157
1050,3.1234537533083166
1051,3.164038830222061
1052,2.9256764206093617
1053,2.7406158293373863
1054,2.880368190791974
1055,2.7235326718231763
1056,2.969415736320812
1057,3.413255615967629
1058,3.631206373083034
1059,4.897601786478398
1060,5.079149848895146
1061,5.679485176632047
1062,5.560264137707487
1063,5.651813114122092
1064,5.747108052339559
1065,5.766380721251721
1066,5.831813089975379
1067,5.8168820277151365
1068,5.805318579276924
1069,5.839717525618844
1070,5.806522283560937
1071,5.806620564506305
1072,5.805566692075171
1073,5.7644255576303305
1074,5.703665122504231
1075,5.681045079780619
1076,5.74258519358985
1077,5.505122195859178
1078,5.593193192977581
1079,5.129464320961889
1080,5.173004963954485
1081,5.093564429651488
1082,4.59354316738105
1083,4.50058493388559
1084,3.948347772868084
1085,3.8154288607221454
1086,3.6429011024645224
1087,3.7438713458392114
1088,3.7050824309549086
1089,3.0423012110282284
1090,3.019127926287717
1091,2.926060272755729
1092,2.994076632162574
1093,3.1072702376482226
1094,3.113687885859635
1095,3.191717136480671
1096,3.190081688110667
1097,3.126882963173012
1098,3.860884383735113
1099,2.8503268490965477
1100,3.73245646907615
1101,3.7272280281769015
1102,4.419429228672549
1103,4.774430551026114
1104,5.480383461336575
1105,5.879548840996622
1106,6.067987984117952
1107,5.837901437778363
1108,5.4570847804037275
1109,5.205251625262763
1110,4.173882573570197
1111,4.023481658601223
1112,4.028231013801994
1113,3.8261375232300323
1114,3.6834885659957277
1115,3.822030956849211
1116,3.775098273776537
1117,3.7478078645416764
1118,3.5506533421776543
1119,3.5155676571632895
1120,3.139553547444195
1121,3.0228164132824276
1122,3.1763566076481298
1123,3.030944282576913
1124,3.494704257877658
1125,3.709247274867997
1126,3.913167267421267
1127,3.550545660216576
1128,3.4758906237185996
1129,3.5130259194839946
1130,3.5044754333372494
1131,3.5116198033599457
1132,3.2032313767744833
1133,3.720527367699878
1134,3.107796827959434
1135,3.5474427712253327
1136,3.92299316440655
1137,3.8979958354269053
1138,4.10279317122178
1139,4.8279434826799825
1140,5.096942980733517
1141,5.156289783017146
1142,5.399503363022776
1143,5.804717343150537
1144,5.865330453556695
1145,5.457952429380811
1146,5.235897378753357
1147,5.002959631615177
1148,4.487969254170405
1149,4.714084065109895
1150,4.339368015546271
1151,4.186965853646266
1152,4.145408498474217
1153,4.392074288760746
1154,4.641772144856767
1155,4.52058891444879
1156,4.643650611302016
1157,4.044075122017188
1158,3.948953684658362
1159,3.732649213958738
1160,3.8572540929495935
1161,3.8942576187010136
1162,3.8331553708340844
1163,3.848234909285885
1164,3.558418508261972
1165,3.7461922808421173
1166,3.2276754023839267
1167,3.5585888185174506
1168,3.464985172746143
1169,3.546932005621615
1170,3.502998550139558
1171,3.3598675892657415
1172,3.7319444472333037
1173,3.6640796036928465
1174,3.569620655821676
1175,3.6491733965980067
1176,3.7974802640193923
1177,4.458461567775884
1178,3.9163705816889443
1179,4.604128681469655
1180,4.162453063063728
1181,3.8632704352659157
1182,3.99442852631726
1183,4.09469204146289
1184,4.3764010846432395
1185,4.009981806574676
1186,4.84559134701974
1187,4.175976535304309
1188,4.1115322140052974
1189,4.596866366882548
1190,4.435978420147266
