,0
0,3.7415143853176427
1,3.8640627099940916
2,3.6188302356789768
3,3.1819089440087494
4,3.059490611760962
5,2.992441342235275
6,2.9800364387267635
7,2.9082186177807396
8,2.7301678592520613
9,2.7301678592520613
10,2.7573879136985227
11,2.7559085444088085
12,2.7686172063116232
13,2.853757198350577
14,2.825082815827254
15,2.7149447878139017
16,2.689279308485854
17,2.705965732195017
18,2.643739006526405
19,2.635304706212001
20,2.621684580011058
21,2.7528977395122647
22,2.7227742281048273
23,2.666507926155644
24,2.6157460974438704
25,2.692995802242251
26,2.67199874512071
27,2.693375184140695
28,3.4241116721767595
29,3.054728128492659
30,2.9103974664030945
31,2.934570779951975
32,2.4478264602718816
33,2.4785068959011527
34,2.5341486904115524
35,2.028328433894645
36,2.325675099084073
37,2.20711565649466
38,2.476915493830555
39,2.4861285353072176
40,2.7002651439414542
41,3.1673510802910565
42,3.4091235634472445
43,3.272756476004154
44,3.8110039664171964
45,3.817822970969932
46,4.110712174807328
47,3.975136307979349
48,4.272089827088031
49,4.232066870207504
50,3.8035909089130517
51,3.565125232481369
52,3.6497772502701364
53,3.359081004992656
54,3.310285199672243
55,3.6064829780323757
56,3.337524918346001
57,3.2588593801175336
58,3.5308116265845513
59,3.1815753143459222
60,3.3184824486199127
61,3.28883473685399
62,3.0355448403037695
63,3.043161256454668
64,2.953895427674962
65,3.060442157641528
66,2.831934130523251
67,2.889715393692827
68,2.8418415792316196
69,2.9007854346105497
70,3.08076493387976
71,3.0750451308352407
72,3.0707137631509354
73,3.164487399628542
74,3.302289971285459
75,3.1561413217506145
76,3.0757724016319843
77,3.002319831528594
78,2.8707521306679022
79,2.9975119973166025
80,2.851774014368013
81,2.833673748509352
82,3.0591268013551756
83,3.2134342346584894
84,3.427283050042077
85,3.2805373806282536
86,4.176545381464238
87,3.8442819052922323
88,3.860047813882391
89,4.127744797818223
90,3.560723805142039
91,2.9295854304877285
92,2.865958142882166
93,2.765341286272997
94,2.774178904810415
95,2.6377806743617453
96,2.8164484014024627
97,2.6030231097868035
98,2.6368037497333594
99,2.6997929933603917
100,2.6773334851935906
101,2.5081103932207847
102,2.456865028582123
103,2.506027290775417
104,2.3717147425462795
105,2.442215354941218
106,2.3677867827937717
107,2.5083712440823125
108,2.322150323821953
109,2.391849593694224
110,2.3959305229808803
111,2.051826148866321
112,2.0511085356714647
113,2.0513603722734146
114,2.0756465106912567
115,2.012524352844206
116,2.055290735142725
117,2.024184156966938
118,1.967403906915709
119,2.0516156576218023
120,1.8680268825564905
121,1.8159039396354801
122,1.8481519351699522
123,1.749575030612857
124,1.7858499961687073
125,2.027590168132274
126,1.7941487445409088
127,1.7581101279805866
128,1.9534604383334186
129,1.874068088572926
130,2.3712834640809435
131,2.3929047468486004
132,2.1102199100030083
133,2.4706922118311194
134,2.43490424652979
135,2.4399359989257654
136,2.469516514664803
137,2.402652115596787
138,2.3851275313814444
139,2.416093536905261
140,2.3925320341960403
141,2.466829310557534
142,2.604609999245693
143,2.8933811969540004
144,3.3822658114552806
145,3.556040951963504
146,3.0457592687710733
147,3.4630812513377256
148,3.2978058474360323
149,3.0747257496458853
150,2.9691385092643023
151,2.9124883016219707
152,2.8775204373195318
153,2.7889806136780004
154,2.7130456726573997
155,2.830931691768064
156,2.768439278582053
157,2.8143009465769357
158,2.700384651596337
159,2.4773902155884957
160,2.4799417675309225
161,2.3201108013427763
162,2.2326163306270246
163,1.9939251014287902
164,2.6184408559904035
165,2.602060513325322
166,2.5764961133081457
167,2.020715502700017
168,2.5144904159453323
169,2.53621947673225
170,2.5878751116789434
171,2.575932690448505
172,2.7249810623551243
173,2.674933779624983
174,2.666804896452279
175,2.808284508792984
176,2.884281876093166
177,3.2047075187861607
178,2.9629729753677636
179,3.205385082781312
180,2.9026177203756234
181,3.8559515385361722
182,3.839177930363878
183,3.759392008508025
184,3.8029489590455627
185,3.9643414013768936
186,3.9687555866866946
187,3.9668514040846814
188,4.129231165250757
189,4.24604599353829
190,4.769937955938684
191,4.197353861222773
192,4.229804547944275
193,3.893796902608362
194,3.847080378901159
195,3.6718456903407604
196,3.369263234364801
197,3.260654002899407
198,3.2086984525146396
199,3.084293535166454
200,3.0170713417819095
201,3.526190808648963
202,3.5846144847192867
203,3.6103160743206497
204,3.61686557304665
205,3.6004217923074378
206,3.4793943009663524
207,3.3007211516498463
208,3.238110787195707
209,3.3320018403308422
210,3.282633803654366
211,3.399119286496459
212,3.283818238833503
213,3.5251896468766404
214,3.514952561292448
215,4.285494444510974
216,4.544646552694762
217,4.475670783546316
218,4.538660734814143
219,3.937526483723995
220,3.863079042386363
221,3.6751476174133244
222,4.21213276916552
223,4.425696653884998
224,4.435543738879615
225,4.371803342561937
226,4.354833094827423
227,4.49207522523281
228,4.44788721049327
229,4.467616841831721
230,4.049222953251052
231,3.744291643840834
232,4.092708696737765
233,4.235049951812989
234,4.052059803336224
235,3.6852620783258874
236,3.5479561141355784
237,3.594153557970241
238,3.699321502539735
239,3.6663645783333534
240,3.6339685828475554
241,3.6889392785196446
242,4.051977311460467
243,4.236867543813709
244,3.7797069840818525
245,3.997120893708701
246,3.485414735659567
247,3.7124109567809858
248,4.07778907818368
249,4.618200284949037
250,4.450753918315034
251,4.721047218458582
252,4.309605305965701
253,4.635354996382819
254,4.963813168513544
255,4.356989845742017
256,4.595020059718906
257,4.974713630185952
258,5.188372991999719
259,5.06831658069364
260,5.16313867415345
261,5.887488135383031
262,5.452817161785547
263,5.707599413754321
264,5.248171307323103
265,5.156721395612269
266,4.988822845786227
267,4.992567978182177
268,4.776674223929094
269,4.8139976614261055
270,4.634482080879703
271,4.535826743775824
272,4.513543770163688
273,4.423530701680265
274,4.4133114328865775
275,4.3374062249533045
276,4.686792768097418
277,4.228216131375431
278,4.8958995907956515
279,4.156937517228284
280,3.952712452394187
281,4.08821649647048
282,3.5522488187661043
283,3.611448568066241
284,4.074276477941114
285,4.111495174264803
286,4.160634838588486
287,4.127856651891492
288,4.045452755514429
289,4.1375029901294385
290,3.9591567615675185
291,3.4868633775294526
292,3.578889332448357
293,4.057476085616652
294,3.4783099185146034
295,3.9113122253486017
296,3.489689768924088
297,3.616182686343525
298,4.3040512818625425
299,3.482463716738246
300,4.175694630132633
301,3.366809309673748
302,4.239068281318056
303,4.299968012176278
304,3.85032330759601
305,4.049212390944353
306,4.566698651980839
307,3.87285507924466
308,3.763092432546271
309,3.80846565641708
310,4.246299778053553
311,4.128698940048428
312,5.068119285181888
313,4.567052803007453
314,4.624311809017978
315,5.299255940699443
316,5.3293151279391315
317,5.0329959899615355
318,4.974155125547434
319,4.8306212397245325
320,4.320674702661892
321,4.44202680540085
322,3.817074250320064
323,3.8365260812304927
324,3.544219079287465
325,3.337158501775772
326,3.343891078539615
327,3.323967366895418
328,3.2523833304995673
329,3.3195972958092663
330,2.9236588610900993
331,2.8203902417998514
332,2.8811235676547615
333,2.7514917240283228
334,2.796001108567264
335,2.6070907039760116
336,2.8724254391634734
337,3.262385586626492
338,3.292571945786522
339,3.498662034045894
340,3.4598078952382463
341,3.7029900062663894
342,3.687258877313951
343,3.685351708050197
344,3.6892057941920218
345,4.340029902597502
346,3.575522724157035
347,3.7144293321098205
348,3.2514796321786696
349,3.3002109793421135
350,3.4390678078363557
351,2.9116191425130653
352,2.8285520626147727
353,2.387483463469096
354,2.1648518657081053
355,2.0335151374608107
356,2.096049214857064
357,1.8109773992141045
358,1.656031563945174
359,1.5048977256672103
360,1.363126496078388
361,1.3721812333032182
362,1.2832746171779545
363,1.1681839842652924
364,1.1879642562537456
365,1.1551925522653068
366,1.2458754761789552
367,1.3204074508167574
368,1.5721777709046953
369,1.6565123693609245
370,1.7068957400049245
371,1.6865462330085936
372,1.7645674492848766
373,2.133034071172572
374,2.223649732852805
375,2.3563773178617353
376,2.406526273362087
377,2.7190292108188867
378,3.3514125395190884
379,3.6704079381909533
380,4.03365385359789
381,4.911106391807017
382,5.058199190983487
383,5.083762409374292
384,5.128864668589512
385,5.163006895441203
386,5.230121723336629
387,5.197966550922836
388,5.133491387680372
389,4.994258296135007
390,4.875767610289411
391,4.394698549061315
392,5.246484961821393
393,4.7879115560190675
394,4.148371304345687
395,4.610833109671957
396,4.256352252039595
397,4.248698979822016
398,3.959418776911407
399,3.9403232956960674
400,3.531476795446257
401,3.466296775546592
402,3.864626993471204
403,3.758960236964188
404,4.1790623561576785
405,4.236002842617819
406,3.9681785570579606
407,4.64376724981637
408,4.109365480142784
409,4.640992343587269
410,4.659333626465959
411,4.585781814658919
412,4.617323332142821
413,4.701632712989327
414,4.775945814518786
415,4.936326702510427
416,4.9885069587605075
417,4.844700647583335
418,4.909858638130304
419,4.847754578908737
420,4.5426995090461
421,4.483153999919026
422,4.368835124816257
423,4.245401940488015
424,4.303337642604981
425,4.095387185457071
426,3.7018237167397676
427,3.5763748717961956
428,3.519685337063179
429,3.5096293245927077
430,3.50997888333496
431,3.4864175554462733
432,3.1340619768224753
433,3.3278300386135298
434,3.1768645066825756
435,2.793178176855035
436,2.7221652574202304
437,2.8170955173375996
438,2.6122054584939676
439,2.5778141763293285
440,2.574328198368059
441,2.6697165285622337
442,2.637944561618477
443,2.6623088858899924
444,2.6714665390308125
445,2.5972563082633817
446,2.621555961244902
447,2.659895280741682
448,2.6045904325180724
449,2.5680718463950623
450,2.9784240972302753
451,2.2110742322344685
452,2.1845215302352567
453,2.296288131733908
454,2.20280493471951
455,2.635564281292871
456,2.1878627421210997
457,2.094862505308658
458,2.1294056174280294
459,2.4300045156969903
460,1.7976105132789275
461,1.652801306831546
462,1.6817107070754356
463,1.6646550244181186
464,1.5580587176492762
465,1.583382081335418
466,1.5913809593112582
467,1.5706157481328604
468,1.6245114111282406
469,1.6337866467524038
470,1.7709165173737291
471,1.6108782438003995
472,2.045726738702885
473,2.0766804813560262
474,2.411078284996508
475,2.4464031786136307
476,2.6936199421979556
477,2.890216786744525
478,3.7878525480297807
479,4.153801681494805
480,4.267400001436704
481,4.855368980265629
482,4.876890063225476
483,5.063401957528538
484,5.177699238647839
485,5.247185598479192
486,5.400320525337099
487,5.470773154087789
488,5.586774618636876
489,5.690926057393891
490,5.804293001387966
491,5.905801394613519
492,6.253662078766414
493,6.290914880022105
494,6.325564896618803
495,6.346369494319952
496,6.455763385253274
497,6.434741661769665
498,6.434741661769665
499,6.4149708706946145
500,6.4080872549943075
501,6.4080872549943075
502,6.380005606163552
503,6.380005606163552
504,6.344029845524072
505,6.344029845524072
506,6.344029845524072
507,6.38432838467814
508,6.38432838467814
509,6.38432838467814
510,6.100778349982256
511,6.357514255888558
512,5.46717479255263
513,5.382027393907132
514,5.293852498596167
515,6.074170399717277
516,5.232112874650628
517,5.954116804542825
518,5.167631088485955
519,4.987348566631857
520,5.15440135378895
521,4.927128335193665
522,4.954781677193252
523,5.01582483001814
524,4.618739386689036
525,4.427390937546262
526,4.6854534962979155
527,3.9062484020340302
528,4.330183006923613
529,4.362612759094174
530,3.7982820669672592
531,3.6451156770205007
532,3.242222733852626
533,3.2925789012167206
534,3.290996869059215
535,3.1027566738139383
536,3.034587084661382
537,2.846730443330087
538,2.7946919671412007
539,2.5945938827161235
540,2.744977205607321
541,2.6290678937624192
542,2.664462235030325
543,2.590166488372677
544,2.630766452066367
545,2.719328853246167
546,2.8150733487495487
547,2.375617915717539
548,2.1421032356019416
549,2.1256072026443955
550,2.145744068295634
551,2.1334195806555254
552,2.0792462009257653
553,2.018351622561111
554,2.1618497314735476
555,2.2276852991025042
556,2.3181597490370582
557,2.405353014209801
558,2.44792308691129
559,2.404573726447544
560,2.4550115529866896
561,3.0365959473508344
562,2.87543588526337
563,2.9777070891718482
564,2.9323880948148857
565,2.837093980527805
566,2.8971915073867183
567,2.754487530386014
568,2.416709043052804
569,2.3932938564388104
570,2.2638729804605693
571,2.1511712658810844
572,2.245912282918217
573,2.130543343353742
574,1.8569008772615356
575,2.19512103100146
576,2.8085279963192
577,2.8292475211241928
578,2.7103453843379297
579,2.0735539257818636
580,1.9986720581485478
581,1.92517771298787
582,1.9661834356174204
583,1.8509461547546258
584,1.7401238360547597
585,1.8633679405669334
586,1.6789398038229038
587,1.6466775811588497
588,1.8032179862737083
589,1.8208332216962215
590,1.8520202455304486
591,1.7920246411245622
592,1.9286848371728655
593,2.7607180801586813
594,2.6336852087112916
595,2.4168147471215167
596,2.4116107929045025
597,1.9957662803383787
598,2.333010538589599
599,2.317619800983176
600,2.3680422694175647
601,2.1528116337860936
602,2.418028832591
603,2.3966377927233977
604,2.419702288555536
605,2.3567567429413687
606,2.164296342069403
607,2.180885908088496
608,2.1834172081218783
609,2.177642688053009
610,2.7821071538994873
611,2.760842024636635
612,3.06311392086054
613,3.140733000267124
614,3.196996855298851
615,2.999032100081877
616,3.2212727547020674
617,3.391616640409645
618,4.144063917944188
619,3.7084621012392374
620,4.401064833198069
621,4.53780122703483
622,4.289721538790556
623,5.1725412456504385
624,5.16394829292624
625,5.224007929846974
626,5.521733100435391
627,5.664695610962408
628,5.219911706772608
629,5.0524213652849586
630,4.905432723691342
631,4.580647243500436
632,3.9092297613109523
633,3.79649178711291
634,3.6715598074204054
635,3.6545768878836022
636,3.723339206441007
637,4.100737314692442
638,3.775286046859803
639,3.6432004234634414
640,3.6331118748014584
641,3.274742097110352
642,3.5624694649826805
643,4.239440726211076
644,4.427511916518668
645,3.776262397967594
646,3.4876803858565526
647,3.6943962095430063
648,4.032713412186897
649,4.376790411539659
650,4.646027945621768
651,4.865171989638258
652,5.003926946580658
653,5.218527474554936
654,5.2817031005902155
655,5.426046015305882
656,5.736550675053445
657,5.886190476676318
658,5.928903941372541
659,5.962425755366338
660,6.009923584349716
661,6.077723398347508
662,6.281420060528459
663,5.24292318279731
664,4.601173532190635
665,4.572431968734827
666,4.477799693187422
667,4.370623057925665
668,4.324767146595617
669,4.220307871447933
670,4.193504806313833
671,4.193504806313833
672,4.173152120971291
673,4.255121574806465
674,4.229949591708179
675,4.211854397284115
676,4.180941835707761
677,4.153273482683315
678,4.211854397284115
679,4.20819893509924
680,4.242007653989095
681,4.201503002506604
682,4.248107296458949
683,4.284057364399411
684,3.9652663349262944
685,4.209335947977303
686,4.300153170586816
687,4.14331637899991
688,4.089126997099218
689,3.9430385359414846
690,3.732308895012712
691,3.7376044816049068
692,3.705871452981123
693,3.5161527191178945
694,3.660325975676302
695,3.6752573000613133
696,3.7173726501787283
697,3.64399259339221
698,4.188870386728393
699,4.57819672826225
700,4.656639146435422
701,5.301537325023732
702,5.38487843178189
703,5.784796071456486
704,5.4972744426312525
705,5.792996857459809
706,5.770318126782045
707,4.701392764146122
708,4.736912542327889
709,4.941967955888287
710,4.682094778299233
711,4.722809623688179
712,4.643978043109983
713,4.649508622606153
714,4.641099306196236
715,4.647215116867531
716,3.667308675653217
717,3.635893011503803
718,4.38830732870983
719,4.834115757373303
720,4.79773632899387
721,4.92090458979481
722,5.029023484340013
723,5.119208339883542
724,4.727141233811203
725,4.32680403707774
726,4.462633223750296
727,4.004823079728409
728,3.6887563389930613
729,4.377717654963846
730,3.9323639739642764
731,4.099911153112412
732,3.7892397927079267
733,3.77210540000907
734,3.6466228748787617
735,3.56047932026645
736,3.6107569657433616
737,3.7072427687836287
738,3.625099402137047
739,3.4969760078234686
740,3.151982480977843
741,3.2789481723007317
742,3.0957103104281507
743,2.965244039356679
744,3.4644847953050495
745,3.083392468667484
746,3.0672836648931314
747,3.506743393087947
748,3.425543562958739
749,3.241695988457403
750,3.2561688147288295
751,3.206498144461424
752,3.430307165000938
753,3.274076795482922
754,3.2272058502294914
755,3.234836922997714
756,3.2182093630189725
757,3.248581805788086
758,3.1306398069976207
759,3.28584592491082
760,3.2208193453783442
761,4.139419620304209
762,3.679786973786155
763,3.6243431520906086
764,3.405914147808362
765,3.2292393106069985
766,3.5754577808936623
767,3.6509728911258157
768,4.337311677040147
769,4.066563668866301
770,3.922829529388902
771,3.5658071826200906
772,3.64767546012362
773,3.5422536609584108
774,3.4598958899036174
775,3.3975993124085373
776,3.4964207763103765
777,2.9830643874365377
778,3.097226063913869
779,2.8176709159199516
780,2.5480572016729033
781,2.312197055851543
782,2.32514869412634
783,2.841608462462229
784,3.0116956903744443
785,3.0672817196307802
786,2.9536209399034434
787,2.865064774158561
788,2.7781325089861078
789,2.818047709142133
790,2.825588518980247
791,2.85083019569569
792,3.0758191100266457
793,3.035849269175951
794,3.1436961496169
795,3.5923019842979933
796,4.019584404595422
797,4.200549928343749
798,4.519625836341506
799,4.506006348401378
800,4.5509697003934315
801,4.620223899019439
802,4.732282867146134
803,4.682990451450416
804,4.601025519986695
805,4.178937593881808
806,3.9078734340874086
807,3.894359042986445
808,4.22629718585089
809,3.961077219320521
810,3.8639232147992293
811,3.8275823851847064
812,3.816803156203681
813,3.8251183664194808
814,3.8193981970744897
815,3.7205233662590333
816,3.654377141072277
817,3.47401564701189
818,3.570226071896727
819,3.636929869368991
820,3.518461890842322
821,3.538637551217354
822,3.6651421858103532
823,3.6067137089217143
824,3.5893295924974598
825,3.6256924702964795
826,3.529516653831475
827,3.787056161205511
828,3.3714608923785465
829,3.54251924487861
830,3.4514004191941896
831,3.29381129731453
832,3.281038721865845
833,3.5902016000998023
834,3.594378823489223
835,3.6439387798555796
836,4.154184370181831
837,4.3347046634548745
838,4.279471808321347
839,4.279471808321347
840,4.1895644612712735
841,3.8844801421795343
842,3.7562994402840038
843,3.760492995207419
844,3.6306445084039423
845,3.3553265442050666
846,3.515175306941999
847,3.579985427031029
848,3.4350852978537736
849,3.544209754730563
850,3.156978498926786
851,2.960308006113392
852,3.1043108663294863
853,2.922362741477578
854,2.872967644231158
855,2.7061688159771666
856,2.706825663501819
857,2.8008460546153287
858,2.811143630577654
859,2.7786533648738527
860,3.4101353283734515
861,3.7493269843237673
862,3.3427570138486002
863,3.2236591458181163
864,2.6532948436624095
865,2.481547252833727
866,2.194165490003731
867,2.132826725213944
868,2.078670701365012
869,2.125173171007667
870,1.9934575767128027
871,2.339610739529053
872,2.3082983902509113
873,2.4153140757502967
874,2.51653154171984
875,2.5585872879087406
876,2.608819285638898
877,2.638724839217343
878,3.0636288073785276
879,2.9488729246907592
880,2.9086442035987967
881,2.8303760457915543
882,2.795403300050102
883,2.8491928340811805
884,2.832679392983929
885,3.0553481961928846
886,3.267609893507436
887,3.538228211363559
888,3.5690055024922898
889,3.5734975081609686
890,3.3702653257445343
891,3.5823614632148346
892,3.6754663759269133
893,3.3434420106985394
894,3.2841390606540064
895,3.4679967424415867
896,3.596155826020736
897,3.5714437702838984
898,3.5590703801154038
899,3.2755856002678936
900,3.3679542141572893
901,3.171222450519349
902,3.0347850125619877
903,2.8536691207767766
904,2.777865035924904
905,2.9819331177526744
906,2.7847209832905877
907,3.0452185914254506
908,3.1978664790163
909,2.818508805797053
910,3.21965434504287
911,3.1588335157965863
912,3.0237815095139333
913,3.0484004878705857
914,3.0904472621909025
915,2.9497263309217114
916,3.042741356789595
917,3.051615731597837
918,3.1209374358473316
919,3.20258445166161
920,2.8513034120897993
921,3.1058237582362276
922,3.530782903131997
923,3.347771830453498
924,3.8461561072753168
925,3.889303250941063
926,3.9362156039523457
927,4.108165287058965
928,4.151436275725214
929,3.689214329924469
930,3.6832176529292937
931,3.6188105967462416
932,3.4859831767120535
933,3.756933409751335
934,3.528082975600347
935,3.349561890444903
936,2.8837629944752003
937,2.8250805520471607
938,2.402723794225657
939,2.068265717229004
940,2.0966788744585245
941,1.9025302800564567
942,1.929717431640014
943,1.6950986955978422
944,1.5686142321298853
945,1.6312731692447524
946,1.5861800060897304
947,1.7599772284848558
948,1.8862774359655599
949,2.22643654706613
950,1.8832797926982572
951,1.9607796421162695
952,1.9272340606478222
953,1.8702584558375488
954,2.611230440035505
955,2.6795075969713
956,2.864621928204603
957,3.7649928224459903
958,3.6797088866463716
959,4.383078455478567
960,4.386877535142992
961,4.982954571612204
962,4.132602593925332
963,3.9792859428716687
964,3.654371872203358
965,3.450089032692478
966,3.441396001110751
967,3.455320653593605
968,3.3843551356071897
969,3.093053153120579
970,3.038796361724302
971,3.007421332341726
972,2.5310575067025596
973,2.581416334622431
974,2.5980347836367326
975,2.9261839715415086
976,2.9615791724088565
977,3.1230441666610482
978,3.5035246231978507
979,4.04828948118131
980,3.8279245922071463
981,2.7845409953376015
982,2.887070621387335
983,2.869165205531588
984,2.8520747989720334
985,3.4661457684840062
986,3.4429229181672123
987,3.753487789938304
988,3.686996197039934
989,3.828985696206297
990,3.742592645282055
991,3.7368021145729444
992,3.6612127650489685
993,4.083542949972053
994,3.9396884969860326
995,3.3687524556906463
996,4.161058645275438
997,3.8644187532710714
998,3.9013865364020455
999,3.7767628496920205
1000,3.814510645305574
1001,3.9843353172320195
1002,3.8649374924258284
1003,4.073535563456621
1004,4.416601638477619
1005,4.901922063223445
1006,5.077748418324441
1007,5.172303851855235
1008,5.106095956524712
1009,5.04295946292213
1010,4.802363285652355
1011,4.531948072404676
1012,4.563924945095533
1013,4.523032115454081
1014,4.508413873710168
1015,4.449377326112727
1016,4.25334624280436
1017,4.401932368652975
1018,4.287785443388249
1019,4.362589597203104
1020,4.20328272529078
1021,3.8514680464715054
1022,3.8301353210723805
1023,3.7810383817785556
1024,3.673155399877517
1025,4.266816825337321
1026,4.167089955737785
1027,4.06304114273474
1028,4.011802740474602
1029,3.7915668473276463
1030,4.1886752840549875
1031,4.4347610621406774
1032,4.281498515348059
1033,4.5089596498003575
1034,4.816476721777527
1035,4.5745782095326435
1036,4.156045091413915
1037,3.7903200911281334
1038,4.019116188858214
1039,3.7142251636287575
1040,3.321290819268595
1041,3.0929891751443632
1042,3.194992880320332
1043,3.5940910386632394
1044,3.9567430541217656
1045,4.232331364355058
1046,4.370757224595654
1047,4.032822828944775
1048,3.5799677271236408
1049,3.6139465838928277
1050,3.3357337885762766
1051,3.1136056278221864
1052,3.068708161402524
1053,2.8976958341436467
1054,3.1592845152238485
1055,3.1751390436169062
1056,2.920887715869154
1057,2.4901643856894764
1058,2.892573480100544
1059,2.554043525979975
1060,2.951763209603283
1061,3.2269844801453913
1062,3.4616157345737157
1063,4.700463716179081
1064,5.05615303954635
1065,5.1323308336234925
1066,5.160555855862594
1067,5.138150010743679
1068,5.196528832953562
1069,5.193953125054502
1070,5.124482542290328
1071,5.086268844782859
1072,5.130180805791674
1073,5.208066852129169
1074,5.0691932246908
1075,5.183962317419969
1076,5.253116541575712
1077,5.103596294274154
1078,5.009098298776824
1079,5.057557534662203
1080,4.96813316042216
1081,4.84811505845944
1082,4.632239125483494
1083,4.323349348544614
1084,4.329348117977103
1085,4.2927606879159095
1086,4.216518780174156
1087,4.137808240269182
1088,3.7583442703040633
1089,3.582729997950829
1090,3.125284653997896
1091,3.3059646774329714
1092,3.3481226386082468
1093,2.6642363424938504
1094,2.657694531585854
1095,3.047503514114218
1096,3.20155265707755
1097,3.3351810808691793
1098,3.1164052829021207
1099,3.578318451809525
1100,3.68666457816177
1101,3.25249817261041
1102,3.9854495906375367
1103,2.824364555327297
1104,3.782340086088553
1105,4.280828627865326
1106,4.83314920044651
1107,5.066963510560632
1108,5.458153082927237
1109,5.758942764108146
1110,5.829849214131201
1111,5.821771157309279
1112,5.30506630455477
1113,4.986676406303288
1114,4.100629970128938
1115,3.6857516621351625
1116,3.7326964211461986
1117,3.6055529518591047
1118,3.3712422551136756
1119,3.5810285724644966
1120,3.469505185491738
1121,3.3685450127075374
1122,3.051099965651686
1123,2.9912834795765844
1124,2.8001246679807523
1125,2.78505065922694
1126,2.8334340915750853
1127,2.7935291854227575
1128,2.9653918661599628
1129,3.357997618928248
1130,3.4781954454817523
1131,3.4115085852657376
1132,3.2606846584476585
1133,3.1835501432835605
1134,3.250355868985412
1135,3.2592497023515263
1136,3.0285374254480724
1137,3.4478379846225393
1138,3.1432195454779794
1139,3.834160342525322
1140,4.320811685732205
1141,3.852212661866662
1142,4.927952401231154
1143,4.932029251615417
1144,4.957650671105973
1145,5.157213687367801
1146,5.532407814946571
1147,5.916830337701163
1148,5.98171763080606
1149,5.047501138562605
1150,4.779394221501862
1151,4.694823397760138
1152,4.290533222816816
1153,4.4164031778401
1154,4.4246558519153645
1155,4.09774921298747
1156,4.1039681351691595
1157,3.8485279405688044
1158,4.339511892175429
1159,4.217921676431953
1160,4.0567036281912126
1161,3.563477357455037
1162,3.4721038820793173
1163,3.277805189812698
1164,3.4013049925294103
1165,3.377995875440059
1166,3.4863961157763126
1167,3.469264697699314
1168,3.1597947768665655
1169,3.3048480214123956
1170,2.9938365276321997
1171,3.055639906099391
1172,3.084371053893305
1173,3.0903773536836963
1174,3.103813873989007
1175,3.057155671242474
1176,3.3920459967446006
1177,3.401273583327364
1178,3.2294354599247703
1179,3.3942619549565
1180,3.4772715206615867
1181,4.077803577917976
1182,3.7444958845643534
1183,4.159039776054286
1184,3.781450153422114
1185,3.5749848813176444
1186,3.5699838757940907
1187,3.734622147960542
1188,3.8981347938864404
1189,3.6858738901834487
1190,4.279270939917777
