,0
0,1.111753389231281
1,1.1157901806208481
2,1.0880772512438182
3,1.1436186386085636
4,1.1564416613735136
5,1.3342031437183424
6,1.3123256273433452
7,1.232573489227027
8,1.120518890795976
9,1.2239757280073245
10,1.2777072145137052
11,1.306006426438182
12,1.3739762496799808
13,1.3051506055792559
14,1.2648454571586079
15,1.3281300988730171
16,1.2900522239007366
17,1.3459017441919614
18,1.376085678467563
19,1.324382385854478
20,1.3024226140980943
21,1.2740510978680073
22,1.2661725560123451
23,1.4344160060968807
24,1.4843310960970775
25,1.340635278116684
26,1.385696608527967
27,1.2933605943397035
28,1.3147958320113682
29,1.1246548640414515
30,1.325961190892888
31,1.1480808895626042
32,1.415187763275675
33,1.4769778397495894
34,1.517885516733328
35,1.2028876534480046
36,1.1893433102288933
37,1.136595847111959
38,1.1162418070504767
39,1.0612841625818146
40,1.199908232713648
41,1.3492830770958884
42,1.272487684302938
43,1.3789285167834056
44,1.6588434423387601
45,1.3227688247643947
46,1.237887907481253
47,1.2475862916226657
48,1.2769097322638612
49,1.12586094818209
50,1.1627768542218646
51,1.3039320522831832
52,1.3030177636160276
53,1.212049544818911
54,1.3907573535499669
55,1.3065460161597544
56,1.3198506398392027
57,1.0885108023426497
58,1.2382940964826488
59,1.2542146480231342
60,1.3539428649088259
61,1.5078504686818024
62,1.6539055032912477
63,1.5851094132801034
64,1.4470715731798538
65,1.498380406124235
66,1.569041601484341
67,1.5350469968207106
68,1.7948879672474478
69,1.6538202450029762
70,1.5909352304583793
71,1.4812660651962317
72,1.5714519417727433
73,1.6340499031109044
74,1.6885063588474483
75,1.5902746571814252
76,1.6613535431683404
77,1.7131524761750703
78,1.6922933982105854
79,1.6829116814813652
80,1.7269625031543496
81,1.810846049257879
82,1.7408358651465914
83,1.4368466514148273
84,1.4195018544575755
85,1.3801008086826323
86,1.4530197442856478
87,1.420053934056269
88,1.431381742552865
89,1.6134362557453175
90,1.569659159958268
91,1.604745822064016
92,1.6777936022943802
93,1.8426821407277705
94,1.6922493016886035
95,1.6027689649990622
96,1.6241631790101851
97,1.420147460492053
98,1.3895101505975764
99,1.4420672073282288
100,1.3980426525200513
101,1.537268039201589
102,1.3916233590456144
103,1.5957412085265945
104,1.6965838925549783
105,1.5229956993921818
106,1.524719696408594
107,1.5134729149010389
108,1.3543829469398105
109,1.3103923779910378
110,1.3519264024100732
111,1.2804884965014292
112,1.267754402902022
113,1.3398044387704175
114,1.2684742843283825
115,1.1776309159678033
116,1.148592624534024
117,1.2701481315102936
118,1.1352163869048184
119,1.277100697156689
120,1.2991331927323302
121,1.3041775950530041
122,1.187393745015325
123,1.1827906943871378
124,1.1543175508514223
125,1.1674114571258982
126,1.2319543360971688
127,1.2825857770775826
128,1.2974172139227933
129,1.350910332026475
130,1.342175208370758
131,1.280769139793994
132,1.224875549507294
133,1.376498667550071
134,1.5630168940177294
135,1.522972121158814
136,1.3743833037423254
137,1.4350750538416712
138,1.309486884851552
139,1.2885771165111897
140,1.0933142145853187
141,1.1062955285788747
142,1.1543923523709576
143,1.1173160867279823
144,1.1294706537776114
145,1.450678168507122
146,1.538954260676425
147,1.7314512884739104
148,2.1339787716205008
149,2.8819029276646435
150,2.9042620480954775
151,3.646250059284386
152,3.7850710998195924
153,4.637522626258671
154,4.870627224677155
155,4.774836228229581
156,5.225869578527109
157,4.445368266505005
158,4.529572969166743
159,4.1857896192976005
160,4.11091884174244
161,3.9624505921754847
162,3.8458177101661986
163,3.549071283715065
164,4.0842239618328495
165,4.082694914471525
166,4.049408444152779
167,4.46297297812201
168,4.450023003564465
169,4.076279992521629
170,4.3551535868494575
171,3.999571042664459
172,3.996342291781443
173,3.9921408189013583
174,3.907170884348096
175,3.7173080611967895
176,3.6000077848106464
177,3.9425650414180646
178,4.213139661566897
179,4.1446712295620385
180,4.383383022051479
181,4.149006653019058
182,4.152050513375096
183,4.161826144591284
184,4.175788951118891
185,4.143530675266229
186,3.6823026980569606
187,3.7169032701357954
188,3.956339445488564
189,3.5538325787249305
190,3.998008802835748
191,3.498495430432291
192,3.558893646382187
193,3.44407784973231
194,3.4293906071899527
195,3.1443441658727194
196,3.075025877484169
197,3.090838379332621
198,2.9121560425156803
199,2.3323208761443426
200,2.3215222286285795
201,2.3289633998205486
202,2.413189808037917
203,2.1636182908885093
204,2.187555800048916
205,2.1826794850249267
206,2.170930730649017
207,2.1454047039670785
208,2.126788515114619
209,2.11696715164447
210,2.0910909701110674
211,2.042367083823759
212,2.1156840255435165
213,2.1022474192229965
214,2.09446278834809
215,2.0747183594068743
216,2.000668291033131
217,1.9120143580790636
218,1.9872534440337974
219,2.0263828254276754
220,1.9398552653916075
221,1.980199594483169
222,1.9435722878262227
223,1.8134542313442026
224,2.1259118755524415
225,2.1029938359113034
226,1.8825845820124336
227,1.8743277078466363
228,1.774289608799874
229,1.8957054951636716
230,1.9417243180998816
231,2.049543578682303
232,2.0284369745584008
233,2.02173720452175
234,2.101369442654985
235,1.9059039994407205
236,1.9141621277845449
237,1.757441246759245
238,1.6985391173677529
239,1.667917782422681
240,1.7306105571851467
241,1.7376544892503911
242,1.7265566172659583
243,1.7294350270484857
244,1.6703479934402723
245,1.6147745209435211
246,1.6336213309359775
247,1.6453545021977445
248,1.6164192727295295
249,1.4754897139245686
250,1.5316522472930834
251,1.5607394113238409
252,1.4431429798411228
253,1.4727249755582237
254,1.5060190067325903
255,1.6900109337661815
256,1.6427950348646387
257,1.638042376495192
258,1.489676497847099
259,1.5318055747732353
260,1.337858424612244
261,1.335115542176387
262,1.337896955211514
263,1.33903226739604
264,1.329375060314457
265,1.3047370647317664
266,1.1902586862963302
267,1.1883244262369193
268,1.2022812641823333
269,1.1727188061631812
270,1.1432857488001404
271,1.2012015390990651
272,1.075541694610138
273,1.1848130498212606
274,1.1073137126668475
275,1.2685113445190848
276,1.3364960779677375
277,1.5006117738307072
278,1.6079661590829333
279,1.7447045988453298
280,1.741607723157246
281,2.022942198121342
282,2.0603796012091413
283,2.069306431105317
284,2.0605398587083643
285,2.381367710651436
286,2.517273395624993
287,2.896448317675529
288,3.4300449977254877
289,3.740238995721605
290,4.071330042202647
291,4.579277820509026
292,4.674991425337953
293,4.696918553956917
294,4.696918553956917
295,4.9027764275576375
296,5.246643215995232
297,5.264766158982932
298,5.255469515745901
299,5.251494296872839
300,5.208788869354734
301,5.174723936808644
302,5.155625137405163
303,5.155625137405163
304,5.155625137405163
305,5.028224658659219
306,4.966885663523211
307,5.1269433475783455
308,5.130717226712881
309,4.524031738190856
310,4.12872732881666
311,4.105148966307364
312,4.646878378728109
313,4.654958163823364
314,5.015713669952898
315,4.395889083869839
316,4.17764750001073
317,4.180061670170014
318,3.698201477881699
319,3.3887654593471894
320,3.3200156650932824
321,3.3931989494472705
322,3.25115479701973
323,3.590581182304726
324,3.3143197643716054
325,4.21054164280483
326,4.097491013057739
327,4.209431714586241
328,4.1034133776629576
329,4.050708327619243
330,3.3875276869516
331,3.221968757965511
332,2.5851959780140503
333,2.5511061060524014
334,2.5460565756737172
335,2.5415489657892834
336,2.5556636778366166
337,2.5505985734168704
338,2.52506894477809
339,2.4141356117249755
340,2.2797931369578666
341,2.442514678184353
342,2.406324671933306
343,2.3678157964353415
344,2.5820984180652213
345,2.851097286885366
346,2.727137155641743
347,2.2679777318364325
348,2.2087186632996367
349,2.12110267716734
350,2.1100467653153774
351,2.742559685194693
352,2.7204998182466507
353,3.6959106816138374
354,3.656136594869762
355,3.3007031209749806
356,3.2640680211864974
357,3.1083646041345387
358,3.053567974547192
359,3.157491357825695
360,3.0431577299375205
361,3.0513125526585227
362,3.107910988637534
363,3.0413822092382774
364,2.9569409570699565
365,2.5458303790224677
366,2.3033995725203087
367,2.1718521573183946
368,2.166517466454529
369,1.9218131486560255
370,1.88729134576601
371,1.764938493893923
372,1.7461187633743915
373,1.8837520051084518
374,1.741079137145275
375,1.7762201762351564
376,1.9752610926004373
377,1.9452044507837563
378,1.6388116201834897
379,1.5016057402542347
380,1.4398566294223654
381,1.3606887225952033
382,1.3723785120183862
383,1.2841599827623191
384,1.385454390952828
385,1.3652320624601109
386,1.3583894016965465
387,1.3458593423035417
388,1.3666676620679745
389,1.3100343904263305
390,1.2795110576932511
391,1.2671757106570705
392,0.9928401796080303
393,1.1163083277607349
394,1.1068934381717688
395,1.1481993851476626
396,1.2455768719085607
397,1.1508766568981266
398,1.1561592179602689
399,1.1915983250101994
400,1.2391212401728524
401,1.15551512389347
402,1.1527074774494626
403,1.1542056353033616
404,0.986854828047738
405,1.039033774763645
406,1.2353972812100393
407,1.349211805658219
408,1.3866520341479929
409,1.4010208334042507
410,1.535715012658666
411,1.6671798483628564
412,2.077668527194786
413,2.024210135356178
414,2.04944667118566
415,2.064034576179329
416,1.7497751563174375
417,1.7913512473051294
418,2.052447737369887
419,2.0489967585925544
420,2.167073268742586
421,2.1927692859057117
422,2.124004995378138
423,1.8618829239687373
424,1.8297982013296923
425,1.7057579378011933
426,1.687665611701794
427,1.6081961577249955
428,1.3862671080440534
429,1.3800761948281803
430,1.3858140661038887
431,1.3967104046529728
432,1.4963574073639023
433,1.5672684383300364
434,1.546695141142437
435,1.5320054581889222
436,1.4551859456708598
437,1.5496111006820072
438,1.498025096634974
439,1.5000914225549586
440,1.34085608527944
441,1.2158937270366574
442,1.3401334307140036
443,1.1916042772199742
444,1.3360188327637403
445,1.3419116584112278
446,1.317969786681298
447,1.2892077197067193
448,1.2840972991744144
449,1.2460296342803612
450,1.25350952754052
451,1.2905501588093848
452,1.3096439573246839
453,1.32695019161987
454,1.244119388011857
455,1.161412936255022
456,1.1416612041881922
457,1.1540328936493014
458,1.1187810244864762
459,1.0952951745193167
460,1.0992118444950023
461,1.0883913375778538
462,1.0700557182926902
463,1.096588060914485
464,1.072912773368701
465,1.040346365865081
466,0.9855531238852735
467,0.9818425739953908
468,0.9121619120195291
469,0.923119061732899
470,0.9033269466637472
471,0.9034827319329812
472,0.8379365675347413
473,0.8886663579619868
474,0.8778588787980166
475,0.8012318698115293
476,0.7990056174177826
477,0.7962635475859506
478,0.7543386140480889
479,0.7530607435531167
480,0.7553517602671826
481,0.7622506844324336
482,0.7721628776389411
483,0.7752820828304892
484,0.7887713571725362
485,0.7875981508916104
486,0.7639228840338735
487,0.7507176654664177
488,0.7379013766453052
489,0.7256846463328591
490,0.722641374937721
491,0.7474117196161874
492,0.7454339072701189
493,0.7353569067795267
494,0.7282774270795833
495,0.8953895303763285
496,0.93392705590157
497,0.8905024421151126
498,0.917808006588316
499,1.1564151548111425
500,1.4142979432925946
501,1.5620399902362512
502,1.4398670588525946
503,1.5273274001943982
504,1.485007528209013
505,1.6801311971675306
506,1.5975072509380777
507,1.6090655048633447
508,1.5837420059631846
509,1.415049031565065
510,1.3140755990947703
511,1.3093873420294482
512,1.318971454802761
513,1.5441469417098974
514,1.4648458526806527
515,1.3762129115207398
516,1.6146766192329771
517,1.702860201255249
518,1.7164115911972593
519,1.7471060664018305
520,1.7843416694493954
521,1.4655723203422673
522,1.4415119359649997
523,1.7883977477491524
524,1.8964550810825878
525,1.7134893939627105
526,2.0225285894127407
527,1.7777218314354362
528,1.7487475112405195
529,1.7033638850092747
530,2.1159569638986273
531,2.053275700669918
532,2.1171765406412164
533,2.067283445339133
534,2.1099413989782057
535,1.8072221606898489
536,2.0171466308890444
537,1.8367925252611834
538,1.8623745595303114
539,1.7405438670820206
540,1.7489384704848594
541,1.7285547060531368
542,1.705762527340094
543,1.6890674853521448
544,1.6642911181401192
545,1.6574741684648644
546,1.628875046753608
547,1.6947360128024547
548,1.709701074581468
549,1.7547111830843458
550,1.8263086072592398
551,2.0183621254768456
552,2.1210794532064625
553,2.2846549459189025
554,2.286283498363171
555,2.1094694777800314
556,2.082201907752105
557,2.0463371480357204
558,2.5451549312838853
559,2.5771580303577335
560,2.3480931255473383
561,2.9976725270726674
562,2.416563584985705
563,2.2267454363197317
564,2.161501513996792
565,2.151046939339782
566,1.885897251971145
567,1.9423754489585079
568,2.097456441963221
569,1.8426814482670513
570,1.862315892585576
571,1.8874716102201308
572,1.722471710500003
573,1.7654723369929344
574,1.7291008926645592
575,1.6556327027403854
576,1.6520483695829278
577,1.714002955020767
578,1.666399060460756
579,1.72630980574293
580,1.6915652684551687
581,1.433741956308911
582,1.4310437572478658
583,1.5285361590569977
584,1.414940544267587
585,1.395843121904725
586,1.4154921997410934
587,1.4278499680787413
588,1.3111403455441162
589,1.3730209158401083
590,1.3214577317551908
591,1.310998875833814
592,1.3187454043657272
593,1.397646808150542
594,1.3384413189654345
595,1.3678914576817136
596,1.409151713291529
597,1.467331201177221
598,1.586381467214192
599,1.5482680122949346
600,1.695945101042587
601,1.9998418027590599
602,2.174399308515367
603,1.619711314697789
604,1.6544078601760197
605,1.762674786121863
606,2.0619518859626997
607,2.0530357097332805
608,2.0547008310060724
609,2.2162812413364072
610,2.084187935014325
611,2.0290155228358215
612,2.1755253216486423
613,1.7371187497505476
614,1.8773871026432243
615,2.1579684192703765
616,2.436787150842337
617,3.0470521295059814
618,2.523530386811786
619,2.5592146315155864
620,2.541286308387312
621,2.854206330475389
622,2.477645995384797
623,2.4495363589987433
624,2.4579239340830785
625,2.8661652358755663
626,2.557609899330859
627,2.548579570743039
628,2.5409012216047717
629,3.130443567845459
630,2.542088907022595
631,2.5625023762457793
632,2.5383050762013704
633,2.5416051976045453
634,2.5387176823561055
635,2.5111073151571275
636,2.396831264455008
637,2.0921591931917685
638,1.9879355118862738
639,1.7705994423916922
640,1.7806625878675635
641,1.7659757192951153
642,1.9001109680092607
643,1.7642451953844565
644,1.8186753192651826
645,1.9400233452045073
646,1.7749474083137224
647,1.7568780358933285
648,1.8318185588459377
649,1.8111928261669519
650,1.7137764437958278
651,1.697862553988459
652,1.7290300401793064
653,1.6809828673309941
654,1.7245133109263031
655,1.6154689618583995
656,1.5314389709163712
657,1.6168389416504698
658,1.5115268303843084
659,1.5626555185644833
660,1.6258959520386436
661,1.5066577726016253
662,1.563851452792716
663,1.424060180626942
664,1.377343275833966
665,1.7208295631227482
666,2.175691211581131
667,1.814069813240648
668,2.195473444525556
669,2.1793417041028977
670,2.3170536891394335
671,2.3123306027004737
672,2.5847623102384527
673,2.5251066515272367
674,2.288803370248108
675,2.3278508314743527
676,2.3607052146294722
677,2.3957243383645848
678,2.44373039971259
679,2.9973284393017234
680,3.059312775619112
681,3.0196444346617732
682,2.891327755030682
683,2.7242125680952367
684,2.4231781896956206
685,2.3775809309680986
686,2.4135300247198757
687,2.205822301205689
688,1.9745164713152175
689,2.0584582846260693
690,1.797251191898084
691,2.08214132315925
692,1.7777361346519154
693,1.7707585377912747
694,1.7043026477093521
695,1.6498409441883632
696,1.5623859941656888
697,1.3496889747781247
698,1.2895675566943248
699,1.099162834827227
700,0.9371655341034616
701,0.9270972634244151
702,0.8880147880652601
703,0.8225316854570843
704,0.9287798782690904
705,0.8954800491003329
706,0.8852349401861878
707,0.7905413831947883
708,0.8068211858618567
709,1.1161778047531845
710,1.4104689428658537
711,1.2803321159810908
712,1.1246814339270623
713,1.0784869448180305
714,1.2634082515548062
715,1.362250861691806
716,1.1551841290712195
717,1.1566241310060696
718,1.5218554562744557
719,1.5508631799518635
720,1.431613756836351
721,1.4049708048902365
722,1.5012458566134301
723,1.4876793371222214
724,1.4788138232554404
725,1.5007752819735087
726,1.531900025050988
727,1.5616980864393761
728,1.4180260868163725
729,1.378350260363631
730,1.383060090626573
731,1.5395201399769685
732,1.640517062271758
733,1.6607153527584715
734,1.6376881658570366
735,1.6491354278258001
736,1.8596401876302582
737,2.0890103518792325
738,2.151827752268931
739,2.6224514485038393
740,2.633269584399886
741,2.676827161966031
742,2.6766402693922617
743,2.614560109722869
744,2.693257118660131
745,2.674888661977712
746,2.6890500981142105
747,3.0272374971567015
748,2.769510375334623
749,2.9330230697561164
750,2.266178810674607
751,2.485652152766473
752,2.4369088474519653
753,2.3463878866627845
754,2.2861336122875
755,2.251364659657295
756,2.2700937569224546
757,2.2215635142995698
758,2.2495395347916314
759,2.19872484821268
760,2.178720701994066
761,2.2447816435386665
762,2.2985725593544557
763,2.312470721089329
764,2.296410875318848
765,2.267628308597697
766,2.2834068065083035
767,2.429871380192795
768,2.508602240214879
769,2.035902860305238
770,2.1132117789609475
771,2.0957699456883097
772,2.110456736019346
773,2.1443377484052353
774,2.1116250367281433
775,2.149666842754295
776,2.039443013347066
777,1.8173343248300702
778,1.9016710005182713
779,1.6918462855126841
780,1.7743492955104605
781,1.9094982913687897
782,1.8380787559737568
783,1.9235187367335624
784,2.1567061611303755
785,1.931771092623706
786,1.9368438053204802
787,2.02945554198056
788,2.101905906594811
789,2.06866525944857
790,2.051377918232882
791,2.0650125222877245
792,1.9329046057291497
793,2.0444492252984614
794,2.070788901595755
795,1.9860494654641974
796,2.0414136314314386
797,2.037629095690373
798,2.0392373553148513
799,2.0463853571509643
800,2.056474266168325
801,2.0320759882800714
802,2.0464051254598403
803,2.088593675120532
804,1.863024601987586
805,1.8242634092585122
806,1.7351635548726487
807,1.7326082004798655
808,1.715502874025063
809,1.722305508182445
810,1.7078913756962382
811,1.730981734112591
812,1.69275520773064
813,1.5955487588978872
814,1.4193867544912253
815,1.433158999625462
816,1.3849489993533053
817,1.3498840116695423
818,1.3204865789903537
819,1.3298637674002751
820,1.181461744738223
821,1.1349645579787553
822,1.1497159696055268
823,1.1625764867567292
824,1.1281689330714748
825,1.0375645899200212
826,1.134615434995535
827,1.240756622484968
828,1.2152646875542654
829,1.5314375598642607
830,1.5493881078464473
831,1.7216663573875304
832,1.7867154956304572
833,2.1218617354539764
834,2.1570416180210827
835,2.154660493807888
836,2.3888029883763062
837,2.847652127475319
838,2.8705012894936313
839,2.8413038801718726
840,2.853432110715146
841,2.595469263225935
842,2.7422384859356774
843,2.720050249006093
844,2.8930717383985547
845,2.439972504448623
846,2.5759978071271408
847,2.3631628962110276
848,2.54410844682876
849,2.699408061097906
850,2.5104464947533534
851,2.338806694902208
852,2.291012310934699
853,2.2361647664507442
854,2.1987847762865456
855,2.1896416702435277
856,2.457073859289692
857,2.6534077498416373
858,2.1491641613419383
859,2.3446990601607376
860,2.0734818364776677
861,1.8743079794551405
862,1.7802424552009357
863,1.7232990088961844
864,1.8880511341372808
865,1.6517133581777648
866,1.7045956576209642
867,1.6572992106804425
868,1.580125024654496
869,1.5692369546813698
870,1.5908228828665214
871,1.6122469488688829
872,1.6611260639944703
873,1.393756536030688
874,1.5610211602620168
875,1.3526592865927038
876,1.3800185258114068
877,1.3796234219357169
878,1.3160222757331173
879,1.3242888087513118
880,1.323384397546178
881,1.3435464219575375
882,1.2821744282708372
883,1.3160969995184404
884,1.3545640504506873
885,1.2658286014825977
886,1.3157427576696772
887,1.2860127392598677
888,1.3088854344211567
889,1.6329660338313419
890,1.6906494494389972
891,2.170313303151079
892,2.2865991616474286
893,2.4249718351599174
894,2.409706433361123
895,2.3080250746132074
896,2.265215113182127
897,2.2577079380990956
898,2.199218086240462
899,2.2368217281669343
900,2.2629537966323277
901,2.0963733779623253
902,2.0722065540621184
903,1.767975013849574
904,1.9514909126757654
905,1.67559872159156
906,1.7353277253317836
907,1.9041396675238336
908,1.917432078548295
909,1.9276251841492873
910,1.914668101533197
911,1.920654908005607
912,1.7257963553926037
913,1.61035912584578
914,1.4449608230161806
915,1.5768089453856025
916,1.5026023196497749
917,1.5335294634151106
918,1.6758460901645218
919,1.4310196562665385
920,1.484338918910853
921,1.4274788546143844
922,1.4223269009272135
923,1.5209759036231647
924,1.334447116565414
925,1.3811773451778544
926,1.2828202003857585
927,1.300515600928323
928,1.2278336377349488
929,1.2878684273811216
930,1.1573345254273024
931,1.2221964668776955
932,1.1386918859420663
933,1.2134657196163756
934,1.2221480314159467
935,1.203351618590123
936,1.171740327861318
937,1.0737160444785239
938,0.9878867787744647
939,0.9597997621738966
940,0.9227689038035636
941,0.9648711217797233
942,0.9223293340647158
943,0.9927761367991053
944,1.0346337206681195
945,1.0253872279442333
946,1.0229397655897563
947,1.0403894213395026
948,1.0484878928843109
949,1.0190192580230857
950,1.027727801035927
951,0.9312095266644739
952,0.9229365273109716
953,0.9096778983318534
954,0.9008225396233309
955,0.928358884204106
956,0.8948724266686292
957,0.816285870311212
958,0.801824365444028
959,0.8016672085035358
960,0.7132316802532627
961,0.6876796739484897
962,0.7033694411701389
963,0.7215294613197688
964,0.7104016814516569
965,1.0359709096898255
966,1.1517935371713774
967,1.5598611314556166
968,1.7943914839354058
969,2.345609427809101
970,2.756032049038148
971,2.859197229537595
972,3.647521426805753
973,3.790446392886838
974,4.379859556704425
975,4.606890404481264
976,4.811251198190338
977,4.6307480846109605
978,5.142333455000725
