,0
0,3.1949382764229024
1,3.5260084609288684
2,3.2508949600794232
3,3.1406559109543037
4,3.5547318998675905
5,3.6438044603743616
6,4.278600244025178
7,5.483819390395681
8,4.617830550047596
9,3.968493294673921
10,3.8839619170836284
11,3.6395236369778674
12,3.2021828672393884
13,4.4141390698146035
14,5.739571503681668
15,5.945990699289814
16,5.990788608547409
17,6.000144651107227
18,5.702707112381729
19,5.808398775618317
20,4.419567355471711
21,4.495054775441704
22,4.286823047105479
23,4.361353980682908
24,4.2924285164766
25,4.7005751877657005
26,4.441129082376523
27,4.302585264622754
28,4.334619785912239
29,4.5555188949248695
30,4.3109479267665884
31,3.9126593744311435
32,3.5630810387389587
33,3.8147451176000238
34,3.36353582724338
35,3.281761919690014
36,3.204157319276103
37,3.0887009522742526
38,3.0357131335257956
39,3.44017404599393
40,3.475245995655929
41,3.498979733233688
42,4.639862481429349
43,4.762078177707473
44,4.7630534676507015
45,6.64651092361711
46,4.986215878600419
47,4.765147957036011
48,4.645984019350221
49,4.717957978644754
50,4.788215621239379
51,4.632817099024379
52,5.571105461539974
53,5.578809236806447
54,5.748940281026654
55,5.534739120836667
56,5.0949919159473085
57,4.713567133208246
58,4.6749430333164605
59,4.631821559189445
60,4.564324245065365
61,4.603015435667604
62,4.535314807159817
63,4.55220443840144
64,4.825270649363258
65,4.325617395536973
66,4.269239684888737
67,4.208062699670459
68,4.368249903865511
69,4.314049967125619
70,3.9305184334047225
71,3.5867836562871647
72,3.2182520173224476
73,3.1985985957165846
74,3.1595638029141058
75,3.134006505342389
76,3.099837100141085
77,3.0966033835244704
78,3.045548819327004
79,2.9864826685387467
80,2.8946701504426775
81,2.978897553932014
82,2.9265921814456632
83,2.956684825596041
84,2.9751306922549707
85,2.8746199898401197
86,2.878860241963966
87,2.8505206985438547
88,2.743921416600188
89,2.7357735415535633
90,2.641471578540924
91,2.6050148914850446
92,2.3634546766526316
93,2.502895929510096
94,2.5288615111524573
95,2.7197819219013497
96,2.5781655834145187
97,2.520526133670604
98,2.5205340873993536
99,2.404463757471674
100,2.239866383176919
101,2.4650600364061526
102,2.2403433294352744
103,2.5777151862982515
104,2.8308441744334716
105,2.600497366807887
106,2.4910241451588737
107,2.73085219105733
108,3.0765049722153717
109,2.419701632387175
110,2.214460414212597
111,2.4426086874212505
112,2.1372791696945623
113,2.1873203795306786
114,2.336460650223032
115,2.614924489627962
116,2.8501005902428957
117,2.9947330363442646
118,3.2820142295688646
119,2.915731918609422
120,2.77013900100671
121,2.9628482696683247
122,3.0613514075186505
123,3.0235275573441456
124,2.9404659833414897
125,2.917555281698741
126,2.8629776195921908
127,2.7128808961711077
128,2.6613744585039187
129,2.5080760553233605
130,2.4534116972196083
131,2.421637329690146
132,2.3030124355948582
133,2.1764642231200435
134,2.433475737587748
135,2.1846354663267307
136,2.256388639157719
137,2.3055266748302494
138,2.1298167822483007
139,2.09065401907233
140,1.9942147000512094
141,2.010905612993882
142,2.106686870566046
143,2.400924110285772
144,2.605619302222527
145,2.827432497312935
146,2.946602930766865
147,2.67570091989206
148,2.960413943629517
149,3.38443910303042
150,5.277182065795612
151,3.842379472816733
152,3.8829348546695894
153,3.998015829949899
154,3.9257351697563516
155,4.429525976265651
156,5.318857095466664
157,5.7553875202751295
158,6.060379110261319
159,5.6435742346687565
160,4.141371966437569
161,3.9412501569537994
162,4.648714946798081
163,5.87547120380917
164,5.83524163619136
165,6.035601318658231
166,5.917218580211447
167,5.515217803823793
168,5.14595463421437
169,5.026280390373177
170,4.9530979188105695
171,3.5583779853730557
172,3.5112632016609395
173,3.4909480342397536
174,3.46092960296838
175,3.3843113223197694
176,3.2963763236505934
177,3.348497778302541
178,3.32883964298771
179,3.3054509649296646
180,3.1679799397727217
181,3.1874831552854292
182,3.034462127413738
183,3.1942409369371636
184,3.1884410118095627
185,2.9865982908955937
186,3.1089654060792453
187,3.13140060431456
188,3.047915506135301
189,2.8996512217387593
190,3.1580123725597113
191,2.9102125259433773
192,2.289384655520634
193,2.05094558721656
194,2.1715392842400085
195,2.1822739267281173
196,2.399304257415157
197,2.288466499659021
198,1.8860516810147356
199,1.9040517215984818
200,1.8184213357781986
201,1.7847614909035914
202,1.7735479416098854
203,1.704573881213537
204,1.4870468348580999
205,1.755613519882997
206,1.9462129373525394
207,2.4783225405257028
208,3.06081218099966
209,3.175251439008946
210,3.21242013294609
211,3.2065971440656744
212,3.1903486882868126
213,3.4580470107663634
214,3.585490696342683
215,3.9134997456490392
216,3.094873137411182
217,3.0394754413698943
218,3.1444746302510653
219,3.159735186467654
220,3.0266505240552872
221,3.165340435268748
222,2.923883392704601
223,2.7924701187637817
224,2.681783963844263
225,2.536805051340291
226,2.4385051359146335
227,2.465001069783587
228,2.5377704689153093
229,2.6731546837492903
230,2.6642157547100567
231,2.517834089612899
232,2.508486099789306
233,2.5049248187320456
234,2.5077702803629918
235,2.4815854748219173
236,2.456660259175467
237,2.490430520444118
238,2.517917381543071
239,2.7448665951931956
240,2.7277947624709222
241,2.652875009289941
242,2.7258394474844434
243,2.9969014231943656
244,3.1468646402922325
245,3.1626192174574412
246,2.9857628910295233
247,2.8235326628893715
248,2.6346664648753952
249,2.3158757914489327
250,2.482345339163583
251,2.3680548390936864
252,2.403287789755907
253,2.4368947209879313
254,2.36880089880295
255,2.3841547664020712
256,2.4402515389517982
257,2.2837350076765826
258,2.2336127846763585
259,2.3178058228638823
260,2.2394706183072275
261,2.172641369144797
262,2.0065268931144487
263,2.179454641774271
264,2.1669822539553367
265,2.1521507116347607
266,2.2966615930922667
267,1.9586976535366576
268,2.2815493463709213
269,2.261110705654346
270,2.5121477324706984
271,2.4345276882203697
272,2.848670726257183
273,2.516028136199194
274,2.5111057992128822
275,2.577708641098397
276,2.3218739358545846
277,2.2120995297074226
278,2.1635008008559447
279,2.1698855125877925
280,1.6937391384994513
281,1.743036358284314
282,1.703872957718868
283,1.7730903783524201
284,1.898509660862011
285,1.7012262311483934
286,1.7332450704219726
287,1.737932965859644
288,1.6340709313580593
289,1.581560925118349
290,1.547290381208984
291,1.464534294663042
292,1.434396328258028
293,1.3421746334114735
294,1.193099697200825
295,1.1523537870957417
296,1.0929675071971798
297,1.1162711350135623
298,1.0459052669988453
299,1.1985444521515691
300,1.081421639715952
301,1.0697035392350551
302,1.073283212439104
303,1.0879908819506208
304,0.9945650654828426
305,1.2591265861051117
306,1.327445688318892
307,1.3071987631689954
308,1.7649430714613434
309,1.7705717789778372
310,1.8362551552750266
311,1.8328417831046604
312,1.8544104813059483
313,2.063181766537092
314,2.14308587857276
315,2.4201027387935925
316,2.3923499741170855
317,2.2749401631732384
318,2.307529023178065
319,3.2498456543447514
320,3.2025993809621762
321,3.069253840583202
322,3.088299193282512
323,3.908369011575423
324,3.2640487730603596
325,3.4172896936267105
326,4.075273714226649
327,4.053887056108518
328,4.03757093860794
329,4.022193181110092
330,4.0041021656697895
331,3.92339519483494
332,3.5025006195114896
333,3.3215618190969822
334,3.506674520810892
335,2.9534787768501394
336,2.912424476183041
337,2.8137789943487777
338,2.876805689169105
339,2.8144763448189822
340,3.068335763684039
341,2.8210468655371685
342,2.843812477999938
343,2.6035283167787155
344,2.5985487744348075
345,2.579809992016929
346,2.8205025850096628
347,3.415339465847725
348,3.4938790704891276
349,3.5469781753962635
350,4.469695984597899
351,4.638901714690697
352,4.638078730842076
353,5.142506871570559
354,5.03590354753005
355,5.048125634534136
356,4.725602657533553
357,3.6584222306872785
358,3.138585604282882
359,3.2655480159100807
360,3.1318067151526496
361,2.9389554872546686
362,2.9641394117614657
363,2.961302388618794
364,3.0364464131757027
365,2.9308843472730786
366,2.952595015393663
367,2.886634721670149
368,2.7786227034456688
369,2.809054034903439
370,2.724204729448264
371,2.847673610846227
372,2.670826469599604
373,2.6785315288027354
374,2.743611524962252
375,3.1570150092494558
376,3.230622457381251
377,2.882582688550485
378,2.8739777369260064
379,3.2418260526882103
380,3.29181636427492
381,3.311365854848449
382,3.322028871075546
383,3.3312565894534076
384,3.3032735689155706
385,3.334633112893909
386,3.302252796657863
387,3.3011542981038824
388,3.2471033108567675
389,3.2479021689226326
390,3.1691204248991904
391,3.26004206108083
392,3.2808043679138916
393,3.307426717319516
394,3.2744096627764137
395,3.359586574980186
396,3.3955513493847467
397,3.402420731618029
398,3.7629377174193306
399,3.883900788318324
400,3.889806285744235
401,3.8085572226956326
402,3.86191086620457
403,3.263120504960141
404,3.355375964473276
405,3.5716641108338534
406,3.701857955330067
407,3.6873744744536863
408,3.7031906444264453
409,3.746916930236526
410,3.390643976328315
411,3.6394116489851527
412,3.7496491517328687
413,3.301835675608298
414,3.136783730511676
415,3.4556099128847975
416,3.062595406466486
417,3.033540749374423
418,3.0987687257817367
419,3.144887113141052
420,3.14125756330308
421,3.100538772495211
422,3.079510941767722
423,2.9988181145385386
424,2.657916070205817
425,2.7043367527549793
426,2.492495840470228
427,2.4742932496707373
428,2.4803354199679966
429,2.5298445300381864
430,2.5783213070516386
431,2.212819647797264
432,2.190813735149903
433,2.1573605881821547
434,2.089923917260623
435,1.8837580558648048
436,1.8376319783659818
437,1.8218954028035836
438,1.6731453232775364
439,1.8437298144780785
440,1.8826967713062388
441,1.71099246278254
442,1.7561065113539178
443,1.8449600522441905
444,1.8378525892981474
445,2.1498734765551206
446,1.988044741448534
447,2.1036447640179667
448,2.607167385276263
449,2.045018988863182
450,2.6227840080991416
451,2.8465643440397277
452,3.1423114043434053
453,2.759455659875216
454,3.0970653639017267
455,2.9700184719875002
456,3.4435294352086645
457,3.410303515292924
458,3.6430847396236383
459,3.940300272300961
460,4.210983097446479
461,4.467887344443069
462,4.661181095263354
463,4.5555610960123865
464,4.564407728172707
465,4.410431133087658
466,4.374842448656087
467,4.361572346493933
468,4.058771559138853
469,4.016857596440662
470,3.8886964935880117
471,3.5283964470230345
472,3.3293724174223334
473,3.1926320462320232
474,3.2053793000620057
475,2.94745051806193
476,2.8101985507176046
477,2.8548487310921415
478,2.7618897072537933
479,2.8355052257764157
480,2.889792102637355
481,3.313427255652771
482,2.964043764576278
483,2.7120327707599943
484,2.819407955814513
485,2.7049194577132045
486,2.7611955709224465
487,3.040665217644491
488,2.9885115823540915
489,3.9479150856822622
490,4.220992743109444
491,3.724583088509944
492,3.2110313163492736
493,3.8859347577602787
494,4.615367754400338
495,4.465641026202112
496,4.669517712713899
497,3.9837994225737363
498,3.609665097003621
499,3.5135001359767353
500,3.537783931364239
501,3.4385058668709396
502,2.849290949559553
503,3.6467094817397148
504,4.43594386273829
505,4.073987826090055
506,4.709924827723053
507,4.872590662836207
508,5.248754345851102
509,5.4468168160383
510,3.422025158095476
511,3.7641905337806225
512,3.382233236283576
513,3.2679649360987533
514,2.917038219688121
515,2.9008951454951166
516,2.828569966306504
517,2.6165715979334814
518,2.215134259281054
519,2.145636478121472
520,2.1757540544912395
521,2.2583152702230205
522,2.0786154448983125
523,2.231192566171468
524,2.5369048655887463
525,2.4243502372285013
526,2.356530982347879
527,2.192748151159018
528,2.0386035399572866
529,2.0503114232235817
530,1.874105753753032
531,1.886015662233252
532,1.7868275446852595
533,1.6352671740558011
534,1.6836360120205898
535,1.527909067927812
536,1.5197194840774852
537,1.573445468111854
538,1.4965106519209956
539,1.8518974672391775
540,2.0687730399399262
541,2.3472884817865833
542,2.377884298118589
543,2.6956052948696354
544,3.2522531834189197
545,3.3788085525256077
546,5.319468093529917
547,5.129220943321097
548,4.952468074416491
549,4.3360188126031165
550,3.9390027907077974
551,4.024230396474248
552,4.03815073118394
553,4.043431645234783
554,4.063763103505292
555,4.129848640109338
556,4.238404585025133
557,4.0568035714315895
558,4.038806421916868
559,3.9875079292721454
560,3.8003721236683705
561,3.534475263023129
562,3.608082742498596
563,3.913401378284209
564,3.4361909645745943
565,3.4763173954067685
566,3.493607500774788
567,3.999556592356155
568,3.386372752482099
569,3.435393547167952
570,3.4311185581741515
571,3.5058018843951873
572,3.420296288881362
573,4.591682038412986
574,3.589613951230483
575,5.184260668194266
576,5.0310469735393815
577,5.104967563968185
578,5.099159613357531
579,5.078554751620677
580,4.758015753387677
581,4.2975006447859645
582,3.9733232331669024
583,3.662951149717722
584,3.4321349814704507
585,3.437841321532521
586,3.368832545355027
587,3.4064708187137867
588,3.19896205601157
589,3.1136372598002597
590,3.359028909751685
591,3.3927045024214406
592,3.4057750835642313
593,3.378243705301494
594,3.8039370391437575
595,4.364096479726478
596,3.4867641875820463
597,4.765004086655483
598,4.9802982363400154
599,4.938147613809954
600,3.6990463152555337
601,3.690893527248059
602,3.5862184788567766
603,3.3820074257698858
604,3.3361477043559886
605,3.3022980812954064
606,3.278752590575751
607,3.2585010874821285
608,3.2418856024984084
609,3.1578620328680493
610,3.1495472497808144
611,3.225030681662939
612,3.1453943509106344
613,3.138800299219201
614,3.499741285655154
615,3.2376730137728043
616,3.2854570931360625
617,3.7479313569613693
618,3.3936289351240214
619,3.4051474435471043
620,3.3557306283977106
621,3.242519377719678
622,3.140459504876926
623,3.06161505680051
624,3.207595170889224
625,2.9416467388226466
626,2.8698074502132567
627,2.7534885125345747
628,2.914349867424858
629,3.023616620066159
630,3.107276691125779
631,2.84604062164251
632,2.8561139002000773
633,2.603504816096878
634,2.596018847835216
635,2.302954396551777
636,2.516323018269164
637,2.478183525188238
638,2.4725874640135137
639,2.668557862588301
640,2.6804095020388403
641,2.722376604587213
642,2.709066412267906
643,2.5427146104802842
644,2.5448395048291252
645,2.534174508990557
646,2.3042776415374195
647,2.4307908372035794
648,2.0785386810191433
649,2.2619689160842458
650,2.0814125811064073
651,2.316137497001513
652,2.0376491752422488
653,2.01810927533933
654,1.9176535312953737
655,1.9646679609891418
656,1.9467678232707457
657,1.8721914165247042
658,1.9316613431712117
659,1.801627439827029
660,1.789508196485033
661,1.8751368724654354
662,1.8573511170798993
663,2.4796579652965285
664,2.1780486276194564
665,2.3042054965887857
666,2.4224802962702388
667,2.4172694788481466
668,2.3627420699878234
669,2.7265368499259277
670,2.800736484477267
671,2.962412341940725
672,2.902984112408614
673,3.2058938007021713
674,3.2974129832868035
675,3.341950158782131
676,3.831972308848489
677,3.9848283106774987
678,4.3084609525074695
679,4.432024825543651
680,4.460951919803874
681,4.4218785622831565
682,4.03370693849791
683,4.015320602223626
684,3.872390677540209
685,3.245513361015977
686,3.279476430334474
687,3.080340920110966
688,3.0632568636656132
689,3.444035314026526
690,3.228488573132844
691,3.1469651986822913
692,3.142149307862347
693,3.1018337272412273
694,3.0300262117736123
695,3.03953023716274
696,3.1046781207849623
697,3.10101809407299
698,3.0116004454724887
699,2.9273268557470966
700,2.9116381210278703
701,3.1592722591238895
702,2.9579391880122485
703,3.343351275525849
704,3.141204008560002
705,3.093876347035391
706,3.1987314558040016
707,3.2762365293232985
708,3.138086352926579
709,2.900227331964175
710,2.9114387936610835
711,3.0660825210743536
712,2.7070976335328476
713,2.946503944252773
714,2.649302831453643
715,3.0896882297114874
716,3.337423158312228
717,3.3123924521184973
718,3.29179650276712
719,2.942925033742997
720,2.726358292442619
721,3.0989761429455673
722,3.086677495562747
723,3.0453413916391754
724,2.9020029026629377
725,3.2284470424545693
726,3.0268993660085113
727,3.1189225558368476
728,3.1572693135066507
729,3.2552936056420627
730,3.151364895038735
731,3.014152015227451
732,3.039127689140765
733,3.0105740514728554
734,2.9616317871995226
735,3.164889819773869
736,2.6736977876286248
737,3.1676314539405404
738,2.890353571350651
739,3.0177421354468925
740,2.5020011920066465
741,2.4932785288622643
742,2.446712645476317
743,2.984516427888312
744,3.022206333112097
745,2.835240010695016
746,2.620570458577186
747,3.7520566131956956
748,4.358352810957145
749,4.081103972564389
750,3.872541810552988
751,3.2485217098937165
752,4.3249577103877135
753,3.24713030118366
754,4.32050084128626
755,3.4651109596227676
756,3.336977874940171
757,3.3363203065231466
758,3.320844847901292
759,3.2237076270650356
760,3.225848517081279
761,3.0240862175865053
762,2.9545230749110787
763,2.704070285899573
764,2.7416189804658644
765,2.562911858307631
766,2.7206794106681556
767,2.696008701576807
768,2.7496844217135044
769,3.0544979698162646
770,3.1562982430096915
771,2.881885265058687
772,2.8218734328928687
773,3.0160855917716938
774,3.640907628322358
775,3.205143559016521
776,3.043785653048018
777,3.1453531275317133
778,3.300757652397371
779,3.143767831156093
780,3.211714954251222
781,3.2476081496821183
782,3.1986422413711657
783,3.0378775063646724
784,3.014965053881878
785,2.6661681350969104
786,2.63400457258597
787,2.5161478214545796
788,2.369057279468351
789,2.248064761229256
790,2.1969765122620557
791,1.9972912927657576
792,2.191242144664947
793,2.0283828104833583
794,2.054376081669999
795,1.8612822471563804
796,1.9979111722454592
797,1.9128544941980172
798,1.9219853833251013
799,1.862050898331398
800,1.83289346754225
801,1.8561844786111332
802,1.8325045544264327
803,1.8535120679200752
804,1.8821801474975894
805,1.5430900100107676
806,1.6394012359804264
807,1.8534052842518334
808,1.6814352937264334
809,1.729003864584883
810,1.8612710778348147
811,2.1610038919898256
812,2.1704563524645604
813,2.065393632979837
814,2.366082604112507
815,2.6219652317009707
816,2.5493227578723516
817,2.5068196251901385
818,2.6526956067955263
819,2.577659411542109
820,2.523793782669155
821,2.410265102389916
822,2.2386909046857624
823,2.2647866947706032
824,1.8762123494090037
825,2.1460180215065217
826,2.1468115883209062
827,2.2952978201196905
828,2.2227535312322986
829,2.0553969537327887
830,2.3255447882435636
831,2.4233828004997613
832,1.8481558531240745
833,1.8660542314574708
834,1.9214838119997237
835,1.8156396560517283
836,1.7775411517585802
837,1.8480453332198439
838,1.8460053118139519
839,1.9638009930075269
840,1.921136549931244
841,2.143465527927936
842,2.4206820756033265
843,2.1795095176952786
844,2.3197823498312466
845,1.860711801813191
846,2.068562531415425
847,1.7430128951688253
848,1.655069010095472
849,1.639441804937162
850,1.5094981223095907
851,1.4461181134900718
852,1.3810681289618676
853,1.3240410342385645
854,1.3136679694856996
855,1.2834359739699492
856,1.297221324449182
857,1.3147339177513906
858,1.4217804257617017
859,1.40193983801374
860,1.3056173451903477
861,1.7041461071428536
862,1.7948232702711733
863,1.8092478897830566
864,1.9645008828386077
865,1.8765002331541618
866,2.0765830510860055
867,1.7770953254873156
868,2.1695382713771463
869,1.795042925453095
870,1.8620922227843444
871,1.9837199751221786
872,2.5618684429921985
873,2.5695867652695514
874,3.203884379401386
875,3.687313388903579
876,3.975942678156706
877,4.202015952885989
878,4.056327492376801
879,4.127985682012087
880,4.155647283501497
881,4.386788662050373
882,4.2292978647800075
883,4.5106154932160605
884,4.515293863495753
885,4.043409539178653
886,4.025230590949614
887,3.3269160822060857
888,3.8452457210776263
889,3.4672885198716203
890,3.1698738327489457
891,3.1895046943328014
892,3.1952873992246373
893,3.463916183653494
894,3.5337521243706145
895,3.574391032112659
896,4.641254313355458
897,4.78855731963934
898,4.971130734432206
899,5.05038158037092
900,4.349715921786452
901,3.6350542740106166
902,3.5442029637699357
903,3.4464912618124393
904,3.167016942502206
905,3.1654606957685396
906,3.2714566974443007
907,3.4082488984855743
908,3.3164984707417577
909,3.369588340948783
910,3.3214350450785273
911,3.5336176521222815
912,3.341025315689846
913,3.1832048443906014
914,3.2389626909003733
915,3.2159816757127726
916,3.293073182856623
917,3.184023296201807
918,3.192616816290082
919,3.187792590156328
920,3.190883684874465
921,3.1768808938326325
922,3.171109969062466
923,2.9699083826339794
924,3.101391923352955
925,3.0971214156375884
926,3.1241840731848662
927,3.0378777389257032
928,3.110987471804449
929,3.1770938812608764
930,3.288974310690114
931,3.43377167948555
932,3.4567421718116127
933,3.438662842027454
934,3.500716368847138
935,4.306556440228993
936,3.563543694702464
937,4.363559175425215
938,3.7107040198804677
939,3.4791496178938375
940,3.4340049570164397
941,3.5649762362526736
942,3.4829243189831653
943,3.398591288460682
944,3.351321321139705
945,3.2870244495874053
946,3.2223235379079127
947,3.204439857546479
948,3.145422403160518
949,3.137157223072106
950,3.22741236874644
951,3.0571824007437503
952,3.1165526352240325
953,3.1939333209314964
954,4.518938716406189
955,3.4709348124648454
956,4.134630502057698
957,3.7310588105867275
958,3.490516956736239
959,3.417830477446319
960,3.2774405215897207
961,3.214245406219631
962,3.230669951016883
963,3.291980561913398
964,3.25851113183991
965,3.218978269192673
966,3.2983917024178724
967,3.107890207427051
968,4.754971244733938
969,3.364538934899277
970,3.3533057371428407
971,2.923321962757372
972,2.895953979758847
973,2.9641482633181435
974,2.9020721630401507
975,2.9581365486448994
976,2.805168887066665
977,2.658006458172115
978,2.874974335083361
979,2.5536028829603503
980,2.5660727356783237
981,2.1642743391712815
982,2.2909334659984135
983,2.164644959190898
984,2.3004212642103252
985,2.131423307087175
986,1.928927722782666
987,1.9120625274580956
988,1.9257776612686142
989,1.8754219754387085
990,2.215481644713577
991,2.771350547542167
992,2.071795402789835
993,1.8265425196664355
994,1.853880605392076
995,1.7803620521828785
996,1.6585455512168434
997,1.6272877181448357
998,2.006365137251504
999,1.5373593552985703
1000,1.643117774493923
1001,1.791417946643953
1002,2.074668141728305
1003,1.8473022431601807
1004,1.8737154637407432
1005,1.8506593002207874
1006,1.9083095250088895
1007,1.9273568751512353
1008,1.900664502069172
1009,1.924751275073926
1010,1.9982343833045157
1011,2.212553195751038
1012,2.5863664781811813
1013,2.778549464883285
1014,2.819665902595198
1015,2.77674103162516
1016,2.594640447793304
1017,2.200994657329216
1018,2.6223353292848675
1019,2.2586951028335154
1020,2.0497500737468157
1021,2.1906039133243884
1022,2.280652044835984
1023,2.2579697319024166
1024,2.709115576870192
1025,2.137086567954245
1026,2.4202438129045025
1027,2.4190599320538815
1028,2.484945833599486
1029,2.486917433674498
1030,2.4067211118744782
1031,2.0984789156527426
1032,2.0523534672018475
1033,2.188154871341968
1034,2.297619514371859
1035,1.9414622124674148
1036,2.0737251734929947
1037,2.3425004342199682
1038,2.15074171534058
1039,2.4057521929866312
1040,2.4185725057328047
1041,2.4313151101600026
1042,2.658389106143673
1043,2.8838293002877484
1044,2.8253793536514813
1045,3.1456634362666818
1046,3.3579861820040495
1047,3.105052182016226
1048,3.4647535613704936
1049,3.5074413650833773
1050,3.860729659566479
1051,3.8125278886564344
1052,3.784925348313559
1053,3.7904903255149405
1054,3.7599614296945956
1055,3.7269660307775268
1056,3.1371470793282685
1057,3.44056532691453
1058,3.4362411606112278
1059,3.3741589595903774
1060,3.3635449368610373
1061,3.3731957380335755
1062,3.363367853226958
1063,3.2616805277238607
1064,3.2600012650180457
1065,3.177705382917801
1066,3.1615083699152753
1067,2.9351204119513006
1068,2.82075768553104
1069,2.72158503624546
1070,2.62187995629981
1071,2.3975971062769084
1072,2.5007552178043184
1073,2.274630758324661
1074,2.591594214950156
1075,2.3035670222000126
1076,2.18800646078287
1077,2.5580594395397585
1078,1.9984371476096379
1079,2.075243560301302
1080,2.072186421058964
1081,2.324612363459668
1082,2.2535237175441347
1083,1.9665309094422574
1084,2.082743599358707
1085,1.9990710503503344
1086,2.50781210012411
1087,2.581906767409627
1088,2.6219907842549692
1089,2.483665771316819
1090,2.4545734696977686
1091,2.6674719975244274
1092,2.253889460148344
1093,2.8734161619740903
1094,2.8439061337884026
1095,2.6761658202340275
1096,2.601309557034304
1097,2.63073631514873
1098,3.708000994926037
1099,3.5743437286231377
1100,3.5203194264190314
1101,2.932721365407449
1102,2.9690769984676986
1103,2.907221989809431
1104,2.8535285295362143
1105,2.7602447997042203
1106,2.853930621682469
1107,3.160390256725188
1108,3.440361785672084
1109,3.3838142331469263
1110,3.4011525148027912
1111,3.5028937894819077
1112,3.523889711677357
1113,3.500681455095455
1114,3.5406739222709556
1115,4.356482125638003
1116,4.445615467031824
1117,4.56688257982573
1118,3.6685061188791597
1119,3.3116984106003358
1120,3.274096706247084
1121,3.129740541986329
1122,3.0324614751651784
1123,2.8256751680574403
1124,2.7920741739671735
1125,2.6585039961585486
1126,2.607995532009899
1127,2.4775930160376354
1128,2.457984840856706
1129,2.4791551050577922
1130,2.1714284996375546
1131,2.2665057194866614
1132,2.4354166845580885
1133,2.539589561385341
1134,2.5518285454267087
1135,2.4968724151951722
1136,2.676733462969041
1137,2.7569256349807465
1138,2.7597754191533093
1139,2.7470702773802067
1140,2.8726397595040254
1141,3.1969321917078783
1142,2.8867342707426866
1143,2.919540318047606
1144,2.8599978209834536
1145,3.6242666796754133
1146,3.39133428022031
1147,3.0341184303307407
1148,3.3897174558555023
1149,3.3985958751044385
1150,3.3669107190412237
1151,3.3331397963561336
1152,3.3044631105366564
1153,3.1793555955389348
1154,3.2999315907726463
1155,3.2886945195503783
1156,3.080950953350388
1157,3.098422082074874
1158,3.01495476469099
1159,3.140078436487615
1160,2.8520655999934363
1161,2.9711097897055154
1162,2.990789604996014
1163,2.9694413389918326
1164,3.1571398476492702
1165,3.0291532830771937
1166,2.8007216996385127
1167,2.960700460142
1168,2.667614059469591
1169,2.771335979934047
1170,2.87154570644233
1171,2.7900167195646164
1172,2.769993682023116
1173,2.8121469179035063
1174,2.995957436849543
1175,2.8688038578393082
1176,2.8091471007831585
1177,2.733734203047841
1178,2.7130372734329935
1179,2.566081731605052
1180,2.6319136871458264
1181,2.6655473338879356
1182,2.635031136936634
1183,2.744954633759569
1184,2.882393503693495
1185,3.3129837990628563
1186,3.3367520942884035
1187,3.2670803418601237
1188,3.304456692941527
1189,3.266575365251011
1190,3.321076810930149
1191,3.3659887453734028
1192,3.466559607877152
1193,3.463798273830188
1194,3.4754509527886452
1195,3.617507144760909
1196,3.2785906054630765
1197,3.0562494988031164
1198,3.798614383658997
1199,3.1275653337856504
1200,3.556295234360119
1201,3.250927939439386
1202,3.2187346717425176
1203,3.2459101459528235
1204,3.3160682228899905
1205,3.233595534081639
1206,3.1956996885795306
1207,3.3227338141773064
1208,3.5282198140087413
1209,3.569533106378728
1210,3.493198489679647
1211,3.4635016225624358
1212,3.359255802345321
1213,3.332496029120209
1214,3.223119999352469
1215,3.170730434393513
1216,3.253523017373801
1217,3.081153007610461
1218,3.2299785127593297
1219,2.7315394359709795
1220,2.914008172377685
1221,2.922929771477755
1222,3.069724251399851
1223,3.171154221843149
1224,3.2762455293650476
1225,3.2937937040664953
1226,3.88966855936326
1227,4.312625565425794
1228,4.5143658605287875
1229,4.662588890172549
1230,4.360821282897112
1231,3.5503675754382034
1232,3.520879128296989
1233,3.494232887304164
1234,3.073438615070999
1235,3.009886024600023
1236,3.0154213913008268
1237,3.006774635068286
1238,2.917570295436496
1239,2.9755064869956374
1240,2.9919722875214467
1241,2.9626641438253385
1242,3.488523389268241
1243,3.697863097401665
1244,4.493349887302225
1245,4.461614978799492
1246,3.0363062871693844
1247,3.3176801237863804
1248,3.2307501658353064
1249,3.1043865767772183
1250,2.959146070802695
1251,2.819052758907941
1252,3.002979985320153
1253,3.1874395098800825
1254,3.0881412552799556
1255,3.1220592072531312
1256,3.2400375287589784
1257,2.980632357672618
1258,3.2574780336581637
1259,3.0031022043740774
1260,2.9680814480705338
1261,2.848851323077553
1262,2.8053437961427896
1263,2.7910693691367707
1264,2.7938136832504425
1265,2.780207857103024
1266,3.3090419064319927
1267,2.654840298674231
1268,2.9592771200121955
1269,3.219131406199368
1270,3.324660817646861
1271,3.2022797244553063
1272,2.754033442047184
1273,3.132107453747178
1274,3.207258000316641
1275,3.2478421498462713
1276,3.392294302700161
1277,3.558053621652362
1278,3.435394994138699
1279,3.4679629176393028
1280,3.498878409294786
1281,3.458927639683095
1282,4.699711142113554
1283,4.9313769498889135
1284,6.7687561496450925
1285,6.987692786305902
1286,6.971701077823262
1287,7.068234059579787
1288,6.65517804416558
1289,6.1658147522553035
1290,6.7587077247549505
1291,6.396084392152592
1292,6.2034017416272045
1293,5.615354298766205
1294,5.284599007791557
1295,4.763650286336395
1296,5.441698434465094
1297,4.765026767126598
1298,4.813907417123563
1299,4.548464895451966
1300,4.397665269582439
1301,3.7370607043736705
1302,3.5075855419882007
1303,3.360659021943394
1304,3.890764110552656
1305,3.7283291085264816
1306,3.7541008311583592
1307,3.1592967748861445
1308,3.029978583851268
1309,3.752364135195794
1310,3.2584990711376642
1311,3.263085900747852
1312,4.217282146026106
1313,4.6179330662698295
1314,4.660658462506941
1315,4.6996963495299555
1316,4.698195060991338
1317,7.056527530644262
1318,7.031218824139673
1319,7.155108519601321
1320,7.252131112132938
1321,7.197188444513736
1322,7.185184963509885
1323,7.197188444513736
1324,5.636975066574306
1325,5.295329272066872
1326,6.852033769735531
1327,5.2552829150750755
1328,5.039489565980197
1329,4.8121763050149235
1330,4.930807264902919
1331,4.626792797252368
1332,3.7820359883653025
1333,3.6613918231203804
1334,3.54236263333314
1335,3.352565754587446
1336,3.363113834817475
1337,3.210015773786861
1338,3.338693275017469
1339,3.287087085211939
1340,4.669998782994395
1341,4.3447092221387456
1342,4.631864750907436
1343,4.972411176516035
1344,4.970145348330836
1345,4.809777516678332
1346,4.955904001808759
1347,4.512552702242967
1348,4.880138489480292
1349,5.552764625613146
1350,7.13010810684652
1351,7.122857007917684
1352,7.063346503555963
1353,6.541613606735733
1354,6.773537771325179
1355,7.005041460194227
1356,6.703543952617782
1357,6.2196752569104605
1358,6.611101426712094
1359,6.399962916939169
1360,5.82389074482191
1361,5.9871294170884
1362,5.982461993235392
1363,6.001020392101484
1364,5.986157567557055
1365,5.973211277735766
1366,5.967599168690964
1367,5.967599168690964
1368,5.63116448502562
1369,5.808523621142652
1370,5.63116448502562
1371,5.531115564333075
1372,4.746625479927632
1373,4.760662132516301
1374,5.4127655151482275
1375,4.723374165026569
1376,4.656124159285797
1377,4.7292000697836185
1378,4.765935501225118
1379,4.484367913434465
1380,4.458317761831681
1381,4.443167866822284
1382,4.421797521373814
1383,4.410374291825584
1384,4.362218315617883
1385,4.411217548814096
1386,4.40629457850651
1387,4.36351229770909
1388,4.388669498016751
1389,3.870557348521678
1390,3.5129531014056896
1391,3.3472857551442967
1392,3.6995903719659857
1393,4.698558511072642
1394,3.8344760938091937
1395,3.8494111260988846
1396,3.4631307890915917
1397,3.5253276029368896
1398,3.3274332054711513
1399,3.32347036455863
1400,3.3133590335639647
1401,3.313914070577034
1402,3.2690542085691394
1403,3.3632386992482237
1404,3.3661669068542617
1405,3.376922072382536
1406,3.647284980956364
1407,3.6120765364519754
1408,3.268054259384789
1409,3.1249699523826284
1410,3.068729319810339
1411,3.066169734947763
1412,2.9985175271861304
1413,2.9330708322281867
1414,2.9106063745916613
1415,2.7941952875120006
1416,2.8787589727956
1417,2.8579655738824292
1418,2.8472981047030363
1419,2.60742357834481
1420,2.5918149152326664
1421,2.525578709898756
1422,2.516805253043094
1423,2.4566614961925013
1424,2.491371912449006
1425,2.4957124293606636
1426,2.196047045597576
1427,2.3427486072762282
1428,2.1997848069599955
1429,2.308292774611444
1430,2.1068210159798197
1431,2.3232568495989874
1432,2.297311735245961
1433,2.417596445650989
1434,2.479990609890845
1435,3.9736462103167525
1436,4.071689121175648
1437,3.6912615185300317
1438,3.6763345344015805
1439,4.627668060096436
1440,3.946507748198721
1441,3.8239520693975932
1442,3.3138636805953214
1443,3.12906759370865
1444,4.334485529171269
1445,3.1246969281768084
1446,4.665480705984042
1447,4.402067518428479
1448,4.648031363228642
1449,4.976843988246795
1450,4.257039321868838
1451,3.6430585124194708
1452,3.5790364792231624
1453,4.08022158430754
1454,5.2520923728302344
1455,5.254998996194273
1456,5.044605121271659
1457,5.190441843334521
1458,5.062317491286836
1459,5.019028623358029
1460,5.032795716155578
1461,5.364130294561391
1462,5.490117482042047
1463,5.590026999521077
1464,5.5108435458956135
1465,4.757911516666298
1466,4.616714177265551
1467,4.231079423395535
1468,4.558398366781417
1469,4.343212140754506
1470,4.300284536733532
1471,3.5249000667560697
1472,4.243696594366815
1473,4.469810992464167
1474,4.340574895427507
1475,4.331232521574365
1476,3.954717313236787
1477,3.4335818590289158
1478,3.3291345774495764
1479,2.942274563604355
1480,2.97306067085067
1481,3.005607079223891
1482,2.761218549364891
1483,2.6233829993814695
1484,2.811180599533496
1485,2.5317609013728783
1486,2.384637913731695
1487,2.1627948242871335
1488,2.1965596536352776
1489,2.1061906751251556
1490,2.0830003012813725
1491,1.983671840520086
1492,2.563434156467221
1493,2.7376160307708357
1494,1.9591566867863446
1495,3.034825766345656
1496,3.0562597212083
1497,3.3295329981489727
1498,4.265152387824163
1499,4.53560082671087
1500,4.999262322729853
1501,4.609818207973497
1502,4.7344948889764185
1503,4.551600375519654
1504,4.504547632438227
1505,4.628989531141269
1506,4.58324688238157
1507,4.700456190705145
1508,4.599567509119698
1509,4.653231081352562
1510,4.5658205499586275
1511,4.364797321878983
1512,4.594101857643806
1513,4.544013267599182
1514,4.0197540570593295
1515,3.762282533205284
1516,3.54473836589317
1517,3.459778837330642
1518,3.4676182311902033
1519,3.46742487071839
1520,3.432884116244975
1521,3.3990084172079635
1522,3.4442899445264326
1523,3.4386495854194874
1524,3.2126261063236696
1525,3.3466399141346743
1526,3.247570964889841
1527,3.2760021072882504
1528,3.325314987573131
1529,3.1491233662009925
1530,3.1110406673373943
1531,3.1279847898646187
1532,3.1244742423255656
1533,3.1184893906109847
1534,3.1212979824639504
1535,3.3360613115831286
1536,3.188046863777608
1537,3.168995586330712
1538,3.1433263500609896
1539,3.0275748545296337
1540,2.9460018116028053
1541,2.936510279669918
1542,2.8808314021820265
1543,2.780576319805505
1544,2.721862389190009
1545,2.651135661034256
1546,2.599901489275048
1547,2.592669427948657
1548,2.5728541299970966
1549,2.5556610107623072
1550,2.199832096707433
1551,2.516973150229761
1552,2.535513498899442
1553,2.1646055349198243
1554,2.2472318244010308
1555,2.066392005372462
1556,2.287958381016701
1557,2.0332051746450612
1558,2.4400767868490463
1559,1.9625800424289266
1560,2.0070161065725833
1561,1.9808571819665584
1562,1.804505916515819
1563,1.9722280036596112
1564,2.024012007292924
1565,2.1072231524831153
1566,2.3179902426284826
1567,2.3927496826840846
1568,2.447537886160345
1569,2.5889234401986667
1570,2.495389985532568
1571,2.495658606890443
1572,2.46086875534861
1573,2.581901073728335
1574,2.613548363612013
1575,2.5225908178613237
1576,2.4733065056468404
1577,2.75763015945711
1578,2.606510567723948
1579,2.8621919435991434
1580,2.4505566515706323
1581,2.3671882463690146
1582,2.386398579466931
1583,2.299029195671081
1584,2.307398121111387
1585,2.0557302248501896
1586,1.8759812805079847
1587,1.8607980062309508
1588,1.760875250614315
1589,1.806070029312447
1590,1.7626886919483462
1591,1.7072753828660512
1592,2.15162628890208
1593,2.3263606898953006
1594,2.5478610161295387
1595,3.1478907427556813
1596,3.4843907366518363
1597,3.505275509785385
1598,4.7351181092901955
1599,4.733237807249492
1600,3.424973099495129
1601,3.148902145690546
1602,2.641967880384976
1603,2.6658381784617693
1604,2.6526206355959596
1605,2.674510874977849
1606,2.7296433925730543
1607,2.748884219239053
1608,2.686140583829169
1609,2.6207890000111216
1610,2.3692557229236737
1611,2.420005537691314
1612,2.458924019573475
1613,2.5409297362876884
1614,2.347158191294974
1615,2.3580720518773743
1616,2.468301243796556
1617,2.4583126857448723
1618,2.3827132526738177
1619,2.4894368985295103
1620,2.567905194816096
1621,2.7257206196042714
1622,2.6079909380254054
1623,2.929603427190088
1624,2.832453767362515
1625,3.52896650699189
1626,3.558625094095248
1627,3.540021491715057
1628,3.5549598377136813
1629,3.6029948486211567
1630,3.564920380191009
1631,3.5316530281274385
1632,3.480975414574259
1633,3.4899056295883923
1634,3.258862331807663
1635,3.423583257056593
1636,3.0085585226274736
1637,2.9745284231843003
1638,2.9769828296611136
1639,2.955200167671864
1640,3.2429843023350458
1641,3.2346989481277775
1642,3.1463717876702613
1643,3.516800665159864
1644,3.5426859079221757
1645,3.5696080309073706
1646,3.4002740693256257
1647,3.4514232121523043
1648,2.7494404020411687
1649,3.178656588519105
1650,2.8676347102680575
1651,2.7949843493110262
1652,4.244362697077926
1653,4.061565037453241
1654,4.336771727762699
1655,4.060165339508538
1656,4.4544696950382745
1657,4.263624620265411
1658,3.3280899664355332
1659,3.862138759072689
1660,3.980269040656049
1661,3.1875089629817532
1662,3.03246169432449
1663,2.7827760151066974
1664,2.7123673829842967
1665,2.65263726368675
1666,2.1986544215156654
1667,2.219046096855972
1668,2.0155390304345273
1669,2.0470960665551847
1670,1.966921182705446
1671,1.8833435293838052
1672,1.7891757070316583
1673,1.8057087821198754
1674,1.804645586032061
1675,1.8131155461019877
1676,2.474037764909177
1677,2.634689712034904
1678,2.4787319203516103
1679,2.896701996246796
1680,3.155343768325623
1681,2.4722457264536075
1682,2.5510429914923134
1683,2.4861816098087104
1684,1.951011807807192
1685,2.059741953548181
1686,1.8729677558486262
1687,1.8699231617150822
1688,2.194123513355478
1689,2.1765335691649534
1690,2.354094437958403
1691,2.189396186013058
1692,2.1616182152320245
1693,2.694148383115247
1694,3.228199085486808
1695,3.36910984154067
1696,3.5198442611208933
1697,3.624611484861433
1698,3.714911636131552
1699,3.9818488396178857
1700,4.171332694121667
1701,4.247546956227845
1702,4.451749878578116
1703,4.42773953223385
1704,4.262194368696419
1705,4.436666905282693
1706,3.984170669483991
1707,3.8708558809790143
1708,3.923283957173841
1709,3.7613043569344944
1710,3.0445179077058815
1711,3.0195174881986695
1712,2.9484229228269396
1713,2.637455141243441
1714,2.6978490021498316
1715,2.7411875927856193
1716,2.9151614068986413
1717,3.412576184885078
1718,2.9806836781399157
1719,3.47672405600509
1720,3.357148932396485
1721,3.284443255648861
1722,3.2368403960164973
1723,3.270746984240952
1724,3.280430375064562
1725,3.9216406671911184
1726,3.084103890909529
1727,3.1966852415329847
1728,4.184023180166974
1729,4.161881672359167
1730,4.533245992188694
1731,4.79134947610034
1732,4.7301810910849795
1733,5.004096297399462
1734,5.338650000596144
1735,4.767563628693245
1736,4.617502767143284
1737,4.549017020386193
1738,4.530557580961025
1739,4.328944888084397
1740,4.37790061873146
1741,4.00680309632946
1742,3.8662903149439685
1743,3.9647228107933836
1744,3.915269171498987
1745,3.8307938109801296
