,0
0,2.843651215150719
1,2.8327580958016068
2,3.1748738140462054
3,3.3002934293895954
4,2.860095901859635
5,2.850804931320397
6,2.864628674029815
7,2.8382191932364904
8,2.8500852595714705
9,2.8435413057018537
10,2.8497569578649915
11,2.8356504888887533
12,3.025951675720697
13,2.885902626145169
14,2.834248767709569
15,2.447136216182214
16,2.4980610182135394
17,2.6459722605965155
18,2.6507713827612434
19,2.7844991821787435
20,2.660252561240515
21,2.7048470381763594
22,2.7953236668311194
23,2.7802748215721134
24,2.6296632399852498
25,3.1440703745173955
26,2.653585201447751
27,2.7282575176047046
28,2.2802836341485238
29,2.396575607730699
30,2.4672069839782336
31,2.3826049781352916
32,2.3589115543839285
33,2.2795203859771216
34,2.307346741106788
35,2.7257334552086188
36,2.2900954928550172
37,2.3880058861772793
38,2.490619011260148
39,2.6462030690533926
40,2.892040504420178
41,2.5028970719842323
42,2.363693877734301
43,1.9885794451640488
44,1.9187082766036765
45,1.8969910422097664
46,1.8402849266506143
47,1.8724573541098202
48,1.88231705591202
49,1.8820547410066515
50,1.9232028351311201
51,2.3257508339089212
52,1.944173275133443
53,2.0665126554819433
54,1.955250998769183
55,2.3412810796477324
56,2.36496556092802
57,2.27141572174786
58,2.267948560164875
59,2.4071355575577518
60,2.3775987298382466
61,2.085298895477164
62,1.9474215895194091
63,2.0525190938646416
64,2.0574178684650337
65,2.1721704097355357
66,2.5352428761796966
67,2.0722504154404
68,2.05751918878278
69,2.0662692630506863
70,2.0558790422238733
71,1.7731804620706955
72,2.083460119462365
73,1.852532589008697
74,1.997787743290146
75,2.1102840808487127
76,2.4027545346371157
77,2.0526158394912573
78,1.9530926434903093
79,2.045578954168301
80,2.05704905072346
81,2.3925071186850406
82,2.2063296778357033
83,2.1515876838173438
84,2.3242672568100007
85,2.504169625128997
86,2.4117596590148764
87,2.7119030779783264
88,2.5499215806894227
89,2.31876039335883
90,2.353641410493591
91,2.3872507935379046
92,1.99786551900057
93,1.8921635930894947
94,1.7911719707946803
95,1.85950595715384
96,1.9055708043039448
97,1.8906172448091336
98,2.123863784842767
99,2.2680323614603624
100,2.3877088976892726
101,2.612363863670202
102,2.7129707723782985
103,2.251970371759009
104,2.388075730905318
105,2.110725542718348
106,2.381547078479419
107,2.2895469782247
108,2.121067220817612
109,2.4441041542049904
110,2.871228427312194
111,2.871237541967761
112,2.9579958252259857
113,2.6496924808084246
114,2.7074704913556156
115,2.4885506000458384
116,2.237567466012919
117,2.267558717805625
118,2.1109036030152626
119,1.9689646538288863
120,1.9709685068518146
121,1.8478702226984953
122,1.9164593836572772
123,2.336457029830025
124,2.587469664735347
125,2.4381018200095017
126,2.1990314434764624
127,2.4400053858456716
128,2.2081250902403875
129,2.124519380912993
130,1.9420218047385305
131,1.7805751285412375
132,1.8156007762851565
133,1.845024883240416
134,1.8245144535209616
135,1.8173707920990485
136,1.8904677922822037
137,1.93696282103437
138,1.8324332821594207
139,1.725326129402492
140,1.895285009424188
141,2.1089839990581316
142,2.102877372513224
143,1.9884707934765504
144,2.237453477072975
145,2.345501947809834
146,2.4282969733412747
147,2.3756823584007227
148,2.2357874517491236
149,2.4414057421692106
150,2.1439595389032364
151,2.1304045980607733
152,2.1588665289931486
153,2.31830407799532
154,2.3314242196853936
155,2.466809080693596
156,2.6596376888565216
157,3.3823194198938453
158,3.444369898559381
159,4.064573944414195
160,4.268172593205258
161,4.486768944760075
162,4.919360099528802
163,4.930560092700618
164,5.166956180856227
165,5.1669340184812675
166,5.1877146797776
167,5.100911608918827
168,5.324092985047895
169,5.328361370565623
170,5.143703466137324
171,5.067094360313659
172,5.028435524342804
173,4.895399854023273
174,5.066538741599386
175,4.713199404221665
176,5.0754190772000785
177,4.750254421672152
178,4.897807448743249
179,4.640163466379974
180,4.728560778216888
181,5.197677735715116
182,4.637881702789013
183,4.357994250567123
184,4.107429789833387
185,4.082105216887522
186,3.744525092983743
187,3.592521538737156
188,3.4569715549402975
189,3.4538010968239443
190,3.4502252209590862
191,3.4793000265327603
192,3.6306323614906173
193,3.7461877599051663
194,3.69154079955062
195,3.4367273666445244
196,3.335971034174522
197,3.24561951467969
198,3.3013183891129154
199,2.9327845934861636
200,2.8589501920017164
201,2.8741237412224296
202,2.7791432340917073
203,2.7794453759695488
204,2.7567262902955303
205,2.657217508102585
206,2.665231561876235
207,2.655555022303012
208,2.745613062774421
209,2.7772597926858316
210,2.644900445145343
211,2.4197033276761384
212,2.546751729977357
213,2.4555886275799685
214,2.3903951213676367
215,2.250185615666414
216,2.1579474435813633
217,2.267970285870039
218,2.144086724235476
219,2.137360648688614
220,2.130590166431554
221,2.525765271659418
222,2.378216730759533
223,2.378008004122198
224,2.1190264334428015
225,2.2107721776908713
226,1.9249040674300488
227,2.1387905037901986
228,1.9865113649327149
229,1.7742573538948332
230,1.8576444506043976
231,1.7733681472482965
232,1.7723081670143823
233,1.7153181333563903
234,1.656362057444699
235,1.5833683838423016
236,1.5565124399631332
237,1.5528018829419297
238,1.4793415768405842
239,1.4263468685488874
240,1.3831584708594764
241,1.3187099485331486
242,1.308696667968666
243,1.2268009057805944
244,1.1663334819758253
245,1.1784371939088725
246,1.2362105271783117
247,1.1489784269556327
248,1.147447431739199
249,1.1139514009688507
250,1.2265041406974062
251,1.3190681103377995
252,1.241101406091156
253,1.1035672175690674
254,1.14177274545392
255,1.1158892240620102
256,1.2016911017893281
257,1.1424333272458684
258,1.2287008019431125
259,1.1638859617367963
260,1.3699040643268252
261,1.378266051441116
262,1.4039409937180694
263,1.390334497463361
264,1.5686797392954446
265,1.5883422195895571
266,1.6597079071079113
267,1.7921271045111156
268,1.7587461264603272
269,1.8604273374917435
270,1.7605710424927634
271,1.7888111927792718
272,1.7112378669881205
273,1.6677684690115637
274,1.7051094853509858
275,1.919802715525651
276,1.919706134817701
277,1.8846081234849683
278,2.209039618220771
279,2.3445980027140876
280,3.1906703694922594
281,2.628697384670957
282,2.521794774235145
283,2.526879950879433
284,3.4586904027891316
285,3.2717080920498884
286,3.1515058759067114
287,3.304338931551197
288,3.30247917587709
289,3.0093820639857944
290,3.25018194743978
291,2.9929392359852747
292,3.2370380485297843
293,3.2269835270192946
294,3.213676717654117
295,2.830509847317729
296,3.1646849360061386
297,3.1774524736915213
298,2.9595981131613196
299,3.7424965203462732
300,2.989665782627929
301,3.1585596306448482
302,2.991267874977611
303,3.144928377337901
304,2.944896250470766
305,2.6781834424688027
306,2.611217603980822
307,2.2302536720783923
308,2.193482526526014
309,2.1245117123473576
310,2.3384174331992367
311,2.139534865032912
312,2.1966699971695456
313,1.963851459104783
314,2.0883537566450143
315,1.9561183453040554
316,2.084658046295429
317,1.9358021016715066
318,1.8025273008941818
319,1.8507752688840364
320,1.8458731158948536
321,1.7335450197699933
322,1.7041849949307721
323,1.7206491838683653
324,1.6181871351412735
325,1.6580235942505372
326,1.6586486996029934
327,1.4969217129686894
328,1.3908739532417076
329,1.2966564707519317
330,1.1587306114769862
331,1.1829818865134971
332,1.0998666096671634
333,1.066106151056062
334,1.0737721783741028
335,1.0457588606708696
336,0.9462481474034887
337,0.9322759309179885
338,0.9424776138031227
339,1.0023179755994938
340,1.0021528124221228
341,0.9834041766791061
342,0.9076443833053969
343,0.9061552871319294
344,1.0170855696525598
345,0.9129242926487189
346,0.9466673336009036
347,0.9103183059445423
348,0.9012611810214549
349,0.8092269456701472
350,0.8372213814139365
351,0.8744385253472338
352,0.851670284911294
353,0.8661758609694545
354,0.8798279824845452
355,0.9085496886231273
356,0.938535917111898
357,0.9136465396582334
358,0.9027885731867753
359,0.9169963741518588
360,0.9872330764649222
361,1.1090306011767899
362,1.097371670452179
363,1.1096467268691417
364,0.9816686373596215
365,0.9235366728695413
366,1.0039563806519405
367,0.9832099048379631
368,1.0983886474116942
369,1.3040654540200007
370,1.3334907998043593
371,1.315714420255769
372,1.3966848075017275
373,1.372011632212798
374,1.2889245591688343
375,1.3883282710785976
376,1.2661522363131743
377,1.272679690416229
378,1.2525126251950651
379,1.2787059235370566
380,1.2510124143703645
381,1.2725278819307775
382,1.2324690460606456
383,1.442993076249136
384,1.3019572745540955
385,1.2457020248289123
386,1.27103325665944
387,1.2344623175050495
388,1.2328013592042129
389,1.2756681424956589
390,1.2864260405890633
391,1.2829386652428048
392,1.2290957136075138
393,1.1367900672549982
394,1.2163055753364314
395,1.023162084660849
396,1.0485676901761536
397,0.9946469448902991
398,0.9448845566874547
399,0.911446330806036
400,0.9451621138727089
401,0.9380965857306238
402,0.8965305397711615
403,0.925522349984637
404,0.8835853774910318
405,0.9169359533698295
406,0.9408275506085271
407,1.1092145139206797
408,1.2440267136534702
409,1.2342157162521001
410,1.5095290705592532
411,1.7671707355835806
412,1.7845442172838777
413,1.6155093614503482
414,2.2451545201734353
415,2.180691084233372
416,2.3790346613216897
417,2.318318925042787
418,2.6083592760382164
419,2.5999016364311696
420,2.5322527281473826
421,2.580297197599002
422,2.6780397892663474
423,2.9508859877652633
424,3.017171921014616
425,3.018759040452071
426,3.7104583684408747
427,4.008913703664968
428,4.030411257375564
429,4.010847284061222
430,3.8899670003326587
431,3.8585231757127123
432,4.0910473957957425
433,4.071386329083961
434,3.8143733864910208
435,3.8490606394080578
436,3.7635972478322715
437,3.8666057503653177
438,4.5293529124867495
439,4.632340726837981
440,4.55922936353317
441,4.224027431626807
442,3.86270923139411
443,3.80591174347507
444,3.677946857750978
445,3.722370881206408
446,3.953430361354309
447,4.086690875191223
448,3.9982081571609487
449,4.064298533811101
450,4.080221127535131
451,4.088105253242201
452,4.0715240334405465
453,3.946035824704347
454,3.881075115634098
455,3.3124189757550675
456,3.577042539541363
457,3.7109352122915396
458,3.545119230167839
459,3.253568331457938
460,3.377197975957138
461,3.257720096961028
462,3.265610866212297
463,3.3666070972521998
464,3.8892109283248164
465,3.657383709927948
466,3.7386566312478338
467,3.803875011375647
468,3.957229826701553
469,2.952527317267418
470,3.2043026863783473
471,3.185848168229037
472,2.9189486367661894
473,2.657699980043007
474,2.8230257328037975
475,2.8224345233528783
476,2.8419971492445515
477,3.1213477189691416
478,3.1991010528101573
479,3.2070747054037807
480,2.926023138021126
481,2.8984052253516195
482,2.641650257091833
483,2.551430287363548
484,2.573342831158331
485,2.430193451029804
486,1.888067492549077
487,2.1217056825005756
488,1.953828903220113
489,2.20115608140648
490,1.932358525243469
491,1.9332986998231516
492,1.866281497123235
493,1.8024614938217955
494,1.842319359647321
495,1.770081887817449
496,1.4425141104243722
497,1.4274023359889376
498,1.4034843608132859
499,1.1673195166976877
500,1.2955015690453224
501,1.3194136284081492
502,1.3756837166759979
503,1.400847983133383
504,1.3691994003115364
505,1.6818115930474147
506,1.4849029953580628
507,1.3963453873062286
508,1.5284657359545104
509,1.3156402531260944
510,1.4174719862368963
511,1.5257318293227535
512,1.5363589277834944
513,1.655589402832183
514,1.5368193963681382
515,1.6466430431679677
516,1.7193584396075525
517,1.6999473544013783
518,1.7019574796596901
519,1.7234945583070005
520,1.6998692073141108
521,1.6731566888906748
522,1.7028633831801234
523,1.724614753015613
524,1.6744656689928636
525,1.9130305089740236
526,2.026819991510275
527,2.3004678445373656
528,2.2613327659018245
529,2.448280332756134
530,2.469912366548571
531,2.438235743696226
532,2.4949975963974134
533,2.4784706865717268
534,2.371795193816328
535,2.3871469998571744
536,2.5481532829306364
537,2.3737446102769217
538,2.537749130391618
539,2.3420958999674153
540,2.2925235762391805
541,2.082377312509961
542,2.0643661067751786
543,1.9630344099774046
544,1.9224597649986448
545,1.7923531979352183
546,1.641307852267161
547,1.5185335984180979
548,1.506148297717939
549,1.4988892936825124
550,1.491688550793613
551,1.4841690744102165
552,1.5385754064205452
553,1.6255672090757034
554,1.4637086570000637
555,1.4520800760127885
556,1.2671785865676672
557,1.3962300089515374
558,1.2124571603903918
559,1.1432166805683743
560,1.1254625499086843
561,1.1198783340069831
562,0.9861077976049727
563,1.055288819809263
564,0.9828782372023535
565,1.014849907937914
566,0.9925654449867366
567,1.0775937327896767
568,0.9916947936677454
569,1.1175545825263773
570,1.3859666733122031
571,1.3153655518513674
572,1.3707023656038924
573,1.378090479154169
574,1.4576645765650165
575,1.3625439793139404
576,1.322184322951297
577,1.3378973594122057
578,1.3939373014626741
579,1.577581778602105
580,1.6062084907448337
581,1.8121032842010218
582,1.8344688017087583
583,1.9435358735340544
584,1.6608173022770827
585,1.4631479936133327
586,1.4426655037916754
587,1.2413246950504329
588,1.2633887175754037
589,1.4461188861943335
590,1.2700925238360739
591,1.366908285848478
592,1.465722169808202
593,1.4197868450586069
594,1.6642558959761913
595,1.655016457782297
596,1.6724697520397267
597,1.5810045397135035
598,1.6455815830680978
599,1.546550367298432
600,1.4166343412704736
601,1.3953472531953721
602,1.3589846834788175
603,1.4420470706741484
604,1.5477520905421491
605,1.4350856977235995
606,1.4614498252206451
607,1.494868509183961
608,1.4430901203702968
609,1.3854070941536534
610,1.3834763787558932
611,1.6619485971112047
612,1.566030692062334
613,1.5126524123535974
614,1.6762116947760985
615,1.4831825995111447
616,1.4646966734343874
617,1.5715019765280245
618,1.4595606588706609
619,1.4578916533551087
620,1.4690921475252
621,1.5814964276750447
622,1.5873506293903985
623,1.5649339679509104
624,1.7047559298996207
625,1.6786693944103799
626,1.6685421952994877
627,1.630996383479729
628,1.578611176189294
629,1.3682266774588414
630,1.3952471648063438
631,1.4680454976918866
632,1.3955565706892477
633,1.3591359888807852
634,1.3074124614361107
635,1.2883386301746995
636,1.3432346752470934
637,1.2354623429996716
638,1.456806674946264
639,1.3978004132705208
640,1.4295295436051658
641,1.3250562944432938
642,1.199184387443099
643,1.0824599633453325
644,0.9196936689289943
645,0.919418438779229
646,0.8743746967062719
647,0.7969392567289652
648,0.794011234975316
649,0.8487798547060191
650,0.791890705198617
651,0.7837212199315411
652,0.7821016582998641
653,0.7464387646534911
654,0.7279494186473212
655,0.708943993404212
656,0.7534458138995617
657,0.7598689416609445
658,0.7190041126088789
659,0.6538833164396569
660,0.6504214623678846
661,0.6591188615744493
662,0.6597474148213429
663,0.6400197360041623
664,0.6249829131351012
665,0.5448398272262605
666,0.5425532349267406
667,0.5387094679461436
668,0.5351923259616302
669,0.5343519421457181
670,0.5343519421457181
671,0.5343519421457181
672,0.6394857493712127
673,0.9263816550780354
674,1.261211156032949
675,1.6109866979653713
676,1.9370497154167559
677,2.277858924631079
678,2.7139723680161576
679,3.127982766286536
680,3.122968402423277
681,3.0763329946310387
682,3.0636279187654814
683,3.4292004786088417
684,3.882470882197117
685,3.702466535684611
686,3.7082013846350153
687,3.7778067425863973
688,3.586096446898396
689,3.5950995986484533
690,3.214579082932328
691,3.153230885889966
692,3.082213099807142
693,2.678353510079438
694,2.5532602281946906
695,2.2813635005759347
696,1.9571932347235583
697,1.8640972950261072
698,1.8196400643819721
699,1.880401160188464
700,2.1100887433669064
701,2.0906403676733936
702,2.1188981915754113
703,2.077715325031895
704,2.0261235107178712
705,1.9471706870496746
706,2.0792985051845956
707,2.0248317924669292
708,2.1227000090833856
709,2.3001194485427576
710,2.118798982651498
711,1.9845324607728476
712,2.0784484997027026
713,1.9215664665368233
714,1.954557260852983
715,1.9224435820022745
716,1.8201328303245976
717,1.7472785837716
718,1.6184905202680688
719,1.694872232868134
720,1.5285163436162794
721,1.5827555653866883
722,1.4849354707293334
723,1.493340100536739
724,1.5108382429803482
725,1.518552910653021
726,1.4556140011575032
727,1.4266205668148255
728,1.3897678768120305
729,1.3709295551354037
730,1.3490526446519329
731,1.355271791752669
732,1.3452796145821957
733,1.4636943093420793
734,1.5690407440936818
735,1.5850265443483686
736,1.853804175336604
737,1.7904263932437157
738,2.059273083074272
739,2.06343712269035
740,2.4351980414784
741,2.6585986753978297
742,2.9866074411976333
743,2.618095793157159
744,3.02471420928111
745,2.9539060176573075
746,2.999435956408613
747,2.914470317881658
748,2.999752302759197
749,3.00768062090178
750,3.0007762622255534
751,2.9571594520234834
752,3.017485986744737
753,3.796987058832179
754,3.7713894884620265
755,3.826304637078496
756,3.85388780143323
757,3.694931232911844
758,3.5451759636310474
759,3.9471925061609947
760,4.106082814871905
761,4.001670899944285
762,3.7294728322373047
763,3.760916012231084
764,3.8376772718313146
765,3.8034333013147594
766,3.8079369997454493
767,3.730990222861613
768,3.8798288004373407
769,3.9744069420867154
770,3.9510142522888945
771,4.11202068999456
772,3.723519927253056
773,3.806765452545336
774,4.7873026998451245
775,3.747993943354818
776,3.6529799208586993
777,3.1844606488780527
778,2.8807782277102216
779,2.7467857374777322
780,2.514773278799581
781,2.399431339978957
782,2.2800889093510848
783,2.307498860266431
784,2.1634501978998206
785,1.9533899859681525
786,1.9120786097429014
787,1.9217385641496674
788,1.795222787329609
789,1.8671973213813504
790,1.8395330201114006
791,1.7203423518291308
792,1.6590441574584747
793,1.4107567766132247
794,1.425979594532317
795,1.3869452811411362
796,1.2848069998770735
797,1.2361158823124652
798,1.2548016823041774
799,1.167789311353508
800,1.1616538580982678
801,1.1399718879049148
802,1.118865380183061
803,1.0757640247089908
804,0.9717068978641241
805,1.0211616878117464
806,0.9354299310264378
807,0.9804191036089819
808,1.0945986451171277
809,1.362813647565328
810,1.3142027330269375
811,1.4778492487679487
812,1.4806838344896525
813,1.4327587331336893
814,1.5712264316417925
815,1.1998259487774612
816,1.0855662835568032
817,0.9600966626128605
818,0.9163092413649453
819,0.8592053691405368
820,0.8443002144236198
821,0.9962969216281953
822,0.8648357835322192
823,0.9927105267899916
824,1.08657528282109
825,1.2651898729704867
826,1.2308002286936992
827,1.4731534097371197
828,1.49499063524962
829,1.7168648156019706
830,1.8762057962150323
831,1.8661018754326535
832,1.8338503013098069
833,1.914067949633101
834,2.053743903069718
835,2.2795611819323875
836,2.08633500515987
837,2.512228482826296
838,2.3839938040387114
839,2.7781705878735954
840,3.0618204008494665
841,3.035321803376911
842,3.032557904049025
843,3.4265702821056987
844,3.4423459803998044
845,3.387053629353629
846,3.0290892234581266
847,2.979748738545678
848,2.9328180963258648
849,2.939857404838025
850,3.036544727153449
851,3.3562944919424647
852,3.238138974407683
853,3.362888022651368
854,3.2831710739155944
855,3.4420816878093565
856,3.1854153972097907
857,3.4527792074297845
858,3.794102432368888
859,3.866429464843012
860,3.8363201094460364
861,4.031836826480019
862,4.897766577170538
863,4.885425908213294
864,5.034220748785229
865,4.988428978896864
866,5.0156549945780435
867,4.4868085620501015
868,4.174488371730859
869,3.8476133585841206
870,3.7690632571230167
871,3.459697333925017
872,3.4415870952600063
873,3.450355142566015
874,3.3955108931836158
875,3.158755791415071
876,3.4215569413975535
877,2.999889455759554
878,2.994654777309699
879,2.992439994073424
880,3.266280537327651
881,2.96213201247981
882,2.979770503342127
883,2.91967931103157
884,2.8340509268033136
885,2.982502797003462
886,2.985832139897887
887,2.982504969098181
888,2.941529419822181
889,2.5548729629192346
890,2.351858533287589
891,2.386981519782009
892,2.0572359135028084
893,1.9378154582807037
894,1.8108489258912388
895,1.7745480572822812
896,1.6739292298967816
897,1.599448826256826
898,1.6248091433246739
899,1.603480006876721
900,1.4998411343372446
901,1.4547316887843198
902,1.5479696510561738
903,1.4744906729939535
904,1.3098831032274056
905,1.2461861005844719
906,1.4112873382413167
907,1.4476964861590118
908,1.4231382922807014
909,1.4631241318191035
910,1.4714876520104248
911,1.4850743949247587
912,1.5358594574587363
913,1.8326573826140677
914,2.0913615659006006
915,2.2970826167332894
916,2.336311638772804
917,2.343833429434171
918,2.077137902188684
919,2.39835430884095
920,2.260485400787472
921,2.3530072813217324
922,2.3715845883065128
923,2.2215362735745496
924,1.952761342795026
925,1.8588516378705264
926,1.7846304166088662
927,1.8516236424616006
928,2.24778952714249
929,2.3435431331464187
930,2.598666362329914
931,3.13947915628834
932,2.9071945508364125
933,2.713760263247523
934,2.941456162014287
935,3.311147073851882
936,3.2731720170374263
937,3.590922590515652
938,3.9117131528466405
939,3.951078508979064
940,3.9355711445627297
941,4.0045668951211075
942,4.170494694380949
943,3.9088783509629152
944,3.8450201077989843
945,3.4755696890193093
946,3.256266665489931
947,3.754940295332811
948,3.830946158763152
949,3.8640670674338478
950,3.983191582122496
951,4.1480264591129785
952,4.096551557437513
953,4.1330820310907335
954,4.324166024516995
955,4.105133989901432
956,3.715849626359653
957,3.735832991182583
958,3.9297133079086106
959,3.8424178618821596
960,3.504727408635843
961,3.457716123151055
962,3.947295468128768
963,3.882278212753914
964,4.072827176286948
965,4.828345482096622
966,4.362877776883005
967,4.287620446210934
968,4.214946123315873
969,4.251515021216483
970,3.8123945786112485
971,3.5477512026761766
972,3.4360883976295717
973,3.211258403589739
974,3.179992807872484
975,2.8968633201853264
976,3.3738608907750733
977,3.0817230913327727
978,3.23021888252092
979,3.4300834778725737
980,3.7364930469952693
981,4.0163244255340835
982,4.6215806827343116
983,5.150140876834003
984,5.354567852830031
985,5.364170428972047
986,5.163670084139935
987,5.110561477179757
988,5.041140024198968
989,4.59709424990354
990,4.284033467605133
991,4.615997725677792
992,4.584405839078764
993,4.942975753789491
994,4.531081313689686
995,4.507730359694188
996,4.658591681035699
997,4.417468646717815
998,4.1976596794479
999,4.161353374445118
1000,4.160374332950723
1001,3.8652031339799433
1002,3.7779589173042214
1003,3.9266074606096497
1004,3.381615549967381
1005,3.3613524367107983
1006,3.562746106908146
1007,4.004316014690685
1008,4.233698849168384
1009,4.217798132540048
1010,4.248676426347856
1011,3.91101755965203
1012,4.01005793884056
1013,3.8732278013453003
1014,3.7062221862052462
1015,3.417327994355834
1016,3.2937925745961576
1017,3.312824232682721
1018,2.9589388810499373
1019,3.2453076253001205
1020,3.2694291200484447
1021,2.9469010531919504
1022,3.1896784044079207
1023,2.9529219208721136
1024,2.9077627983343755
1025,3.172427876195908
1026,2.8902266136815475
1027,3.007874869329331
1028,2.9175958491758833
1029,2.8931310186618084
1030,2.6924639674645277
1031,2.2192076772245017
1032,2.4718213872817776
1033,2.224873692269324
1034,1.9782772022376045
1035,2.1010866939822805
1036,2.108038778034663
1037,1.9411518935042318
1038,2.0991342867202487
1039,2.086834852394071
1040,2.083602127959551
1041,1.9491737086352356
1042,1.8463697128269587
1043,1.824179976765902
1044,1.7925123244144814
1045,1.7867030121587004
1046,1.7623126098229414
1047,1.5957611351961514
1048,1.6212631432751192
1049,1.6786723140869189
1050,1.6649043856568546
1051,1.6772144362582324
1052,1.5700230804068518
1053,1.476175797422382
1054,1.580911950595369
1055,1.6033892351321162
1056,1.628443328019889
1057,1.4753023787795347
1058,1.5094815480806274
1059,1.5133391522707933
1060,1.471819194255236
1061,1.4282644018812074
1062,1.399742463762444
1063,1.2855192605123835
1064,1.376928827737624
1065,1.4030476233835656
1066,1.7621224415112955
1067,1.9191739881103307
1068,2.068083687760921
1069,2.2624650273637563
1070,2.2524856873421224
1071,3.141757478442488
1072,3.1470282922389483
1073,3.8512429456628565
1074,4.1535077970507235
1075,4.339468727496133
1076,4.711234402259127
1077,4.837240580833459
1078,4.911135582652123
1079,5.131243029403631
1080,4.894859722578531
1081,5.334682997701995
1082,4.919268974624633
1083,5.0117061800568266
1084,4.1733699037307055
1085,3.7733135311704067
1086,3.946243196158141
1087,4.175807333647587
1088,4.085108396238813
1089,4.23462403301492
1090,4.981216710823004
1091,5.039916185131165
1092,5.4839197613358515
1093,7.4371293421348525
1094,7.569276478286746
1095,6.797515638869798
1096,6.167517718590064
1097,5.492561633691985
1098,6.0643856683399715
1099,5.715587988911694
1100,4.984243598539194
1101,4.62257510438452
1102,4.938226900442619
1103,5.134887712772644
1104,5.015562721022093
1105,4.654098493906856
1106,4.5979653633034205
1107,4.92605808271082
1108,4.750430566466767
1109,4.9159444345345715
1110,4.6637600136348505
1111,4.4670377008354505
1112,4.206852396889555
1113,4.064586490283969
1114,3.8600624463173294
1115,4.068752210831034
1116,4.576737628743894
1117,4.441436875174567
1118,5.010672304411808
1119,4.8302318813628125
1120,4.695832604073591
1121,5.019492607000034
1122,4.716659349124114
1123,4.707614955661898
1124,4.713634928091174
1125,4.612936798927511
1126,4.358812162238171
1127,4.404044184942389
1128,5.092473893364713
1129,4.685714012235118
1130,4.811682260004673
1131,4.206565995226719
1132,4.933806147336279
1133,4.8085571729990955
1134,4.728765450506523
1135,4.881450985968297
1136,5.235878590480276
1137,5.271830825716949
1138,5.279609772666107
1139,5.373392092869315
1140,5.68343657088339
1141,5.262289583545022
1142,5.682470922102716
1143,5.973544128700643
1144,5.843753591727502
1145,5.686099427346256
1146,6.088666039919357
1147,6.082403183395738
1148,6.827792766070953
1149,6.705221773219763
1150,5.300101128663449
1151,5.920358635749146
1152,5.89301033199179
1153,6.1195565651753485
1154,5.902673921895275
1155,5.688877407086548
1156,5.705652993060274
1157,5.800063616333112
1158,6.035910151637637
1159,6.1737663250971035
1160,5.52298067949603
1161,6.122340446990799
1162,4.723995338011473
1163,5.106314093476087
1164,5.067381181197041
1165,5.238155702118953
1166,5.3204041597845455
1167,4.966923910685952
1168,5.112436778787969
1169,5.204716847516324
1170,5.185980795896108
1171,5.204405883473569
1172,5.18174135202833
1173,4.723787909753177
1174,4.798775454611469
1175,4.705554337846121
1176,5.070602046122784
1177,5.024165174320817
1178,5.272421086653246
1179,5.794041463451698
1180,5.436522308720689
1181,6.047938539148959
1182,5.811189151566195
1183,5.517012668487528
1184,5.82198700291356
1185,6.225606175120622
1186,6.077663041728368
1187,6.1590868093194
1188,6.118632691945557
1189,5.571756668487271
1190,5.805219443204092
1191,5.329223723854173
1192,5.261837606746093
1193,5.146144664152033
1194,4.713398401697333
1195,4.388168716547211
1196,4.361995498200546
1197,4.22264553719577
1198,4.17149331978424
1199,4.30373875849038
1200,3.7695569010696794
1201,3.6195310489572563
1202,3.400833241140193
1203,3.4158322654615407
1204,3.3883739842891
1205,3.5845457267355685
1206,3.6503524644775776
1207,3.595423560354636
1208,3.477097596125934
1209,3.7089266519838686
1210,3.7524951234930297
1211,4.343973752120163
1212,4.153512726845842
1213,4.354051659431312
1214,4.7110926894513385
1215,4.611209775891681
1216,4.344531921157703
1217,4.10820785748054
1218,4.581895073552722
1219,3.930352239066602
1220,4.065863324173964
1221,3.7551142052073576
1222,3.137727454887
1223,3.184899584965316
1224,2.9279208379903245
1225,3.214917811564134
1226,3.2384632195307055
1227,3.0695389643941176
1228,3.3914856463105028
1229,3.195949102004449
1230,3.0062651183507403
1231,2.929723160144475
1232,2.893304563461909
1233,2.7573069800596794
1234,2.6657254243573076
1235,2.9363830848959895
1236,2.9822805032428907
1237,3.2186874252311255
1238,2.872578036781496
1239,3.4313688945405905
1240,3.622875970954006
1241,3.7693582016221643
1242,3.7789334556698773
1243,3.8758047549692067
1244,3.6506761031647965
1245,4.0797019792299585
1246,4.175197294162483
1247,4.128981680921518
1248,4.337284016888882
1249,4.633721968087054
1250,3.817098831074239
1251,4.026034601845334
1252,4.0869588369348016
1253,4.030649042403323
1254,4.721142531026373
1255,4.615378227485105
1256,5.991760783275053
1257,5.944708038193785
1258,5.548274097415575
1259,5.734648227860616
1260,5.780151236887299
1261,5.206437891066324
1262,5.747135141352767
1263,5.1784761353950435
1264,5.026018909399525
1265,4.585253680244383
1266,4.165240297299555
1267,4.468618905955501
1268,3.8595492357241565
1269,4.001230349438727
1270,4.030077158413199
1271,3.932647482065287
1272,4.183272678377745
1273,3.361729608210935
1274,3.7551138364768994
1275,3.861617182398665
1276,3.8412519647864025
1277,3.7104089874340134
1278,3.9886196806143697
1279,3.2927032652430426
1280,3.378224636827936
1281,3.365449743445104
1282,3.3092611357541664
1283,3.2488786099730236
1284,2.9060729469394992
1285,2.637441671868931
1286,2.4925648174187574
1287,2.334201477390298
1288,2.4482789847006616
1289,2.3495157011721535
1290,2.545199931155731
1291,2.3307313992953205
1292,2.337959670443423
1293,2.395359964549159
1294,2.7458349550431533
1295,3.036527254610874
1296,3.3544916375189997
1297,3.4392271964566357
1298,3.770753699686613
1299,3.3764176739633522
1300,3.334345074030881
1301,3.6615191322256804
1302,3.6174176955903956
1303,3.823852911374436
1304,3.8884300326173498
1305,4.009174857835544
1306,3.9248063518167284
1307,4.028718931487449
1308,4.339022522174266
1309,4.194746505821193
1310,4.622854622288794
1311,4.2395386117496585
1312,4.631127689477552
1313,4.573441689503803
1314,4.948192270061767
1315,4.372434702769743
1316,5.001027816248788
1317,4.898011907628285
1318,5.453543920322486
1319,5.23586475673496
1320,5.23351169392961
1321,5.2247162369173115
1322,5.046474214000438
1323,5.2116292731443
1324,5.349728429255361
1325,5.784042706345469
1326,5.902482983439239
1327,5.774950306644895
1328,5.353252595242167
1329,5.199244918912669
1330,4.963269162636188
1331,5.082614155216443
1332,4.744711008239486
1333,4.732888311054988
1334,4.863942033853503
1335,4.728350864263277
1336,4.721544769855216
1337,4.535416727655949
1338,4.0767147433198945
1339,4.084310601803252
1340,4.0335109533204045
1341,3.9867368186735455
1342,3.982662412150392
1343,3.706318739103512
1344,3.6820256234120983
1345,3.694350055898145
1346,3.370111006510368
1347,3.3214808248190777
1348,3.3294341679996178
1349,3.291716985808923
1350,3.277256980750939
1351,2.9231863724159384
1352,2.7108698426138202
1353,2.827063402462748
1354,2.6987887749397323
1355,2.721349950573845
1356,2.68765586178133
1357,2.737910045941367
1358,2.702070489850092
1359,2.7692059756132834
1360,2.7365232384921865
1361,2.7238322662559424
1362,2.836318461250353
1363,2.7408059006547525
1364,2.913638684157291
1365,3.419541631599626
1366,3.671691092434025
1367,3.8660801380685745
1368,4.9603179099169505
1369,5.23352920043422
1370,5.722717595813257
1371,6.069166020649729
1372,5.69772361537294
1373,5.314726001274267
1374,5.113116938549217
1375,5.005485726540757
1376,4.2329087161466274
1377,4.067202212891361
1378,3.550192673866797
1379,3.37449230180473
1380,3.242846371344298
1381,3.295689363247244
1382,3.352366066297955
1383,3.25247803235096
1384,3.537531868551973
1385,3.7296745737538917
1386,3.755279793042134
1387,3.9179666965564097
1388,4.061385916400177
1389,3.7339450282671787
1390,3.737682645476646
1391,3.7851022643519374
1392,3.5740848065537203
1393,3.430473463257895
1394,3.6267361560571105
1395,3.757430032828357
1396,3.9136956240109253
1397,3.8134349274116492
1398,3.9628956565567126
1399,4.046474923753428
1400,3.7982164051691347
1401,3.3887036536424904
1402,3.3180154704615763
1403,2.9553390004154307
1404,3.2177670494552313
1405,3.244033653941461
1406,3.174234247714877
1407,2.9334784870672856
1408,3.1441769233269676
1409,2.857754721015766
1410,2.8167310736462627
1411,2.857643795767419
1412,3.0850927402223425
1413,2.952244686251695
1414,3.1620786325039787
1415,3.763597803454179
1416,3.3026158564206995
1417,3.3284634636710444
1418,2.9111697517860042
1419,3.079415664803858
1420,3.2801664308874527
1421,3.2626435073893094
1422,3.2079591071527824
1423,2.906823151676435
1424,2.870172023962102
1425,3.1503585878485785
1426,3.1811157544698623
1427,2.8753520437044346
1428,2.8221143223210565
1429,2.433504328960045
1430,2.4554250001689715
1431,2.32943021687344
1432,2.3401895267706427
1433,2.133202060312261
1434,2.214369600625093
1435,2.1879071641941255
1436,2.1443631339135614
1437,1.8815388539385856
1438,1.922767086091144
1439,1.8709110036519576
1440,1.888276491847876
1441,1.8669664527919039
1442,1.8072633483468816
1443,1.9304870329321349
1444,1.9316544034182213
1445,1.9386475814765392
1446,2.054280924353596
1447,2.1602318329966943
1448,1.9516607042173382
1449,2.1651800559486736
1450,2.1815809027841038
1451,1.9208792489812838
1452,2.0953843855102576
1453,1.9507982488626245
1454,2.063798795631131
1455,2.0027255736974263
1456,1.9120803553752197
1457,1.8762516947078258
1458,1.8263015429053493
1459,1.7834324101942818
1460,1.7708066062823538
1461,1.8730316317429778
1462,1.7087320222590332
1463,1.6512235294138813
1464,1.706335539699697
1465,1.793542484959172
1466,1.7059435298664405
1467,1.6555562719403412
1468,1.7713767502081916
1469,1.7154139550060243
1470,1.9115479508910738
1471,1.966078235716428
1472,2.29287526864816
1473,2.3868430421514852
1474,2.6666532450267755
1475,2.645195857243844
1476,2.8915784545239545
1477,2.7595241015079814
1478,2.737201656471997
1479,2.6330346382444465
1480,2.5328958658316663
1481,2.8574856828378197
1482,2.8898223675719685
1483,2.7274907127840686
1484,2.8446940067603843
1485,2.597852948908829
1486,2.535926832300778
1487,2.520452158735781
1488,2.7670888609628665
1489,2.8955853873274844
1490,2.4926372589542187
1491,2.496861239345891
1492,2.394637889768035
1493,2.470934291343213
1494,2.209339816360337
1495,2.2316932648672827
1496,2.18452053050475
1497,2.1690932306894055
1498,2.1928082269521716
1499,2.105549459413631
1500,2.145711917038718
1501,2.1597042271067037
1502,1.9559716724279634
1503,1.9202384399263015
1504,1.8176280034756496
1505,1.730025671041638
1506,1.7039945876497886
1507,1.7320359331664712
1508,1.7188486446955444
1509,1.6070185070732852
1510,1.448597012253459
1511,1.3781261644900566
1512,1.3573397550907038
1513,1.15982820290312
1514,1.1581896243937062
1515,1.1092361714172883
1516,1.0065390236615521
1517,0.92549080845653
1518,0.8069570398068033
1519,0.7359781969605778
1520,0.7382122398387051
1521,0.6647189539232552
1522,0.6708432744629902
1523,0.7482209003878599
1524,0.720293733357162
1525,0.7711829126193156
1526,0.902127046322825
1527,0.9645198056464492
1528,1.4145674021775434
1529,1.5074976005354148
1530,1.4529986652771454
1531,1.4827467091662163
1532,1.4677518097221016
1533,1.4564004125686996
1534,1.4240791184597785
1535,1.4291401483338264
1536,1.4508056081213547
1537,1.29500370687601
1538,1.284054471256558
1539,1.6121026327584371
1540,1.7042987345697937
1541,1.7484920751262976
1542,1.7013261397316903
1543,1.9360943135582755
1544,1.7387472598889713
1545,1.925584385673556
1546,1.9548134975897582
1547,2.107841949699693
1548,2.402157081664276
1549,2.181100485308063
1550,2.157139035621695
1551,2.667754604464652
1552,2.55517712812139
1553,2.908166219740014
1554,2.883550097608119
1555,2.8944381046523673
1556,2.8516554183808713
1557,2.5980978268338792
1558,2.8230159178811522
1559,2.7688292114173727
1560,2.6836685978813777
1561,2.5573117854080496
1562,2.6464751353717406
1563,2.5982407755753503
1564,2.69934452124957
1565,2.643821613776877
1566,2.6068236762592036
1567,2.871256949485364
1568,2.774526573395554
1569,2.868765204193387
1570,2.9607763355947996
1571,2.8804378577119665
1572,2.9042225463877442
1573,3.1406691368071034
1574,2.8974506009612355
1575,2.901677470213222
1576,3.183677813602481
1577,3.0056098596235916
1578,3.489548567495472
1579,2.941272494181034
1580,3.3781882666378946
1581,3.4361840626293807
1582,2.9233401821925775
1583,3.0369074841999733
1584,3.176209802570614
1585,2.694590291226194
1586,2.8516297788812945
1587,2.8875826215409424
1588,2.649402965441624
1589,2.6487634570524814
1590,2.621474626308867
1591,2.4576114182051954
1592,2.636788016110226
1593,2.617692246174969
1594,2.642328871461511
1595,2.4140023500545613
1596,2.2283463047307364
1597,2.438053303290978
1598,2.4197372774830708
1599,2.3816959650846408
1600,2.2916132561793208
1601,2.2432473237073483
1602,2.2503668673798503
1603,2.291434412836174
1604,2.1552993770481925
1605,2.1556059568593233
1606,2.133174992601586
1607,2.141037772280704
1608,2.1239066408156115
1609,2.201163810331151
1610,2.2605556155162865
1611,2.1223378482494257
1612,2.1299405628970605
1613,2.1165639483409375
1614,2.206064821513997
1615,2.1114712794019277
1616,1.954452335843784
1617,1.8380532212792136
1618,1.9116535178610272
1619,2.0487209512259774
1620,1.7128337815052121
1621,1.6607424022035155
1622,1.627338112736231
1623,1.632412211475967
1624,1.710892832310931
1625,1.6933226193191813
1626,1.5829259676447267
1627,1.4631414128832632
1628,1.4915912011071888
1629,1.4678430419166837
1630,1.630183884964889
1631,1.7203879714081696
1632,1.7498257959388486
1633,1.9238277554868763
1634,1.8029758735254255
1635,1.7292557725511146
1636,1.8115911900098434
1637,1.88559359663508
1638,1.8048799592745712
1639,1.8196500252731118
1640,1.8254676799604572
1641,1.8357051559149193
1642,1.682035172395958
1643,1.5724437204902277
1644,1.5436538781147873
1645,1.4760955929382025
1646,1.3977496314400613
1647,1.2178264171975495
1648,1.1976037714689625
1649,1.1577558526922376
1650,1.1462122127446865
1651,1.1820754037297023
1652,1.1802886355383682
1653,1.1454200404953347
1654,1.155708842541265
1655,1.1834098838193883
1656,1.1372391097658456
1657,1.080724559046826
1658,1.121065361643169
1659,1.1725299608272373
1660,1.2310826154545094
1661,1.1633279612982743
1662,1.2369317097297776
1663,1.2978799229065663
1664,1.363209853838607
1665,1.2572359289805188
1666,1.2947173840600181
1667,1.4668956109495652
1668,1.5847620016007251
1669,1.4886273099670837
1670,1.493156864730954
1671,1.549388763681293
1672,1.532245911742791
1673,1.9537187518163275
1674,1.9317320875952033
1675,2.0218610712192207
1676,2.2500621255628057
1677,2.0705214026313175
1678,2.1826407261094625
1679,2.2694684923887403
1680,2.267068237293549
1681,2.377654054978758
1682,2.245496557241991
1683,2.340244483135562
1684,2.387327839506103
1685,2.2611463264239364
1686,2.3036939312670466
1687,2.203902315476726
1688,2.1183008169348967
1689,2.0428998132310183
1690,2.090625170716755
1691,2.045654173850862
1692,2.0243893045252266
1693,1.858202210832837
1694,1.8265104652973687
1695,1.644047172500198
1696,1.6197371021251343
1697,1.6149303406334452
1698,1.4506897467083808
1699,1.5248796173905186
1700,1.3885963958757528
1701,1.3307749494941565
1702,1.2844880873797277
1703,1.199311747992881
1704,1.1671440624484906
1705,1.1933478325668354
1706,1.2052397855879513
1707,1.2390908301628705
1708,1.2399338751456115
1709,1.235216994237315
1710,1.2382998688134803
1711,1.3686962911597196
1712,1.4852549204578105
1713,1.564639908900821
1714,1.5649982824357598
1715,1.7391092309191065
1716,1.5580132538415865
1717,1.584145464382345
1718,1.5582312072691202
1719,1.722735267011642
1720,1.7066304480527692
1721,1.6470520321628528
1722,1.5897069696488082
1723,1.732636115451016
1724,1.587785354005886
1725,1.6400096522022178
1726,1.7139285782834535
1727,1.7157203893313784
1728,1.7052393987183259
1729,1.7164502120713028
1730,1.9574492365554819
1731,1.9853286793302392
1732,2.365562590711987
1733,2.392084391580347
1734,2.510561160736913
1735,2.5511183182329913
1736,2.54322084032857
1737,2.9554915381812896
1738,2.7275472704139223
1739,2.82642952712994
1740,2.825491930042175
