,0
0,1.6048076923076928
1,1.6048076923076928
2,1.6048076923076928
3,1.6048076923076928
4,1.285384615384616
5,1.6048076923076928
6,1.285384615384616
7,1.6048076923076928
8,1.2515384615384617
9,1.5438461538461543
10,1.6048076923076928
11,1.6048076923076928
12,1.6048076923076928
13,1.6048076923076928
14,1.6048076923076928
15,1.8746153846153844
16,1.6048076923076928
17,1.6048076923076928
18,1.6048076923076928
19,1.6048076923076928
20,1.6048076923076928
21,1.6048076923076928
22,1.6048076923076928
23,1.6048076923076928
24,1.6048076923076928
25,1.6048076923076928
26,1.6048076923076928
27,1.6048076923076928
28,1.6048076923076928
29,1.6048076923076928
30,1.6048076923076928
31,1.6048076923076928
32,1.6048076923076928
33,1.6048076923076928
34,1.6048076923076928
35,1.5438461538461543
36,1.6048076923076928
37,1.6048076923076928
38,1.2515384615384617
39,1.2971153846153851
40,1.001826923076923
41,1.205769230769231
42,1.2971153846153851
43,1.001826923076923
44,1.2971153846153851
45,1.205769230769231
46,1.0570192307692308
47,1.001826923076923
48,1.001826923076923
49,1.0129807692307693
50,1.001826923076923
51,1.001826923076923
52,1.5438461538461543
53,1.285384615384616
54,1.6048076923076928
55,1.6048076923076928
56,1.6048076923076928
57,1.6048076923076928
58,1.6048076923076928
59,1.6048076923076928
60,1.6048076923076928
61,1.6048076923076928
62,2.6200961538461542
63,2.781442307692307
64,2.4824038461538462
65,2.781442307692307
66,2.781442307692307
67,2.781442307692307
68,2.781442307692307
69,2.781442307692307
70,2.781442307692307
71,2.781442307692307
72,2.781442307692307
73,2.781442307692307
74,2.781442307692307
75,2.781442307692307
76,2.781442307692307
77,2.781442307692307
78,2.781442307692307
79,2.781442307692307
80,2.781442307692307
81,2.781442307692307
82,2.781442307692307
83,2.781442307692307
84,2.781442307692307
85,2.781442307692307
86,2.781442307692307
87,2.781442307692307
88,2.781442307692307
89,2.781442307692307
90,2.781442307692307
91,2.781442307692307
92,2.781442307692307
93,2.781442307692307
94,2.781442307692307
95,2.781442307692307
96,2.781442307692307
97,2.781442307692307
98,2.781442307692307
99,2.781442307692307
100,2.781442307692307
101,2.781442307692307
102,2.781442307692307
103,2.781442307692307
104,2.781442307692307
105,2.781442307692307
106,2.781442307692307
107,2.781442307692307
108,2.781442307692307
109,2.781442307692307
110,2.781442307692307
111,2.781442307692307
112,2.781442307692307
113,2.781442307692307
114,2.781442307692307
115,2.781442307692307
116,2.781442307692307
117,2.781442307692307
118,2.781442307692307
119,2.781442307692307
120,2.781442307692307
121,2.781442307692307
122,2.781442307692307
123,2.781442307692307
124,2.781442307692307
125,2.781442307692307
126,2.781442307692307
127,2.781442307692307
128,2.781442307692307
129,2.781442307692307
130,2.781442307692307
131,2.781442307692307
132,2.781442307692307
133,2.781442307692307
134,2.781442307692307
135,2.781442307692307
136,2.781442307692307
137,2.781442307692307
138,2.781442307692307
139,2.781442307692307
140,2.781442307692307
141,2.781442307692307
142,2.781442307692307
143,2.781442307692307
144,2.781442307692307
145,2.781442307692307
146,2.781442307692307
147,2.781442307692307
148,2.781442307692307
149,2.781442307692307
150,2.781442307692307
151,1.6048076923076928
152,1.6048076923076928
153,1.6048076923076928
154,1.6048076923076928
155,1.6048076923076928
156,1.6048076923076928
157,1.6048076923076928
158,1.6048076923076928
159,1.6048076923076928
160,1.2971153846153851
161,1.6048076923076928
162,1.2515384615384617
163,1.2515384615384617
164,1.001826923076923
165,1.2515384615384617
166,1.001826923076923
167,1.205769230769231
168,1.6048076923076928
169,1.6048076923076928
170,1.6048076923076928
171,1.6048076923076928
172,1.6048076923076928
173,1.6730769230769231
174,1.6048076923076928
175,2.4824038461538462
176,1.6048076923076928
177,2.4824038461538462
178,2.781442307692307
179,2.781442307692307
180,2.781442307692307
181,2.781442307692307
182,2.781442307692307
183,2.781442307692307
184,2.781442307692307
185,2.781442307692307
186,2.781442307692307
187,2.781442307692307
188,2.781442307692307
189,2.781442307692307
190,1.8746153846153844
191,2.689134615384615
192,2.781442307692307
193,2.781442307692307
194,1.6048076923076928
195,2.781442307692307
196,2.781442307692307
197,2.781442307692307
198,2.781442307692307
199,2.781442307692307
200,2.781442307692307
201,2.781442307692307
202,2.781442307692307
203,2.781442307692307
204,2.781442307692307
205,2.781442307692307
206,2.781442307692307
207,2.781442307692307
208,2.781442307692307
209,2.781442307692307
210,2.781442307692307
211,2.781442307692307
212,2.781442307692307
213,2.781442307692307
214,2.781442307692307
215,2.781442307692307
216,2.781442307692307
217,2.781442307692307
218,2.781442307692307
219,2.781442307692307
220,2.781442307692307
221,2.781442307692307
222,2.689134615384615
223,1.6048076923076928
224,1.6730769230769231
225,1.6048076923076928
226,1.6048076923076928
227,1.6048076923076928
228,1.6048076923076928
229,1.6048076923076928
230,1.6048076923076928
231,1.6048076923076928
232,1.6048076923076928
233,1.6048076923076928
234,1.6048076923076928
235,1.6048076923076928
236,1.496538461538462
237,1.6048076923076928
238,1.6048076923076928
239,1.4725000000000004
240,1.6048076923076928
241,1.6048076923076928
242,1.6048076923076928
243,1.6048076923076928
244,1.6048076923076928
245,1.6048076923076928
246,1.6048076923076928
247,1.6048076923076928
248,1.6048076923076928
249,1.6048076923076928
250,1.6048076923076928
251,1.6048076923076928
252,1.6048076923076928
253,1.6048076923076928
254,1.6048076923076928
255,1.6048076923076928
256,1.6048076923076928
257,1.6048076923076928
258,1.6048076923076928
259,1.6048076923076928
260,1.6048076923076928
261,1.6048076923076928
262,1.6048076923076928
263,1.6048076923076928
264,1.5438461538461543
265,1.6048076923076928
266,1.285384615384616
267,1.001826923076923
268,1.001826923076923
269,1.001826923076923
270,1.0570192307692308
271,1.001826923076923
272,1.001826923076923
273,1.001826923076923
274,1.4725000000000004
275,1.6048076923076928
276,1.6048076923076928
277,1.6048076923076928
278,1.6048076923076928
279,2.781442307692307
280,2.781442307692307
281,2.781442307692307
282,2.781442307692307
283,2.781442307692307
284,2.781442307692307
285,2.781442307692307
286,2.781442307692307
287,2.781442307692307
288,2.781442307692307
289,2.781442307692307
290,2.781442307692307
291,2.781442307692307
292,1.8746153846153844
293,1.6048076923076928
294,1.6048076923076928
295,1.6048076923076928
296,1.6048076923076928
297,1.6048076923076928
298,1.6048076923076928
299,1.6048076923076928
300,1.6048076923076928
301,1.6048076923076928
302,1.6048076923076928
303,1.6048076923076928
304,1.6048076923076928
305,1.6048076923076928
306,1.6048076923076928
307,1.6048076923076928
308,1.6048076923076928
309,1.6048076923076928
310,1.6048076923076928
311,1.6048076923076928
312,1.6048076923076928
313,1.6048076923076928
314,1.6048076923076928
315,1.6048076923076928
316,1.6048076923076928
317,1.6048076923076928
318,1.496538461538462
319,1.6048076923076928
320,1.5438461538461543
321,1.6048076923076928
322,1.6048076923076928
323,1.6048076923076928
324,1.6048076923076928
325,1.6048076923076928
326,1.6048076923076928
327,1.5438461538461543
328,1.285384615384616
329,1.6048076923076928
330,1.6048076923076928
331,1.6048076923076928
332,1.6048076923076928
333,1.6048076923076928
334,1.6048076923076928
335,1.6048076923076928
336,1.6048076923076928
337,1.6048076923076928
338,1.6048076923076928
339,1.6048076923076928
340,1.6048076923076928
341,1.6048076923076928
342,1.6048076923076928
343,1.6048076923076928
344,1.6048076923076928
345,1.6048076923076928
346,1.6048076923076928
347,1.6048076923076928
348,1.6048076923076928
349,1.6048076923076928
350,1.6048076923076928
351,1.0129807692307693
352,1.001826923076923
353,1.001826923076923
354,1.001826923076923
355,1.001826923076923
356,1.001826923076923
357,1.001826923076923
358,1.001826923076923
359,1.2515384615384617
360,1.0129807692307693
361,1.5438461538461543
362,1.6048076923076928
363,1.6048076923076928
364,1.6048076923076928
365,1.6048076923076928
366,1.6048076923076928
367,1.6048076923076928
368,1.6048076923076928
369,1.6048076923076928
370,1.6048076923076928
371,1.6048076923076928
372,1.6048076923076928
373,1.6048076923076928
374,1.6048076923076928
375,1.6048076923076928
376,1.6048076923076928
377,1.6048076923076928
378,1.8746153846153844
379,1.6048076923076928
380,2.781442307692307
381,2.781442307692307
382,2.781442307692307
383,2.781442307692307
384,2.781442307692307
385,2.781442307692307
386,2.781442307692307
387,2.781442307692307
388,2.781442307692307
389,2.781442307692307
390,2.781442307692307
391,2.781442307692307
392,2.781442307692307
393,2.781442307692307
394,2.781442307692307
395,2.781442307692307
396,2.781442307692307
397,2.781442307692307
398,2.781442307692307
399,2.781442307692307
400,2.781442307692307
401,2.781442307692307
402,2.689134615384615
403,2.781442307692307
404,2.781442307692307
405,2.781442307692307
406,2.781442307692307
407,2.781442307692307
408,2.781442307692307
409,2.781442307692307
410,2.781442307692307
411,2.781442307692307
412,2.781442307692307
413,2.781442307692307
414,2.781442307692307
415,2.781442307692307
416,2.781442307692307
417,2.781442307692307
418,2.781442307692307
419,2.781442307692307
420,2.781442307692307
421,2.781442307692307
422,2.781442307692307
423,2.781442307692307
424,2.781442307692307
425,2.781442307692307
426,2.781442307692307
427,2.781442307692307
428,2.781442307692307
429,2.781442307692307
430,2.781442307692307
431,2.6200961538461542
432,2.781442307692307
433,2.781442307692307
434,2.781442307692307
435,1.6048076923076928
436,1.6048076923076928
437,1.6048076923076928
438,1.6048076923076928
439,1.6048076923076928
440,1.6048076923076928
441,1.6048076923076928
442,1.6048076923076928
443,1.6048076923076928
444,1.6048076923076928
445,1.6048076923076928
446,1.6048076923076928
447,1.6048076923076928
448,1.6048076923076928
449,1.6048076923076928
450,1.6048076923076928
451,1.6048076923076928
452,1.0239423076923075
453,1.205769230769231
454,1.0570192307692308
455,1.001826923076923
456,1.001826923076923
457,1.001826923076923
458,1.001826923076923
459,1.001826923076923
460,1.001826923076923
461,1.0129807692307693
462,1.2971153846153851
463,1.5438461538461543
464,1.6048076923076928
465,1.4725000000000004
466,1.001826923076923
467,1.5438461538461543
468,1.6048076923076928
469,1.6048076923076928
470,1.6048076923076928
471,1.5438461538461543
472,1.6048076923076928
473,1.6048076923076928
474,1.6048076923076928
475,1.6048076923076928
476,1.6730769230769231
477,2.781442307692307
478,1.6048076923076928
479,1.6048076923076928
480,1.6048076923076928
481,2.689134615384615
482,2.781442307692307
483,2.781442307692307
484,2.781442307692307
485,2.781442307692307
486,2.781442307692307
487,2.781442307692307
488,2.781442307692307
489,2.4824038461538462
490,2.781442307692307
491,2.4824038461538462
492,2.52875
493,1.6048076923076928
494,1.6048076923076928
495,1.6048076923076928
496,1.6048076923076928
497,1.6048076923076928
498,1.6048076923076928
499,1.6048076923076928
500,1.6048076923076928
501,1.6048076923076928
502,1.9425
503,1.6048076923076928
504,1.6048076923076928
505,1.6048076923076928
506,1.6048076923076928
507,1.6048076923076928
508,1.6048076923076928
509,1.6048076923076928
510,1.6048076923076928
511,1.6048076923076928
512,1.6048076923076928
513,1.6048076923076928
514,1.6048076923076928
515,1.6048076923076928
516,1.6048076923076928
517,1.6048076923076928
518,1.6048076923076928
519,2.6200961538461542
520,2.781442307692307
521,2.781442307692307
522,2.781442307692307
523,2.781442307692307
524,2.781442307692307
525,2.781442307692307
526,2.781442307692307
527,2.781442307692307
528,2.781442307692307
529,2.781442307692307
530,2.781442307692307
531,2.781442307692307
532,2.781442307692307
533,2.781442307692307
534,2.781442307692307
535,2.781442307692307
536,2.781442307692307
537,2.781442307692307
538,2.781442307692307
539,2.781442307692307
540,2.781442307692307
541,2.781442307692307
542,2.781442307692307
543,2.781442307692307
544,2.781442307692307
545,2.781442307692307
546,2.781442307692307
547,2.781442307692307
548,2.781442307692307
549,2.781442307692307
550,2.781442307692307
551,2.781442307692307
552,2.781442307692307
553,2.781442307692307
554,2.781442307692307
555,2.781442307692307
556,2.781442307692307
557,2.781442307692307
558,2.781442307692307
559,2.781442307692307
560,2.781442307692307
561,2.781442307692307
562,2.781442307692307
563,2.781442307692307
564,2.781442307692307
565,2.781442307692307
566,2.781442307692307
567,2.781442307692307
568,2.781442307692307
569,2.781442307692307
570,2.781442307692307
571,2.781442307692307
572,2.781442307692307
573,2.781442307692307
574,2.781442307692307
575,2.781442307692307
576,2.781442307692307
577,2.781442307692307
578,2.781442307692307
579,2.781442307692307
580,2.781442307692307
581,2.781442307692307
582,2.781442307692307
583,2.781442307692307
584,2.781442307692307
585,2.781442307692307
586,2.781442307692307
587,2.781442307692307
588,2.781442307692307
589,2.781442307692307
590,2.781442307692307
591,2.781442307692307
592,2.781442307692307
593,2.781442307692307
594,2.781442307692307
595,2.781442307692307
596,2.781442307692307
597,2.781442307692307
598,2.781442307692307
599,2.781442307692307
600,2.781442307692307
601,2.781442307692307
602,2.781442307692307
603,2.781442307692307
604,2.781442307692307
605,2.781442307692307
606,2.781442307692307
607,2.781442307692307
608,2.781442307692307
609,2.781442307692307
610,2.781442307692307
611,2.781442307692307
612,2.781442307692307
613,2.781442307692307
614,2.781442307692307
615,2.781442307692307
616,2.781442307692307
617,2.781442307692307
618,2.781442307692307
619,2.781442307692307
620,2.781442307692307
621,2.781442307692307
622,2.781442307692307
623,2.781442307692307
624,2.781442307692307
625,2.781442307692307
626,2.781442307692307
627,2.781442307692307
628,2.781442307692307
629,2.781442307692307
630,2.781442307692307
631,2.781442307692307
632,2.781442307692307
633,2.781442307692307
634,2.781442307692307
635,2.781442307692307
636,2.781442307692307
637,2.781442307692307
638,2.781442307692307
639,2.781442307692307
640,2.781442307692307
641,2.781442307692307
642,2.781442307692307
643,2.781442307692307
644,2.781442307692307
645,2.781442307692307
646,2.781442307692307
647,2.781442307692307
648,2.781442307692307
649,2.781442307692307
650,2.781442307692307
651,2.781442307692307
652,2.781442307692307
653,2.781442307692307
654,2.781442307692307
655,2.781442307692307
656,2.781442307692307
657,2.781442307692307
658,2.781442307692307
659,2.781442307692307
660,2.781442307692307
661,2.781442307692307
662,2.781442307692307
663,2.781442307692307
664,2.781442307692307
665,2.781442307692307
666,2.781442307692307
667,2.781442307692307
668,2.781442307692307
669,2.781442307692307
670,2.781442307692307
671,2.781442307692307
672,2.781442307692307
673,2.781442307692307
674,2.781442307692307
675,2.781442307692307
676,2.781442307692307
677,2.781442307692307
678,2.781442307692307
679,2.781442307692307
680,2.781442307692307
681,2.781442307692307
682,2.781442307692307
683,2.781442307692307
684,2.781442307692307
685,2.781442307692307
686,2.781442307692307
687,2.781442307692307
688,2.781442307692307
689,2.781442307692307
690,2.781442307692307
691,2.781442307692307
692,2.781442307692307
693,2.781442307692307
694,2.781442307692307
695,2.781442307692307
696,2.781442307692307
697,2.781442307692307
698,2.781442307692307
699,2.781442307692307
700,2.781442307692307
701,2.781442307692307
702,2.781442307692307
703,2.781442307692307
704,2.781442307692307
705,2.781442307692307
706,2.781442307692307
707,2.781442307692307
708,2.781442307692307
709,2.781442307692307
710,2.781442307692307
711,2.781442307692307
712,2.781442307692307
713,2.781442307692307
714,2.781442307692307
715,2.781442307692307
716,2.781442307692307
717,2.781442307692307
718,2.689134615384615
719,2.52875
720,1.6048076923076928
721,1.6048076923076928
722,1.6048076923076928
723,1.6048076923076928
724,1.6048076923076928
725,2.4824038461538462
726,2.781442307692307
727,2.781442307692307
728,2.781442307692307
729,2.781442307692307
730,2.781442307692307
731,2.781442307692307
732,2.781442307692307
733,2.781442307692307
734,2.781442307692307
735,2.781442307692307
736,2.781442307692307
737,2.781442307692307
738,2.781442307692307
739,2.781442307692307
740,2.781442307692307
741,2.781442307692307
742,2.781442307692307
743,2.781442307692307
744,2.781442307692307
745,2.781442307692307
746,2.781442307692307
747,2.781442307692307
748,2.781442307692307
749,2.781442307692307
750,2.781442307692307
751,2.781442307692307
752,2.781442307692307
753,2.781442307692307
754,2.781442307692307
755,2.781442307692307
756,2.781442307692307
757,2.781442307692307
758,2.781442307692307
759,2.781442307692307
760,2.781442307692307
761,2.781442307692307
762,2.781442307692307
763,2.781442307692307
764,2.781442307692307
765,2.781442307692307
766,2.781442307692307
767,2.781442307692307
768,2.781442307692307
769,2.781442307692307
770,2.781442307692307
771,2.781442307692307
772,2.781442307692307
773,2.781442307692307
774,2.781442307692307
775,2.781442307692307
776,2.781442307692307
777,2.781442307692307
778,2.781442307692307
779,2.781442307692307
780,2.781442307692307
781,2.781442307692307
782,2.781442307692307
783,2.781442307692307
784,2.781442307692307
785,2.781442307692307
786,2.781442307692307
787,2.781442307692307
788,2.781442307692307
789,2.781442307692307
790,2.781442307692307
791,2.781442307692307
792,2.781442307692307
793,2.781442307692307
794,2.781442307692307
795,2.781442307692307
796,2.781442307692307
797,2.781442307692307
798,2.781442307692307
799,2.781442307692307
800,2.781442307692307
801,2.781442307692307
802,2.781442307692307
803,2.781442307692307
804,2.781442307692307
805,2.781442307692307
806,2.781442307692307
807,2.781442307692307
808,2.781442307692307
809,2.781442307692307
810,2.781442307692307
811,2.781442307692307
812,2.781442307692307
813,2.781442307692307
814,2.781442307692307
815,2.781442307692307
816,2.781442307692307
817,2.781442307692307
818,2.781442307692307
819,2.781442307692307
820,2.781442307692307
821,2.781442307692307
822,2.781442307692307
823,2.781442307692307
824,2.781442307692307
825,2.781442307692307
826,2.781442307692307
827,2.781442307692307
828,2.781442307692307
829,2.781442307692307
830,2.781442307692307
831,2.781442307692307
832,2.781442307692307
833,2.781442307692307
834,2.781442307692307
835,2.781442307692307
836,2.781442307692307
837,2.781442307692307
838,2.781442307692307
839,2.781442307692307
840,2.781442307692307
841,2.781442307692307
842,2.781442307692307
843,2.781442307692307
844,2.781442307692307
845,2.781442307692307
846,2.781442307692307
847,2.781442307692307
848,2.781442307692307
849,2.781442307692307
850,2.781442307692307
851,2.781442307692307
852,2.781442307692307
853,2.781442307692307
854,2.781442307692307
855,2.781442307692307
856,2.781442307692307
857,2.781442307692307
858,2.781442307692307
859,2.781442307692307
860,2.781442307692307
861,2.781442307692307
862,2.781442307692307
863,2.781442307692307
864,2.781442307692307
865,2.781442307692307
866,2.781442307692307
867,2.781442307692307
868,2.781442307692307
869,2.781442307692307
870,2.781442307692307
871,2.781442307692307
872,2.781442307692307
873,2.781442307692307
874,2.781442307692307
875,2.781442307692307
876,2.781442307692307
877,2.781442307692307
878,2.781442307692307
879,2.781442307692307
880,2.781442307692307
881,2.781442307692307
882,2.781442307692307
883,2.781442307692307
884,2.781442307692307
885,2.781442307692307
886,2.781442307692307
887,2.781442307692307
888,2.781442307692307
889,2.781442307692307
890,2.781442307692307
891,2.781442307692307
892,1.8746153846153844
893,2.781442307692307
894,2.781442307692307
895,1.6048076923076928
896,2.781442307692307
897,1.8746153846153844
898,2.4824038461538462
899,1.6048076923076928
900,1.6048076923076928
901,1.8746153846153844
902,1.6048076923076928
903,1.6048076923076928
904,1.6048076923076928
905,1.6048076923076928
906,1.6048076923076928
907,1.5438461538461543
908,1.001826923076923
909,1.001826923076923
910,1.001826923076923
911,1.001826923076923
912,1.001826923076923
913,1.001826923076923
914,1.001826923076923
915,1.001826923076923
916,1.001826923076923
917,1.001826923076923
918,1.001826923076923
919,1.001826923076923
920,1.001826923076923
921,1.001826923076923
922,1.001826923076923
923,1.001826923076923
924,1.001826923076923
925,1.001826923076923
926,1.001826923076923
927,1.001826923076923
928,1.001826923076923
929,1.001826923076923
930,1.001826923076923
931,1.001826923076923
932,1.001826923076923
933,1.001826923076923
934,1.001826923076923
935,1.001826923076923
936,1.001826923076923
937,1.001826923076923
938,1.6048076923076928
939,2.781442307692307
940,2.781442307692307
941,2.781442307692307
942,2.781442307692307
943,2.781442307692307
944,2.781442307692307
945,2.781442307692307
946,2.781442307692307
947,2.781442307692307
948,2.781442307692307
949,2.781442307692307
950,2.781442307692307
951,2.781442307692307
952,2.781442307692307
953,2.781442307692307
954,2.781442307692307
955,2.781442307692307
956,2.781442307692307
957,2.781442307692307
958,2.781442307692307
959,2.781442307692307
960,2.781442307692307
961,2.781442307692307
962,2.781442307692307
963,2.781442307692307
964,2.781442307692307
965,2.781442307692307
966,2.781442307692307
967,2.781442307692307
968,2.781442307692307
969,2.781442307692307
970,2.781442307692307
971,2.781442307692307
972,2.781442307692307
973,2.781442307692307
974,2.781442307692307
975,2.781442307692307
976,2.781442307692307
977,2.781442307692307
978,2.781442307692307
979,2.781442307692307
980,2.781442307692307
981,2.781442307692307
982,2.781442307692307
983,2.781442307692307
984,2.781442307692307
985,2.781442307692307
986,2.781442307692307
987,2.781442307692307
988,2.781442307692307
989,2.781442307692307
990,2.781442307692307
991,2.781442307692307
992,2.781442307692307
993,2.781442307692307
994,2.781442307692307
995,2.781442307692307
996,2.781442307692307
997,2.781442307692307
998,2.781442307692307
999,2.781442307692307
1000,2.781442307692307
1001,2.781442307692307
1002,2.781442307692307
1003,2.781442307692307
1004,2.781442307692307
1005,2.781442307692307
1006,2.781442307692307
1007,2.4824038461538462
1008,2.781442307692307
1009,2.781442307692307
1010,2.781442307692307
1011,2.4824038461538462
1012,2.6200961538461542
1013,1.6048076923076928
1014,1.6048076923076928
1015,2.6200961538461542
1016,2.781442307692307
1017,2.781442307692307
1018,2.781442307692307
1019,2.781442307692307
1020,2.781442307692307
1021,2.781442307692307
1022,2.781442307692307
1023,2.781442307692307
1024,2.781442307692307
1025,2.781442307692307
1026,2.781442307692307
1027,2.781442307692307
1028,2.781442307692307
1029,2.781442307692307
1030,2.781442307692307
1031,2.781442307692307
1032,2.781442307692307
1033,2.781442307692307
1034,2.781442307692307
1035,2.781442307692307
1036,2.781442307692307
1037,2.781442307692307
1038,2.781442307692307
1039,2.781442307692307
1040,2.781442307692307
1041,2.781442307692307
1042,2.781442307692307
1043,2.781442307692307
1044,2.781442307692307
1045,2.781442307692307
1046,2.781442307692307
1047,2.781442307692307
1048,2.781442307692307
1049,2.781442307692307
1050,2.781442307692307
1051,2.781442307692307
1052,2.781442307692307
1053,2.781442307692307
1054,2.781442307692307
1055,2.781442307692307
1056,2.781442307692307
1057,2.781442307692307
1058,2.781442307692307
1059,2.781442307692307
1060,2.781442307692307
1061,2.781442307692307
1062,2.781442307692307
1063,2.781442307692307
1064,2.781442307692307
1065,2.781442307692307
1066,2.781442307692307
1067,2.781442307692307
1068,2.781442307692307
1069,2.781442307692307
1070,2.781442307692307
1071,2.781442307692307
1072,2.781442307692307
1073,2.781442307692307
1074,2.781442307692307
1075,2.781442307692307
1076,2.781442307692307
1077,2.781442307692307
1078,2.781442307692307
1079,2.781442307692307
1080,2.781442307692307
1081,2.781442307692307
1082,2.781442307692307
1083,2.781442307692307
1084,2.781442307692307
1085,2.781442307692307
1086,2.781442307692307
1087,2.781442307692307
1088,2.781442307692307
1089,2.781442307692307
1090,2.781442307692307
1091,2.781442307692307
1092,2.781442307692307
1093,2.781442307692307
1094,2.781442307692307
1095,2.781442307692307
1096,2.781442307692307
1097,2.781442307692307
1098,2.781442307692307
1099,2.781442307692307
1100,2.781442307692307
1101,1.6048076923076928
1102,1.6048076923076928
1103,2.781442307692307
1104,1.6730769230769231
1105,2.4824038461538462
1106,2.781442307692307
1107,2.781442307692307
1108,2.781442307692307
1109,2.781442307692307
1110,2.781442307692307
1111,2.781442307692307
1112,2.781442307692307
1113,2.781442307692307
1114,2.781442307692307
1115,2.781442307692307
1116,2.781442307692307
1117,2.781442307692307
1118,2.781442307692307
1119,2.781442307692307
1120,2.781442307692307
1121,2.52875
1122,2.781442307692307
1123,2.781442307692307
1124,2.781442307692307
1125,2.689134615384615
1126,1.6730769230769231
1127,1.6048076923076928
1128,1.6048076923076928
1129,1.6048076923076928
1130,1.6048076923076928
1131,1.6048076923076928
1132,1.6048076923076928
1133,1.6048076923076928
1134,1.6048076923076928
1135,1.6048076923076928
1136,1.6048076923076928
1137,1.6048076923076928
1138,1.6048076923076928
1139,1.6048076923076928
1140,1.6048076923076928
1141,1.6048076923076928
1142,1.6048076923076928
1143,1.6048076923076928
1144,1.6048076923076928
1145,1.6048076923076928
1146,1.6048076923076928
1147,1.6048076923076928
1148,1.6048076923076928
1149,1.6048076923076928
1150,1.6730769230769231
1151,2.6200961538461542
1152,1.6048076923076928
1153,2.4824038461538462
1154,2.4824038461538462
1155,1.6048076923076928
1156,2.6200961538461542
1157,1.6048076923076928
1158,1.6048076923076928
1159,1.6048076923076928
1160,1.6048076923076928
1161,1.6048076923076928
1162,2.52875
1163,1.6048076923076928
1164,2.781442307692307
1165,1.6048076923076928
1166,1.6048076923076928
1167,1.6048076923076928
1168,1.6048076923076928
1169,1.6048076923076928
1170,1.6048076923076928
1171,1.6730769230769231
1172,2.781442307692307
1173,1.6048076923076928
1174,2.781442307692307
1175,2.781442307692307
1176,2.781442307692307
1177,2.781442307692307
1178,2.781442307692307
1179,2.781442307692307
1180,2.781442307692307
1181,2.781442307692307
1182,2.781442307692307
1183,2.781442307692307
1184,2.781442307692307
1185,2.781442307692307
1186,2.781442307692307
1187,2.781442307692307
1188,2.781442307692307
1189,2.781442307692307
1190,2.781442307692307
1191,2.781442307692307
1192,2.781442307692307
1193,2.781442307692307
1194,2.781442307692307
1195,2.781442307692307
1196,2.781442307692307
1197,2.781442307692307
1198,2.781442307692307
1199,2.781442307692307
1200,2.781442307692307
1201,2.781442307692307
1202,2.781442307692307
1203,2.781442307692307
1204,2.781442307692307
1205,2.781442307692307
1206,2.781442307692307
1207,2.781442307692307
1208,2.781442307692307
1209,2.781442307692307
1210,2.781442307692307
1211,2.781442307692307
1212,2.781442307692307
1213,2.781442307692307
1214,2.781442307692307
1215,2.781442307692307
1216,2.781442307692307
1217,2.781442307692307
1218,2.781442307692307
1219,2.781442307692307
1220,2.781442307692307
1221,2.781442307692307
1222,2.781442307692307
1223,2.781442307692307
1224,2.781442307692307
1225,2.781442307692307
1226,2.781442307692307
1227,2.781442307692307
1228,2.781442307692307
1229,2.781442307692307
1230,2.781442307692307
1231,2.781442307692307
1232,2.781442307692307
1233,2.781442307692307
1234,2.781442307692307
1235,2.781442307692307
1236,2.781442307692307
1237,2.781442307692307
1238,2.781442307692307
1239,2.781442307692307
1240,2.781442307692307
1241,2.781442307692307
1242,2.781442307692307
1243,2.781442307692307
1244,2.781442307692307
1245,2.781442307692307
1246,2.781442307692307
1247,2.781442307692307
1248,2.781442307692307
1249,2.781442307692307
1250,2.781442307692307
1251,2.781442307692307
1252,2.781442307692307
1253,2.781442307692307
1254,2.781442307692307
1255,2.781442307692307
1256,2.781442307692307
1257,2.781442307692307
1258,2.781442307692307
1259,2.781442307692307
1260,2.781442307692307
1261,2.781442307692307
1262,2.781442307692307
1263,2.781442307692307
1264,2.781442307692307
1265,2.781442307692307
1266,2.781442307692307
1267,2.781442307692307
1268,2.781442307692307
1269,2.781442307692307
1270,2.781442307692307
1271,2.781442307692307
1272,2.781442307692307
1273,2.781442307692307
1274,2.781442307692307
1275,2.781442307692307
1276,2.781442307692307
1277,2.781442307692307
1278,2.781442307692307
1279,2.781442307692307
1280,2.781442307692307
1281,2.781442307692307
1282,2.781442307692307
1283,2.781442307692307
1284,2.781442307692307
1285,2.781442307692307
1286,2.781442307692307
1287,2.781442307692307
1288,2.781442307692307
1289,2.781442307692307
1290,2.781442307692307
1291,2.781442307692307
1292,2.781442307692307
1293,2.781442307692307
1294,2.781442307692307
1295,2.781442307692307
1296,2.781442307692307
1297,2.781442307692307
1298,2.781442307692307
1299,2.781442307692307
1300,2.781442307692307
1301,2.781442307692307
1302,2.781442307692307
1303,2.781442307692307
1304,2.781442307692307
1305,2.781442307692307
1306,2.781442307692307
1307,2.781442307692307
1308,2.781442307692307
1309,2.781442307692307
1310,2.781442307692307
1311,2.781442307692307
1312,2.781442307692307
1313,2.781442307692307
1314,2.781442307692307
1315,2.781442307692307
1316,2.781442307692307
1317,2.781442307692307
1318,2.781442307692307
1319,2.781442307692307
1320,2.781442307692307
1321,2.781442307692307
1322,2.781442307692307
1323,2.781442307692307
1324,2.781442307692307
1325,2.781442307692307
1326,2.781442307692307
1327,2.781442307692307
1328,2.781442307692307
1329,2.781442307692307
1330,2.781442307692307
1331,2.781442307692307
1332,2.781442307692307
1333,2.781442307692307
1334,2.781442307692307
1335,2.781442307692307
1336,2.781442307692307
1337,2.781442307692307
1338,2.781442307692307
1339,2.781442307692307
1340,2.781442307692307
1341,2.781442307692307
1342,2.781442307692307
1343,2.781442307692307
1344,2.781442307692307
1345,2.781442307692307
1346,2.781442307692307
1347,2.781442307692307
1348,2.781442307692307
1349,2.781442307692307
1350,2.781442307692307
1351,2.781442307692307
1352,2.781442307692307
1353,2.781442307692307
1354,2.781442307692307
1355,2.781442307692307
1356,2.781442307692307
1357,2.781442307692307
1358,2.781442307692307
1359,2.781442307692307
1360,2.781442307692307
1361,2.781442307692307
1362,2.781442307692307
1363,2.781442307692307
1364,2.781442307692307
1365,2.781442307692307
1366,2.781442307692307
1367,2.781442307692307
1368,2.781442307692307
1369,2.781442307692307
1370,2.781442307692307
1371,2.781442307692307
1372,2.781442307692307
1373,2.781442307692307
1374,2.781442307692307
1375,2.781442307692307
1376,2.781442307692307
1377,2.781442307692307
1378,2.781442307692307
1379,2.781442307692307
1380,2.781442307692307
1381,2.781442307692307
1382,2.781442307692307
1383,2.781442307692307
1384,2.781442307692307
1385,2.781442307692307
1386,2.781442307692307
1387,2.781442307692307
1388,2.781442307692307
1389,2.781442307692307
1390,2.781442307692307
1391,2.781442307692307
1392,2.781442307692307
1393,2.781442307692307
1394,2.781442307692307
1395,2.781442307692307
1396,2.781442307692307
1397,2.781442307692307
1398,2.781442307692307
1399,2.781442307692307
1400,2.781442307692307
1401,2.781442307692307
1402,2.781442307692307
1403,2.781442307692307
1404,2.781442307692307
1405,2.781442307692307
1406,2.781442307692307
1407,2.781442307692307
1408,2.781442307692307
1409,2.781442307692307
1410,2.781442307692307
1411,2.781442307692307
1412,2.781442307692307
1413,2.781442307692307
1414,2.781442307692307
1415,2.781442307692307
1416,2.781442307692307
1417,2.781442307692307
1418,2.781442307692307
1419,2.781442307692307
1420,2.781442307692307
1421,2.781442307692307
1422,2.781442307692307
1423,2.781442307692307
1424,2.781442307692307
1425,2.781442307692307
1426,2.781442307692307
1427,2.781442307692307
1428,2.781442307692307
1429,2.781442307692307
1430,2.781442307692307
1431,2.781442307692307
1432,2.781442307692307
1433,2.781442307692307
1434,2.781442307692307
1435,2.781442307692307
1436,2.781442307692307
1437,2.781442307692307
1438,2.781442307692307
1439,2.781442307692307
1440,2.781442307692307
1441,2.781442307692307
1442,2.781442307692307
1443,2.781442307692307
1444,2.781442307692307
1445,2.781442307692307
1446,2.781442307692307
1447,2.781442307692307
1448,2.781442307692307
1449,2.781442307692307
1450,2.781442307692307
1451,2.781442307692307
1452,2.781442307692307
1453,2.781442307692307
1454,2.781442307692307
1455,2.781442307692307
1456,2.781442307692307
1457,2.781442307692307
1458,2.781442307692307
1459,2.781442307692307
1460,2.781442307692307
1461,2.781442307692307
1462,2.781442307692307
1463,2.781442307692307
1464,2.781442307692307
1465,2.781442307692307
1466,2.781442307692307
1467,2.781442307692307
1468,2.781442307692307
1469,2.781442307692307
1470,2.781442307692307
1471,2.781442307692307
1472,2.781442307692307
1473,2.781442307692307
1474,2.6200961538461542
1475,1.6730769230769231
1476,2.4824038461538462
1477,1.6048076923076928
1478,1.6048076923076928
1479,1.6048076923076928
1480,1.6048076923076928
1481,1.6048076923076928
1482,1.6048076923076928
1483,1.6048076923076928
1484,1.6048076923076928
1485,1.6048076923076928
1486,1.6048076923076928
1487,1.6048076923076928
1488,1.6048076923076928
1489,1.6048076923076928
1490,1.6048076923076928
1491,1.6048076923076928
1492,1.6048076923076928
1493,1.6048076923076928
1494,1.6048076923076928
1495,1.6048076923076928
1496,1.6048076923076928
1497,1.6048076923076928
1498,1.6048076923076928
1499,1.6048076923076928
1500,1.6048076923076928
1501,1.6048076923076928
1502,1.6048076923076928
1503,1.6048076923076928
1504,1.6048076923076928
1505,1.6048076923076928
1506,1.6048076923076928
1507,1.6048076923076928
1508,1.6048076923076928
1509,1.6048076923076928
1510,1.6048076923076928
1511,1.6048076923076928
1512,1.6048076923076928
1513,2.781442307692307
1514,2.781442307692307
1515,2.781442307692307
1516,2.781442307692307
1517,2.781442307692307
1518,2.781442307692307
1519,2.781442307692307
1520,2.781442307692307
1521,2.781442307692307
1522,2.781442307692307
1523,2.781442307692307
1524,2.781442307692307
1525,2.781442307692307
1526,2.781442307692307
1527,2.781442307692307
1528,2.781442307692307
1529,2.781442307692307
1530,2.781442307692307
1531,2.781442307692307
1532,2.781442307692307
1533,2.781442307692307
1534,2.781442307692307
1535,2.781442307692307
1536,2.781442307692307
1537,2.781442307692307
1538,2.781442307692307
1539,2.781442307692307
1540,2.781442307692307
1541,2.781442307692307
1542,2.781442307692307
1543,2.781442307692307
1544,2.781442307692307
1545,2.781442307692307
1546,2.781442307692307
1547,2.781442307692307
1548,2.781442307692307
1549,2.781442307692307
1550,2.781442307692307
1551,2.781442307692307
1552,2.781442307692307
1553,2.781442307692307
1554,2.781442307692307
1555,2.781442307692307
1556,2.781442307692307
1557,2.781442307692307
1558,2.781442307692307
1559,2.781442307692307
1560,2.781442307692307
1561,2.781442307692307
1562,2.781442307692307
1563,2.781442307692307
1564,2.781442307692307
1565,2.781442307692307
1566,2.781442307692307
1567,2.781442307692307
1568,2.781442307692307
1569,2.781442307692307
1570,2.781442307692307
1571,2.781442307692307
1572,2.781442307692307
1573,2.781442307692307
1574,2.781442307692307
1575,2.781442307692307
1576,2.781442307692307
1577,2.781442307692307
1578,2.781442307692307
1579,2.781442307692307
1580,2.781442307692307
1581,2.781442307692307
1582,2.781442307692307
1583,2.781442307692307
1584,2.781442307692307
1585,2.781442307692307
1586,2.781442307692307
1587,2.781442307692307
1588,2.781442307692307
1589,2.781442307692307
1590,2.781442307692307
1591,2.781442307692307
1592,2.781442307692307
1593,2.781442307692307
1594,2.781442307692307
1595,2.781442307692307
1596,2.781442307692307
1597,2.781442307692307
1598,2.781442307692307
1599,2.781442307692307
1600,2.781442307692307
1601,2.781442307692307
1602,2.781442307692307
1603,2.781442307692307
1604,2.781442307692307
1605,2.781442307692307
1606,2.781442307692307
1607,2.781442307692307
1608,2.781442307692307
1609,2.781442307692307
1610,2.781442307692307
1611,2.781442307692307
1612,2.781442307692307
1613,2.781442307692307
1614,2.781442307692307
1615,2.781442307692307
1616,2.781442307692307
1617,2.781442307692307
1618,2.781442307692307
1619,2.781442307692307
1620,2.781442307692307
1621,2.781442307692307
1622,2.781442307692307
1623,2.781442307692307
1624,2.781442307692307
1625,2.781442307692307
1626,2.781442307692307
1627,2.781442307692307
1628,2.781442307692307
1629,2.781442307692307
1630,2.781442307692307
1631,2.781442307692307
1632,2.781442307692307
1633,2.781442307692307
1634,2.781442307692307
1635,2.781442307692307
1636,2.781442307692307
1637,2.781442307692307
1638,2.781442307692307
1639,2.781442307692307
1640,2.781442307692307
1641,2.781442307692307
1642,2.781442307692307
1643,2.781442307692307
1644,2.781442307692307
1645,2.781442307692307
1646,2.781442307692307
1647,2.781442307692307
1648,2.781442307692307
1649,2.781442307692307
1650,2.781442307692307
1651,2.781442307692307
1652,2.781442307692307
1653,2.781442307692307
1654,2.781442307692307
1655,2.781442307692307
1656,2.781442307692307
1657,2.781442307692307
1658,2.781442307692307
1659,2.781442307692307
1660,2.781442307692307
1661,2.781442307692307
1662,2.781442307692307
1663,2.781442307692307
1664,2.781442307692307
1665,2.781442307692307
1666,2.781442307692307
1667,2.781442307692307
1668,2.781442307692307
1669,2.781442307692307
1670,2.781442307692307
1671,2.781442307692307
1672,2.781442307692307
1673,2.781442307692307
1674,2.781442307692307
1675,2.781442307692307
1676,2.781442307692307
1677,2.781442307692307
1678,2.781442307692307
1679,2.781442307692307
1680,2.781442307692307
1681,2.781442307692307
1682,2.781442307692307
1683,2.781442307692307
1684,2.781442307692307
1685,2.781442307692307
1686,2.781442307692307
1687,2.781442307692307
1688,2.781442307692307
1689,2.781442307692307
1690,2.781442307692307
1691,2.781442307692307
1692,2.781442307692307
1693,2.781442307692307
1694,2.781442307692307
1695,2.781442307692307
1696,2.781442307692307
1697,2.781442307692307
1698,2.781442307692307
1699,2.781442307692307
1700,2.781442307692307
1701,2.781442307692307
1702,2.781442307692307
1703,2.781442307692307
1704,2.781442307692307
1705,2.781442307692307
1706,2.781442307692307
1707,2.781442307692307
1708,2.781442307692307
1709,2.781442307692307
1710,2.781442307692307
1711,2.781442307692307
1712,2.781442307692307
1713,2.781442307692307
1714,2.781442307692307
1715,2.781442307692307
1716,2.781442307692307
1717,2.781442307692307
1718,2.781442307692307
1719,2.781442307692307
1720,2.781442307692307
1721,2.781442307692307
1722,2.781442307692307
1723,2.781442307692307
1724,2.781442307692307
1725,2.781442307692307
1726,2.781442307692307
1727,2.781442307692307
1728,2.781442307692307
1729,2.781442307692307
1730,2.781442307692307
1731,2.781442307692307
