,0
0,1.6540842054671778
1,1.5580678989291221
2,1.4746846847118593
3,1.4798803315370093
4,1.2470224754547168
5,1.4561504105793381
6,1.2640951984588829
7,1.3467909262301117
8,1.2778570312352708
9,1.3140286641947565
10,1.4358721874024991
11,1.5168946640274958
12,1.639576647737342
13,1.707203611498852
14,1.6478329960521136
15,1.9155931432692865
16,1.8201577579114059
17,1.7937958893382915
18,1.7145808657578239
19,1.6872318515968585
20,1.7721804098567007
21,1.7642944147719664
22,1.8944150757983194
23,1.923566695624221
24,1.8506333410204034
25,1.9543544469769847
26,1.9316372932943902
27,1.733138759286557
28,1.766471622049364
29,1.6814247115851946
30,1.6453469112898371
31,1.5422030101286774
32,1.6510951554077782
33,1.542621002382123
34,1.5090045149843598
35,1.3722310588748092
36,1.5259878778668863
37,1.406112293028728
38,1.2831822348076827
39,1.27969719131058
40,1.2317625483842225
41,1.2643899847687174
42,1.292195625998218
43,1.2000470024964147
44,1.2480684725031463
45,1.2709580266781113
46,1.2585067442597722
47,1.1611213281321195
48,1.1583264961635702
49,1.2098331130163245
50,1.1499542245664731
51,1.175634876870087
52,1.3007798572670763
53,1.2899448046601174
54,1.381539572197762
55,1.6273383314458167
56,1.5240582194364838
57,1.5386931438669489
58,1.6674652130391034
59,1.7166664131785567
60,1.6938750207964521
61,1.9384903509609979
62,2.0848271646835697
63,2.2585964772761806
64,2.1092584980619056
65,2.1924223801352016
66,2.5409288975217375
67,2.714768979949789
68,2.738669368948652
69,3.1657957644139647
70,3.2811542643180065
71,4.013582879469876
72,4.006694906605424
73,4.096674142259827
74,5.186208076549305
75,5.207698632716071
76,5.120438931416472
77,5.007284836956024
78,4.506720313743113
79,4.7863614199219295
80,3.7715582700638315
81,4.293724914872791
82,4.436079333931334
83,3.9559088621128833
84,4.182221300416331
85,4.453003692905693
86,4.434897886667702
87,4.431757201108995
88,3.9951852332120334
89,4.373204723333605
90,4.4402143413876916
91,4.171345384339882
92,4.353503665132546
93,4.751868642529723
94,5.280168223577987
95,5.2781370363556235
96,5.324047670950157
97,5.190291655285145
98,5.51437725771201
99,5.324047670950157
100,4.73729424087514
101,4.457811655989635
102,4.7170680249614225
103,5.011206811084199
104,5.324822893766556
105,5.026938747479692
106,4.855220539731789
107,4.994985916097203
108,3.991094066249222
109,4.794171343774811
110,4.419489143105645
111,3.9476736167829047
112,3.740958115660757
113,3.6649037749998645
114,3.165211470834053
115,3.4821316447475943
116,3.4787891483849838
117,3.433934185682252
118,3.48711540678448
119,3.468044000300842
120,3.335841962901138
121,3.1828085275889686
122,3.374382309150857
123,3.422818065092861
124,3.401254727054108
125,3.4513376232011703
126,3.0497596250920163
127,2.969936350233176
128,3.1698933337407302
129,3.38738060852757
130,2.9443928532490404
131,3.3765091494373696
132,3.399374171404552
133,3.3676380179821006
134,3.504044967698372
135,3.428955906680729
136,3.615045798362077
137,3.3809751615108654
138,3.355127382384907
139,3.0662215711248466
140,3.0780324113297355
141,2.6446227532021878
142,2.482681536201335
143,2.350475280354209
144,2.732747707243592
145,2.5711402323957024
146,2.429899640668667
147,2.3326777405394092
148,2.1285565360927814
149,2.141380006334689
150,2.0423842744645198
151,1.8262293496906365
152,1.7389751039970256
153,1.6634689377067189
154,1.5167342860248438
155,1.6656829397277657
156,1.6532184497475733
157,1.6308567814780894
158,1.471174551495485
159,1.4662582208018375
160,1.3029870824889151
161,1.375621353679344
162,1.3000163944640928
163,1.3064134936130813
164,1.0815415592503932
165,1.2562001695968195
166,1.1818535512652582
167,1.2780397519394562
168,1.6014645141567732
169,1.753636843237431
170,1.7420444014315777
171,1.861281302825744
172,1.6484214029042483
173,1.9359047397550129
174,1.7207578183581391
175,2.0516785637617976
176,1.832998047649811
177,2.0839214107029105
178,2.362827528453765
179,2.242752828516279
180,2.2807703178974084
181,2.2448610181779176
182,2.3212412726808505
183,2.229136965169949
184,2.292816439491535
185,2.3295071673068812
186,2.2990069140056155
187,2.3088565126064755
188,2.2766678468375168
189,2.234876452093377
190,1.8867379707761225
191,2.06419836523723
192,2.2413322388717667
193,2.2352505633545925
194,1.8666314175729408
195,2.1426738305062165
196,2.2817154211380113
197,2.315519991608163
198,2.2748196453968097
199,2.4570362169979654
200,2.7153246628158687
201,2.4214020000978254
202,2.494102997305248
203,2.5684320400768286
204,2.542136282305911
205,2.4486303834681213
206,2.4533666950381496
207,2.5799606332531475
208,2.4957241012862657
209,2.3856638186787107
210,2.365491312431226
211,2.517326902779986
212,2.4803441834232505
213,2.552075076263988
214,2.5443668512756137
215,2.4529260849665695
216,2.300436619417281
217,2.122975589283824
218,2.0933963031112137
219,2.1255076000827398
220,2.065173051602673
221,2.062746053997814
222,2.035856885226213
223,1.9528563369524952
224,1.9551983033274698
225,1.8396548427739117
226,1.756017133850025
227,1.7745242112048976
228,1.5788457269769558
229,1.6243080518153263
230,1.5829796488685857
231,1.5377869438044587
232,1.5048255669922055
233,1.4460889934267944
234,1.4935368619583935
235,1.4979883887813474
236,1.325880401323199
237,1.5203651056390468
238,1.404480187657134
239,1.3154857593486469
240,1.3799200554526239
241,1.3656740743402083
242,1.486617051131502
243,1.4898660278431433
244,1.4859794798093107
245,1.434220811550796
246,1.4795444747639013
247,1.57771207530908
248,1.5568417002890844
249,1.5708665696283937
250,1.6638592996607544
251,1.6349797309665977
252,1.475201801768974
253,1.5384343001533438
254,1.6426903946827716
255,1.4823179694751978
256,1.4699311954374772
257,1.4132178584083592
258,1.445381900202751
259,1.571565269707681
260,1.6890009147036762
261,1.659139870295158
262,1.4764331435969773
263,1.489956646107747
264,1.3339671939889117
265,1.3644080988633835
266,1.3025855950875374
267,1.2054191456218697
268,1.2045318737923814
269,1.18431655672355
270,1.2492514167220974
271,1.1031328862613428
272,1.2647024095734216
273,1.2138946389146623
274,1.3866602167300162
275,1.5062658510210363
276,1.7227679261068582
277,1.961484314815805
278,1.958394774659367
279,2.1871290454643963
280,2.4289475383189636
281,2.538467812816214
282,3.0712896737198903
283,3.2236599875479093
284,3.02680387343377
285,3.28789611652719
286,2.5973651522477357
287,2.5386050461244603
288,2.4152068250962615
289,2.2741227220614966
290,2.2416568875974563
291,2.122516808311124
292,1.995487489013986
293,1.9166830267236605
294,1.9240740398397345
295,1.7900330191779323
296,1.796022549880477
297,1.7977519593581026
298,1.736975300013998
299,1.8138640257068708
300,1.8930533746901534
301,1.6555598026610592
302,1.6610594028430055
303,1.5774163590698473
304,1.5452668721067637
305,1.5289901782721125
306,1.530729719463521
307,1.4438154324101735
308,1.4800826207232478
309,1.4479830898155504
310,1.703781558357917
311,1.563306274767641
312,1.530884057653042
313,1.4575025180240122
314,1.4795015146064228
315,1.4770271119510339
316,1.4384943649943116
317,1.4724239803673538
318,1.3246531703984084
319,1.3436418963210648
320,1.3175287899466088
321,1.4436006778714718
322,1.4485325647038076
323,1.385934347859243
324,1.425025197198072
325,1.3651178255879977
326,1.3755443723183927
327,1.3681339740082012
328,1.3484632530189584
329,1.4747551289677996
330,1.659864649534753
331,1.7644477808615189
332,1.8497222403308675
333,1.8072554566037362
334,1.8509306676288237
335,1.9106754933963657
336,1.9260231266058279
337,1.8337493336861028
338,1.7181378012537267
339,1.6098505010755089
340,1.4348830120759246
341,1.3969161610469214
342,1.4142765197704246
343,1.4435317202977085
344,1.3644319257423005
345,1.4137138374711364
346,1.427885499333979
347,1.436449107765432
348,1.4747468921733211
349,1.3941224744212983
350,1.4202540509381576
351,1.2358941700823125
352,1.2164321494021546
353,1.211466121932128
354,1.0921543262893616
355,1.1821690127579714
356,1.1617119472903394
357,1.2625940325309561
358,1.2781139308051261
359,1.2706480875297528
360,1.3321522379434325
361,1.3557001017210126
362,1.4387385399400323
363,1.467060348811072
364,1.4314742736109447
365,1.4850046337404428
366,1.5668462774127336
367,1.6876668462138225
368,1.6887834511024713
369,1.6969837438605213
370,1.6552679299358666
371,1.7205534901162667
372,1.7714816245254428
373,1.79671569963108
374,1.8901480317108543
375,1.8756412849735622
376,1.8623487429277945
377,1.9022588814812815
378,1.9739452445807633
379,1.947557126674099
380,2.361493079067292
381,2.3156320273254387
382,2.4200814081054727
383,2.4374383550136516
384,2.5335612183805285
385,2.4292026915953353
386,2.5583652505078445
387,2.516960626674765
388,2.53102990609062
389,2.215947451323484
390,2.401840041523455
391,2.172874025347871
392,2.063976628541116
393,2.126530239154116
394,2.3628500042945055
395,2.304003415250745
396,2.351102216811735
397,2.2591520474733264
398,2.2857900633814987
399,2.3309205476141197
400,2.3455308687344902
401,2.1610455898572822
402,2.0555477453859945
403,2.30802718645794
404,2.212868126046669
405,2.263242054909364
406,2.3622300436577843
407,2.3764899154696475
408,2.438949373102876
409,2.275435782555555
410,2.5393310265162348
411,2.452782301350702
412,2.513372020396798
413,2.4415019165065526
414,2.426736396752203
415,2.444465530588233
416,2.730988764807196
417,2.6703967158556727
418,3.1863232232576184
419,2.9408655826057393
420,3.3149693580117408
421,3.425339815263455
422,3.4367985901528657
423,2.955223224762412
424,2.7227839026589873
425,2.9272792826914436
426,2.5821188935255766
427,2.529143757690189
428,2.4432776910439316
429,2.3488988933754107
430,2.395053554269308
431,2.116762616804876
432,2.2091348832159374
433,2.1969485513905536
434,2.0958676651488055
435,1.9381957256719318
436,1.9595373247172214
437,1.7057798934833988
438,1.647725049805992
439,1.8745956869247549
440,1.592726414611607
441,1.5986519500439191
442,1.5987932738537793
443,1.6193638455835648
444,1.6115996602098146
445,1.5383020136251135
446,1.5989902434599015
447,1.5097548418001356
448,1.5288621273913763
449,1.5062802306780643
450,1.529907304425192
451,1.4187382666122708
452,1.2866775333692984
453,1.290444995180772
454,1.2849480118148662
455,1.24553219885561
456,1.1782164294360804
457,1.1353692174058734
458,1.2144630591225158
459,1.1882190859010011
460,1.178751971349239
461,1.2281017721217171
462,1.2881405328826419
463,1.3252748598908148
464,1.4705348800309042
465,1.3216136283365816
466,1.2055279590998866
467,1.3430761914369265
468,1.3796216082038717
469,1.3847675737960605
470,1.489355188173342
471,1.3533414403174584
472,1.3975378255105946
473,1.3506093125474732
474,1.4438347256510147
475,1.5594343681178806
476,2.0621561122904213
477,2.226298844635598
478,1.991117163773197
479,1.964561854645346
480,1.7808302735926567
481,2.061078971915562
482,2.4889260306815943
483,2.5895176113104745
484,2.3098775298608887
485,2.4502939807709647
486,2.348479356925045
487,2.3577168529098698
488,2.2412304366320615
489,2.031177683468604
490,2.0897920721003147
491,2.0351519902607826
492,2.0425923828879613
493,1.8706766609175332
494,1.910260912210771
495,1.8677432206419753
496,1.7778052076089548
497,1.7977833808965864
498,1.8676856442708787
499,1.9189676945457408
500,1.836416047640825
501,1.8717634318701715
502,1.971689844706882
503,1.8824461440311124
504,1.9170890076105203
505,1.8617715310791463
506,1.9156724638564762
507,1.8168647834499068
508,1.8459080643518562
509,1.6245162836442182
510,1.4651869320977857
511,1.4026373967250736
512,1.5342723660650113
513,1.8066307655217377
514,1.7995562241587857
515,1.8192213586524122
516,1.887678276832988
517,1.936149329030699
518,1.9444634704198343
519,2.061838356855522
520,2.275073151872975
521,2.573481116729767
522,2.570191598804076
523,2.5392712887695144
524,2.903863109064213
525,2.799256389603059
526,2.5737929512689366
527,2.4216695951972294
528,2.3969420395756806
529,2.387847559439145
530,2.52337486649825
531,2.705673317770293
532,3.0540088036417568
533,3.112842456876433
534,3.4707132783705985
535,3.37391803162815
536,3.4075959775469644
537,3.149101613619973
538,3.372211907239905
539,3.383592999603451
540,3.383342311772763
541,3.133362085487165
542,3.368708284051499
543,3.1590439281492437
544,3.227753901261822
545,3.077307333031399
546,3.2254467890231306
547,3.091020629417612
548,3.2832062227914167
549,3.2326358056806828
550,2.8001835505497277
551,3.069992208372196
552,3.1928111753864394
553,2.9663363700803718
554,2.942920311875579
555,2.9044645012871966
556,3.280671453806393
557,3.4024465598308233
558,3.396124823704323
559,3.414627365075481
560,3.2625257868612514
561,3.3732957845029383
562,3.1303739810649036
563,3.0008865617615905
564,3.137951028416418
565,3.2093905444538215
566,3.3427961491249913
567,3.605007896498294
568,3.383683324239287
569,3.4696872366216667
570,3.4208560444349567
571,2.9116530386391775
572,2.8537139036541026
573,2.6863638935569654
574,2.61125724374324
575,2.817361411565873
576,2.6097819586954154
577,2.658082513201786
578,2.563070810234668
579,2.3686880234158463
580,2.5765867379367218
581,2.608044067673781
582,2.5617603713790342
583,2.6590291066776217
584,2.9598406177064347
585,2.9410293469544206
586,2.955019385071178
587,2.907739910909851
588,3.7461170248407436
589,3.9981311291959334
590,4.203374994361907
591,4.493184799226222
592,5.13418537499742
593,5.642976677927922
594,5.6489818440048145
595,6.177860314363238
596,5.883831418489041
597,5.484845979972109
598,5.636037792774616
599,5.2911288252071715
600,5.0172198906921635
601,4.509302254688459
602,4.524658872120734
603,4.975613064513505
604,4.514887692731706
605,4.4494495602449815
606,4.460992141085496
607,4.391086772465387
608,4.594136006928215
609,4.836025430874778
610,4.412616765809929
611,4.108513815858048
612,3.857754246086858
613,3.805475951722362
614,3.5083512541996527
615,3.6489961970673224
616,3.6664215350571427
617,3.6153152529315973
618,3.409901357755056
619,3.64762250698262
620,3.7176282658244757
621,3.890134709520381
622,4.201336831914837
623,3.8737236285377574
624,3.895786057805206
625,3.908164459650275
626,3.79348205098631
627,3.7913339657878287
628,3.8878934652126134
629,4.171751122478648
630,3.905452724471873
631,4.541079587896531
632,4.541079587896531
633,4.178584800185278
634,4.522834618329758
635,3.7900926161972928
636,3.8781182373448817
637,3.986752781038962
638,4.114212556062191
639,3.9721066114736603
640,3.4736575834690133
641,3.6313501892064535
642,3.2577096324506445
643,3.5986881486880598
644,3.4197570217905384
645,3.5936707420099654
646,3.4191601352393834
647,3.205967006643455
648,3.4091685128005635
649,3.2871179496786445
650,3.440385752342514
651,3.861103721382946
652,3.785911581176586
653,3.9218090549920115
654,3.758667327473372
655,3.6333419234495254
656,3.431932764589774
657,3.274385688657439
658,3.3869494433463996
659,3.2525786821108116
660,3.0750015084084694
661,3.234310428721591
662,2.9655764072620268
663,2.6632312017433697
664,2.8265594249300725
665,2.836187898772914
666,2.608793020511824
667,2.449368613690761
668,2.428026492114795
669,2.7655492386070564
670,3.0386485142187385
671,3.0222772689907895
672,3.01017457346865
673,2.9673489395524375
674,2.9426407725132537
675,2.7295069841988786
676,2.946588419381415
677,3.2205571468040746
678,3.3636136420244482
679,3.0564782887984543
680,3.1475434350678833
681,2.68061635893331
682,3.062070427257348
683,2.948328945942322
684,2.9973537238459627
685,2.698753005312973
686,2.931910086194384
687,2.8854117717604515
688,3.1315156091129324
689,3.2969133107831503
690,3.1074943661077303
691,3.0582724346557497
692,2.994692089601616
693,2.8896993268306987
694,2.9123662665848284
695,2.710968651869355
696,2.826447227595406
697,2.626043827019857
698,2.556162541060718
699,2.545650626908155
700,2.5532728526786403
701,2.3618834393422614
702,2.716430980012187
703,2.630899250975737
704,2.5730054781429006
705,2.51127078066903
706,2.5876104605229546
707,2.5690767798971925
708,2.470737446171013
709,2.276805029837787
710,2.132356207251753
711,2.278555077067653
712,2.353122089102391
713,2.2458239353488483
714,2.1352123811104473
715,2.0459617802026853
716,2.276575249916011
717,2.314554720461817
718,2.0207261893482493
719,1.968648025722147
720,1.7801702925067031
721,1.8371524983711298
722,1.842652004323152
723,1.89794490956487
724,1.9036548058470875
725,2.0334323791538904
726,2.34559419150176
727,2.328839929413263
728,2.4564430817098217
729,2.570878262846442
730,2.5518982348188937
731,2.78977602432879
732,2.7752393373984687
733,3.0786804725841037
734,3.1018603387920467
735,3.095631208411613
736,3.443598855609874
737,3.730107650578761
738,3.9147938090276977
739,4.092592690648731
740,4.484677776692276
741,4.460750693358943
742,4.45888367056692
743,4.314574719661044
744,4.45888367056692
745,4.4346047377029345
746,4.293361903237339
747,4.510624852881873
748,4.47570061045763
749,4.372370021970153
750,5.107475858138619
751,4.497230603802173
752,4.483634656803441
753,5.327893891672412
754,5.139086167955353
755,5.131129456039817
756,5.0685366378881
757,5.0866484951666235
758,4.489396927062247
759,4.284708324177509
760,4.09824332396388
761,3.9147375289342294
762,4.451411943678504
763,4.162078746252962
764,4.498336179755818
765,4.604811910330114
766,4.722508548684402
767,4.4733461211589685
768,4.152004410835777
769,4.194209617040411
770,4.5923933639642
771,3.9043118491524798
772,3.6600412577096346
773,3.4726045213623498
774,3.6325953385703933
775,3.916584968178731
776,3.9290865469508525
777,3.941476137480993
778,3.759058078089667
779,4.010548504551946
780,4.147667339448547
781,3.980478218883233
782,4.147424566911116
783,4.586924814344407
784,4.586924814344407
785,4.7778283915548965
786,3.9543946068947045
787,3.731951784135282
788,3.5993559085802906
789,3.6203297210789187
790,3.566577278851517
791,3.6358183680478
792,3.526279703244408
793,3.43754020048077
794,3.6590380660261603
795,4.198478518922592
796,3.7961022360893097
797,4.608952815551027
798,4.910158438187487
799,4.997601076011546
800,4.962177199700585
801,4.978826567116788
802,4.984992293689632
803,5.264552628835932
804,4.911824856351265
805,4.929589781149533
806,6.267134652987576
807,6.520511047395174
808,5.606825383625175
809,6.302542060394983
810,6.520511047395174
811,6.520511047395174
812,6.520511047395174
813,6.3958293013634275
814,6.225746736301841
815,5.9317496782441665
816,5.132721894237337
817,4.7638454089004085
818,4.7550498071533855
819,4.833368714118142
820,4.863205377672452
821,3.9886226961696063
822,3.978234473526921
823,4.245969133744946
824,4.2446930113537995
825,4.270432487520136
826,4.533073762033799
827,4.527816741860989
828,4.628956152090263
829,4.56712292429422
830,4.71264449024807
831,4.802548473648707
832,4.6389098475318
833,4.6969043356825395
834,4.720831419015873
835,4.684093323777778
836,4.438790786216607
837,4.451601798121369
838,4.429842402826562
839,4.576536710158026
840,4.932578540173162
841,4.674141133606837
842,4.2123966395886026
843,4.180948768938914
844,3.7939040794636356
845,3.9107291042215064
846,3.7131551612778266
847,3.5069457313499077
848,3.493794310086126
849,3.122979172730297
850,3.389050451225929
851,3.498728272182008
852,3.3302234271375313
853,3.3589487855602105
854,3.5763555558007436
855,3.5144393883173572
856,3.3510456731670537
857,3.4875779315780764
858,3.355409212501953
859,3.3176170608473625
860,3.329779037269623
861,3.3169947413465475
862,3.329773195739154
863,3.3147822209961566
864,2.9287651132624326
865,3.0671757274169855
866,3.090839648934119
867,3.2990338460176267
868,3.5773750556546386
869,4.288635599805727
870,3.6602273090437745
871,3.756125828892252
872,3.649230798943876
873,3.685632535271841
874,3.4105035649401514
875,3.5545401962959535
876,3.585071313763963
877,3.16933335723947
878,2.8163147747581534
879,3.040466585734264
880,2.8592669200301746
881,3.1027728158711056
882,2.6912543879912367
883,2.8187143039408893
884,3.096054838850669
885,2.7928728593037344
886,2.611565415260771
887,2.502122524186316
888,2.5902818404078567
889,2.4276335256582486
890,2.0947179140262895
891,2.1546556196302493
892,1.9568351675143725
893,2.1259885586300373
894,2.0413448517016763
895,1.8696296785970508
896,2.082228611189113
897,1.8966274455469778
898,1.9187888059397387
899,1.9087677543352939
900,1.8820039938484774
901,1.9044053986797636
902,1.5610754305269612
903,1.5669694364457754
904,1.5146062967784188
905,1.4087550770013895
906,1.3738508041108266
907,1.3431932708279226
908,1.2007547975273454
909,1.1666415994592838
910,1.1413060457798085
911,1.0819829045737006
912,1.0879121828020402
913,1.0440653731489067
914,1.0413449037357634
915,1.0609355550955821
916,0.9802569428817824
917,0.9609949541405227
918,1.0059468927128676
919,0.8889154324473485
920,0.8289518619486742
921,0.7676247945426626
922,0.7742697484487039
923,0.7410956548664925
924,0.6881308830051955
925,0.7612350030718499
926,0.7452275375757438
927,0.751763109953556
928,0.7254417362449793
929,0.7315480034461034
930,0.6832000124526186
931,0.6522574375882584
932,0.644156964053233
933,0.6363084588905474
934,0.6310643742850705
935,0.7349328312404946
936,1.0009206518864788
937,1.1709581617975662
938,1.7863901482824696
939,2.585917936704401
940,3.0959731281030196
941,2.939157835895042
942,3.154796899010231
943,3.166819561760086
944,3.116977000610479
945,2.674002271506522
946,2.6782187883866233
947,2.659561435800923
948,2.6068363111650905
949,2.5910594675428014
950,2.604560824267778
951,2.6606104404545587
952,2.768040006012387
953,2.5954758063240577
954,2.554394758787922
955,2.3799619697412564
956,2.5941276352777836
957,2.6271758333696575
958,2.9133245418569627
959,3.3755481204678417
960,3.169733472349885
961,3.779080600470066
962,3.4224956326394524
963,3.3582909713056672
964,3.6392422485842197
965,3.8664541696863353
966,3.5852225172923604
967,3.65190084147146
968,4.1137869426332205
969,3.7887626089331294
970,3.686716725115732
971,3.818952991377997
972,3.4501530491772807
973,3.58212431004996
974,3.5130296113899533
975,3.5882399672893475
976,3.4540898350624083
977,3.5188480317954007
978,3.0662723467373496
979,2.9656481802550125
980,3.454920728972598
981,3.452043076132973
982,3.198293648628226
983,3.0283609691032214
984,2.8107525207692854
985,3.2749546562265346
986,2.917388313839593
987,3.1953489677731977
988,3.265335982883053
989,3.050272278321823
990,3.239663366219787
991,3.4385865764486097
992,3.447117714895104
993,3.2685654861798024
994,3.193885665205741
995,3.060455258243813
996,2.9548117234281315
997,3.4420679744050076
998,3.233174289875929
999,3.1048491959642743
1000,3.0034832851437425
1001,2.935571135464067
1002,2.992218026763639
1003,2.887445044131895
1004,2.609167338342279
1005,2.489055642896376
1006,2.352064594963957
1007,2.0465673896484327
1008,2.2559838293993826
1009,2.122607382405024
1010,2.1452386990181775
1011,2.0038293306303134
1012,2.0203419039231556
1013,1.9950587896554974
1014,1.9385101005781877
1015,2.0499052672856166
1016,2.1928045653306403
1017,2.383741270891551
1018,2.661557750170555
1019,2.659722405901984
1020,3.539077264476363
1021,3.5494189541564
1022,3.489322720070962
1023,2.723082520249488
1024,2.723078385140086
1025,2.975508318050285
1026,3.015747026246908
1027,2.762405634470091
1028,2.9869715742778062
1029,3.1497899550322668
1030,3.160400389096865
1031,3.835707194688907
1032,3.923387528097327
1033,4.537200052063726
1034,4.431106526290072
1035,4.995124099921492
1036,5.111029232787916
1037,5.369420231775992
1038,5.1199445811453135
1039,5.041378160803709
1040,4.970562953307493
1041,5.2964787781439915
1042,4.989378639582002
1043,6.302542060394983
1044,5.568961891561683
1045,5.651331711729681
1046,5.855813377098509
1047,6.007777749301649
1048,6.007777749301649
1049,6.302542060394983
1050,5.91534696667832
1051,5.170454359822434
1052,6.011547366762546
1053,5.090907284119483
1054,5.096916086428786
1055,4.489506196360822
1056,4.023884620042105
1057,4.015882204583169
1058,4.479059629889987
1059,3.867242505783043
1060,4.025594966563545
1061,3.7698933972535364
1062,3.833723481086149
1063,3.5248641867226858
1064,3.780101345906854
1065,3.6922220935430197
1066,3.6717672764676754
1067,3.738218990208183
1068,3.8998613664879667
1069,3.8278245269774054
1070,3.8981559854124557
1071,3.9870119165288354
1072,3.745496975658671
1073,3.7719773354152895
1074,3.664295348533736
1075,4.2553952415229155
1076,3.7510787093175644
1077,3.471039704237659
1078,3.5038741156647526
1079,3.478953019536772
1080,3.1960031807762066
1081,3.1475636847655317
1082,3.039900255582919
1083,2.967790021152451
1084,2.9402247912280806
1085,2.9488741385735335
1086,3.1072868629740156
1087,2.9700643628706445
1088,3.2150531079918427
1089,2.961793963318907
1090,3.1007601663424045
1091,2.910364890959802
1092,2.6025464050367875
1093,2.421703328268165
1094,2.5154829136696373
1095,2.441044749542236
1096,2.3396914561512094
1097,2.3288097356749065
1098,2.3382365947564328
1099,2.3132616284694
1100,2.30937453312045
1101,1.997008860683059
1102,1.93514965239523
1103,2.062084173565807
1104,1.9365730589540608
1105,1.989277871172367
1106,2.4129018648511167
1107,2.854014719378832
1108,2.7456297315025164
1109,2.8776665645416295
1110,3.0195150515336473
1111,3.080199981709394
1112,2.971173576772172
1113,3.082806895623412
1114,3.015679449487233
1115,2.9045199950472402
1116,2.5170352203484305
1117,2.3413326898593816
1118,2.2335073978353397
1119,2.122798185366241
1120,2.1242267244367463
1121,2.054840618872891
1122,2.1882813466637465
1123,2.175558269283109
1124,2.0833079074581016
1125,2.000143206571671
1126,1.9504344280180013
1127,1.7445757950989518
1128,1.8226388853588473
1129,1.6664553673330238
1130,1.602523152030619
1131,1.571649417557902
1132,1.5422231665879564
1133,1.5126038025918702
1134,1.5037021535161783
1135,1.5698210638862837
1136,1.5710229639922264
1137,1.5596301018681102
1138,1.5742433849194177
1139,1.5092259072935084
1140,1.5623240361108826
1141,1.5718564361633816
1142,1.6652186641822542
1143,1.8639143274792116
1144,1.8135469630012222
1145,1.807691803934118
1146,1.8115208168464976
1147,1.8240513746853646
1148,1.8305335868205201
1149,1.9178094044262315
1150,1.9640269914878536
1151,2.061530963335693
1152,1.9531890416343218
1153,2.050860032856078
1154,2.0263175630536607
1155,1.8131822279471965
1156,2.01403941027684
1157,1.9422080302858575
1158,1.939467828361976
1159,1.9232023870834658
1160,1.8556461877804629
1161,1.863327588651708
1162,2.0480775147518875
1163,1.9345480021552077
1164,2.0765900175242193
1165,1.9425586659587788
1166,1.8266253222717332
1167,1.8009630152386036
1168,1.8149422520183527
1169,1.8684033515217622
1170,1.9182690707855015
1171,1.9718191095994106
1172,2.090900256704287
1173,1.8918097810590764
1174,2.0954825433148927
1175,2.1061996688323963
1176,2.1332799092780395
1177,2.2977709844841936
1178,2.2900078168510594
1179,2.5109398741605813
1180,2.936415968519431
1181,2.9730885303529164
1182,2.922266320929103
1183,3.3810078664098295
1184,2.7372221581497285
1185,3.0514682792247467
1186,3.2799049000958322
1187,3.201957930938519
1188,3.5695650683053715
1189,3.048912419646014
1190,3.2280612676476164
1191,3.6592210772050304
1192,3.6662261727889227
1193,3.670034412300254
1194,3.6214029079772994
1195,3.3891746267392375
1196,3.4257081929895894
1197,3.6803331452749757
1198,3.791381624537801
1199,3.566721312801524
1200,3.7183736156967715
1201,3.7249579575627774
1202,3.7725581767835323
1203,4.174731692528161
1204,4.027450416494675
1205,4.025057869638969
1206,4.266503522571087
1207,4.817277588318151
1208,4.9379056186519605
1209,4.984463124125415
1210,5.048601076797524
1211,5.426349813441064
1212,6.0875754378200275
1213,5.86115489732502
1214,6.302542060394983
1215,6.225746736301841
1216,5.088093974044967
1217,5.069580539430552
1218,4.979265098975307
1219,4.96855976391271
1220,5.05964721941277
1221,4.53131362869182
1222,4.536185459176151
1223,4.517338735529427
1224,4.669236916462541
1225,4.806013681205779
1226,4.058346260839894
1227,4.713252644862651
1228,4.486371629443199
1229,3.905560020614224
1230,3.9500168397049094
1231,4.569782784590188
1232,3.774507832209967
1233,3.9614540140239862
1234,3.987477361968469
1235,4.569782784590188
1236,3.760806606507492
1237,4.401263984050648
1238,3.7568956367478825
1239,3.6740879729725737
1240,3.430048140763191
1241,3.505970945602592
1242,3.4944071763896507
1243,3.502762424172754
1244,3.511892570670713
1245,3.533918076791318
1246,3.828000937565051
1247,3.657468928216869
1248,3.8209971254554125
1249,3.88477136331581
1250,3.7918505949818693
1251,3.856763616714508
1252,4.07697360343877
1253,4.35091223377267
1254,3.9040624442091554
1255,4.05898847470497
1256,5.065962192010499
1257,4.586256685184591
1258,3.8878506313708727
1259,3.9861040954955067
1260,4.238400688260833
1261,4.7841482255511
1262,4.905335148498302
1263,5.556553341947289
1264,5.980726467250367
1265,5.980726467250367
1266,5.037608293174038
1267,5.00584855566933
1268,5.018792606899528
1269,4.868661128407516
1270,4.739267968754895
1271,4.496264800692336
1272,3.857717437623296
1273,4.142811827924023
1274,4.069294707716809
1275,4.417802745881583
1276,3.8752106713717818
1277,4.2570257973926084
1278,4.110141881477947
1279,4.343367395573715
1280,3.933135544773441
1281,3.7600484081191823
1282,3.8035244044017595
1283,3.8467491565002714
1284,4.17008659175639
1285,4.569782784590188
1286,4.003305114135579
1287,4.003305114135579
1288,4.379536141367375
1289,4.99760049545139
1290,5.007763912511556
1291,4.8982805498245545
1292,4.4849506966315325
1293,4.731042311611135
1294,4.493453853898623
1295,4.870945678501675
1296,5.053682221870225
1297,5.0580588247335925
1298,5.059264987198579
1299,4.954868310859729
1300,5.07441332208809
1301,5.100259434135092
1302,5.356283047023261
1303,4.815283638488762
1304,4.683815813432645
1305,4.812643271505198
1306,4.531223041815587
1307,4.558335202509289
1308,4.95150089766505
1309,4.469313642947458
1310,4.850401456730455
1311,4.44935353289669
1312,4.51084268950081
1313,3.8801643101790235
1314,3.7623214387785477
1315,3.8422176642586185
1316,3.7362980928222407
1317,3.6015532716989576
1318,3.552644366898423
1319,3.4367748105029334
1320,3.181648707183408
1321,3.528021664870952
1322,3.193275607691569
1323,2.8364242448920445
1324,2.8820022437664683
1325,2.684898611821791
1326,2.8241322020046153
1327,2.6476239168296756
1328,2.549963678354166
1329,2.627130703510353
1330,2.4181714507891825
1331,2.2671197726379826
1332,2.2826792550283805
1333,2.42512275955326
1334,2.580747861375701
1335,2.5610862993502854
1336,2.643023021269156
1337,2.5869458422086336
1338,2.719748553101369
1339,2.769530247174036
1340,3.0693112116588823
1341,3.0217222604909932
1342,3.0775184726164557
1343,2.9519176270838767
1344,2.9192166207974215
1345,3.003141264012925
1346,3.0644024118512214
1347,3.3363503864261297
1348,3.4153408936079965
1349,3.69592878734319
1350,3.4267967617608837
1351,3.8131203492123373
1352,4.066943981120103
1353,4.066943981120103
1354,4.473653184360865
1355,4.347068626980779
1356,4.512023049400926
1357,4.460084230614491
1358,4.542898326571869
1359,4.5020077260360525
1360,4.985503717519955
1361,4.978395418395709
1362,4.511382923413829
1363,4.994432278657674
1364,4.83656441995094
1365,4.380559982234038
1366,3.7066214319513766
1367,3.5222144841744467
1368,3.4552177907955812
1369,3.4552177907955812
1370,3.1593717433702952
1371,3.1040764205800158
1372,3.348285934973755
1373,3.1909372319658584
1374,3.695657347316789
1375,3.418560284034387
1376,3.4224532133273167
1377,3.683147683837444
1378,3.2260468909376816
1379,2.995418495006094
1380,3.4691821497778537
1381,2.6863339541187283
1382,2.9259177119092543
1383,3.063254200242358
1384,3.4551857681201366
1385,3.4249316898438247
1386,3.409824282436417
1387,3.4261869568756973
1388,3.7983284647336166
1389,3.713820952507844
1390,3.4119805684685733
1391,3.5995456344889654
1392,3.4180733541379573
1393,3.4469037727811234
1394,3.021269960478838
1395,2.859591214623368
1396,2.8520031270392754
1397,2.9397416625329464
1398,2.9983315147193235
1399,3.0145983846851245
1400,3.280120299154593
1401,3.4331766342693726
1402,3.4311023266586567
1403,3.2236939657331067
1404,3.113976449460224
1405,3.0636681970165935
1406,3.2392907029655147
1407,3.4416706996353645
1408,3.3409133357791116
1409,3.4370539323383342
1410,3.845987053419962
1411,4.0666241004270836
1412,4.019883150413031
1413,4.537394124366606
1414,4.221873823382349
1415,4.229509436709127
1416,5.033544388298354
1417,4.90451768203968
1418,4.034241495889968
1419,3.6174926928624673
1420,3.6404824893806285
1421,3.628883988575497
1422,3.5596276397468323
1423,3.381167049756029
1424,3.228922769587495
1425,3.3840251321802275
1426,3.2373070102754737
1427,3.4003696147846787
1428,3.179340291756521
1429,3.6909494648749046
1430,3.3774734409732794
1431,3.650297515943807
1432,3.615786943739564
1433,3.4384697307124186
1434,3.420456577856586
1435,3.608645991230024
1436,3.679907539555288
1437,3.694499631449338
1438,3.839929738203277
1439,3.767218195273863
1440,4.020499633678326
1441,4.11772107436669
1442,3.726075828055728
1443,3.43513932548616
1444,3.551253123816885
1445,3.4810848479581464
1446,3.405510007467833
1447,3.0105261639095344
1448,3.3866460900591537
1449,3.178745732450818
1450,3.1411469461282753
1451,2.8660339772067385
1452,2.7293301294107435
1453,2.765159116267793
1454,2.702369984966751
1455,2.814111166730388
1456,2.884981531875028
1457,2.6678580976933164
1458,2.6482850062076886
1459,2.5817819843261214
1460,2.601694580321846
1461,2.539362747556774
1462,2.48296494363461
1463,2.5921551502890217
1464,2.609197432145323
1465,2.637444795071185
1466,2.6558747060826304
1467,2.563945780119625
1468,2.5036979010097467
1469,2.5598813165599537
1470,2.477403417027069
1471,2.474443538921095
1472,2.3699880244483165
1473,2.2755309320333446
1474,2.0516374606695424
1475,2.0142944725448286
1476,2.002025113460429
1477,1.993389785293539
1478,1.9711349369266493
1479,1.955930256193508
1480,1.9453321391978338
1481,1.842539376792129
1482,1.7701488782474204
1483,1.8093866258851365
1484,1.7792081250802263
1485,1.7832283088055143
1486,1.672281770868749
1487,1.8156921541648383
1488,1.7459573693401502
1489,1.7608398880417462
1490,1.7606550247047956
1491,1.7505468106069937
1492,1.7401946266923036
1493,1.6266536131738605
1494,1.6607754627420437
1495,1.5431239991063868
1496,1.6376413360049025
1497,1.7280414638919965
1498,1.598055959224917
1499,1.4727388611930554
1500,1.5661682468030995
1501,1.460689791629171
1502,1.3657359793103563
1503,1.3652240553325514
1504,1.4227583623050182
1505,1.4999747898913012
1506,1.4758974060279408
1507,1.515268523048926
1508,1.5293166901745003
1509,1.648289798452858
1510,1.6032714095440306
1511,1.744139606313179
1512,1.9206776160499837
1513,2.2025031058342632
1514,2.281288488778016
1515,2.3479068756557826
1516,2.5160962084546674
1517,2.4015667616380822
1518,2.4123220198490203
1519,2.372766518306167
1520,2.4090317643053405
1521,2.5318674683414173
1522,2.476909611504204
1523,2.3542504382584024
1524,2.42183174300124
1525,2.37500694518823
1526,3.0340718063072423
1527,3.3784044400063014
1528,3.7995267719878827
1529,3.7469206570924185
1530,3.7836642258084057
1531,3.3311112432740986
1532,3.0686594884077794
1533,3.16539029644753
1534,2.9702464955067898
1535,3.094529342052229
1536,2.998945194226962
1537,3.3750541761243884
1538,2.7881989452411817
1539,2.953041598464428
1540,2.759435179788271
1541,3.1457638686498526
1542,2.9584166087084784
1543,3.336019165498689
1544,2.838827186551486
1545,2.9959531595837263
1546,2.9449215292526048
1547,2.903149830103305
1548,2.743112017839871
1549,2.766401560503516
1550,3.0437940179635485
1551,3.4354568308616527
1552,3.707487161781919
1553,3.935894957731322
1554,4.135162705755327
1555,4.287881290977155
1556,3.80513970928659
1557,3.5759950942764402
1558,3.5349292804473462
1559,3.5514150431778546
1560,3.708835973582045
1561,3.6627124193649263
1562,3.1920623379217283
1563,3.798485460219653
1564,3.3998156977877563
1565,3.6247706798159
1566,3.8614394249095283
1567,3.404931138410434
1568,3.444216487394462
1569,3.3333408313574417
1570,3.1873082607940293
1571,3.1036954974594604
1572,2.905033406742083
1573,3.0029226334556833
1574,3.0471597336829874
1575,3.3925356314325317
1576,3.382580868705688
1577,3.4126513610699005
1578,3.371833896002137
1579,3.400741428099406
1580,3.386718550376778
1581,3.4074583953402966
1582,3.159711583216923
1583,3.2123015220204043
1584,3.421715918060856
1585,3.5730138745618936
1586,3.370470471076558
1587,3.6597055875560613
1588,3.757462589472619
1589,4.119850757511709
1590,4.095367268529214
1591,3.9804689142659453
1592,4.600898428612666
1593,5.156450306525587
1594,6.0875754378200275
1595,6.520511047395174
1596,6.520511047395174
1597,6.520511047395174
1598,6.520511047395174
1599,6.225746736301841
1600,6.007777749301649
1601,5.368127919165665
1602,5.344545158258048
1603,5.098961978935462
1604,5.619571974224974
1605,4.555919107511562
1606,4.923395923171161
1607,5.066714416235863
1608,4.447975664965445
1609,4.461006791154988
1610,4.6973266132861315
1611,5.483946717685119
1612,5.127410649382172
1613,6.226513989337501
1614,6.520511047395174
1615,6.520511047395174
1616,6.225746736301841
1617,4.791335099870983
1618,5.912933991969657
1619,5.085750026671549
1620,6.011547366762546
1621,5.523088629175921
1622,6.267134652987576
1623,6.520511047395174
1624,6.225746736301841
1625,6.025116748361339
1626,6.520511047395174
1627,6.225746736301841
1628,5.9317496782441665
1629,4.820157085390337
1630,4.564318791527627
1631,4.1220029220179315
1632,4.195515864090009
1633,4.543521751473998
1634,4.37901168937289
1635,3.8624445272083814
1636,3.8295569693485536
1637,4.107760924782702
1638,4.161656400853689
1639,3.6412013763209017
1640,4.563748292659287
1641,4.654785929955655
1642,4.654785929955655
1643,4.44441107829113
1644,4.634158607551284
1645,4.570138648458685
1646,4.515363647137228
1647,3.765694486562113
1648,3.5679704058426434
1649,3.5635001054273014
1650,3.5045631273994617
1651,3.467431428467869
1652,3.5075277654170907
1653,3.399407319690074
1654,3.7338419756993773
1655,4.560848813480477
1656,4.550721613890183
1657,5.155634604825071
1658,5.94531905984296
1659,6.263368250871174
1660,5.759177052793009
1661,4.980774900735142
1662,4.969242896461962
1663,4.9944139997080645
1664,4.754380035131712
1665,4.927280044112646
1666,4.526213409505864
1667,4.420601603578419
1668,3.93764690648538
1669,3.7726800178059015
1670,3.6980406906491674
1671,3.989456227407504
1672,4.134703175311679
1673,3.761777914839163
1674,3.8276888226924903
1675,3.8445165703822033
1676,3.810897036471867
1677,3.7525326059109503
1678,4.590692890877344
1679,4.904524595256718
1680,4.87641863561409
1681,4.26499709339343
1682,4.444560524869502
1683,3.8873533520097103
1684,3.5410924870598097
1685,3.7151233031005497
1686,3.9015373626726073
1687,3.938504291294273
1688,3.821469429459483
1689,4.063526511071802
1690,4.557732461897008
1691,3.897053959039774
1692,3.932579508619406
1693,4.575604172928626
1694,5.057843601348659
1695,5.161337050580628
1696,5.028156875621246
1697,4.856844402672296
1698,4.94786423182944
1699,4.958877111696487
1700,4.831311793569549
1701,4.218425692145323
1702,4.261739569738707
1703,4.011880802451457
1704,4.469147226334068
1705,4.0089981161358
1706,3.812499487049903
1707,4.055565753531109
1708,3.8241638201597823
1709,4.0102999856280945
1710,3.732954681309539
1711,3.661805843226578
1712,3.380102779952026
1713,3.414986396549171
1714,2.9418436037676527
1715,3.342587657798413
1716,3.048915686537046
1717,2.6936529924772423
1718,3.038408689891712
1719,2.7306840058007724
1720,2.8878522286369304
1721,3.1103366600051325
1722,3.374613070021781
1723,3.60077314731009
1724,3.61352813149651
1725,3.4823138747564375
1726,3.3263106144336017
1727,3.308129178872501
1728,3.475402441097168
1729,3.3251535333875077
1730,3.1450776922272086
1731,3.304201514488533
