,0
0,1.1050108978545388
1,1.1707324573655506
2,1.3673158982801632
3,1.2027882132382182
4,1.1836684681326604
5,1.287042592264997
6,1.3415322054748902
7,1.3393993921402112
8,1.2535074159389268
9,1.2476393095159275
10,1.321821651245534
11,1.5239304726283975
12,1.3564166971972067
13,1.3545246203084125
14,1.491898395741876
15,1.4886954721426315
16,1.5296059166966967
17,1.3220018973959606
18,1.4897960960285406
19,1.3212493929934734
20,1.421732037313058
21,1.4942511903486628
22,1.310629875567698
23,1.6382951226363662
24,1.2865072455700313
25,1.2483658660724946
26,1.2904862299134854
27,1.2889551497649168
28,1.3146007774810868
29,1.311653766103862
30,1.2954228153642875
31,1.2083299446887394
32,1.12790697317827
33,1.1042155139900915
34,1.1287566628744674
35,0.9748279819285576
36,0.9735933404486594
37,0.9728605886526079
38,0.9681337553298714
39,0.9658830395951024
40,1.0021312618717766
41,0.978510130921835
42,1.029885743020209
43,1.0789462266845136
44,1.0607404976644408
45,1.2202041213809087
46,1.242596881617561
47,1.2413193869640988
48,1.3498069431052833
49,1.3350782748238763
50,1.2866000852084791
51,1.2711461678408276
52,1.2831899260091257
53,1.254967391588002
54,1.5936259404950006
55,1.4802940550927806
56,1.4250866533730264
57,1.6732851376472437
58,1.7869220784554531
59,1.9452948507431709
60,1.9588820286841426
61,2.7457778502002004
62,2.8419990649578653
63,3.288011322601898
64,3.6926321902581942
65,4.658475942843884
66,5.562690865635643
67,5.523389436162338
68,5.585773876548341
69,5.659005943161369
70,6.082165635336723
71,5.602159207795961
72,5.513603371294197
73,5.708835616603067
74,5.552142341796005
75,5.509536395649355
76,5.460454827884989
77,5.38275084119186
78,5.368521184426036
79,5.3290507338597255
80,5.360577320936862
81,5.347309291757795
82,5.32348257918364
83,5.323569191995755
84,5.172849572527414
85,5.176094611169597
86,5.140940622884873
87,5.226020351441006
88,5.117458071250437
89,5.130259565991077
90,4.975233557814528
91,4.953513190941816
92,4.881878813160861
93,4.899300151833629
94,4.922343979853198
95,4.865427313186531
96,4.8247972050134535
97,4.497534974145987
98,4.434722108677101
99,4.428006416720226
100,4.110965011003846
101,3.89775445685731
102,3.9394135179396854
103,3.776978434676211
104,3.7853412271576383
105,3.595952145088579
106,2.940090676474581
107,3.3489155464969
108,3.3194579548893026
109,3.528781335877153
110,3.410261003299267
111,3.3239296031786845
112,3.476471212967159
113,3.3596739581794637
114,3.4719253306307336
115,3.527440782960433
116,3.422335098679396
117,3.3223590476391336
118,3.341812108161771
119,3.2697329830522786
120,3.205141470004496
121,3.13869191823146
122,3.239820705535958
123,2.9781251710916696
124,3.021229642027887
125,2.940276250962718
126,2.953695658904672
127,2.688982550388902
128,2.5783487549697552
129,2.368968452102674
130,2.064033044418226
131,2.0418849500920597
132,1.7808589117948175
133,1.7735875440827131
134,1.6701960637960562
135,1.6767561163182463
136,1.578753533089986
137,1.5346653723724566
138,1.5931959145171295
139,1.4746662515280236
140,1.4372138110068176
141,1.4238258838666435
142,1.305185650801759
143,1.3971663577261126
144,1.4047998061500497
145,1.4771608152979574
146,1.4478933646484196
147,1.6716011317091228
148,1.86418807583406
149,1.9399041821056624
150,1.927035861789623
151,2.1150515782629378
152,2.7020311796311973
153,2.7856299985299655
154,3.00147391443529
155,2.995393407088385
156,3.4056281818792695
157,3.6680940229206027
158,4.159316422511586
159,4.265314576893296
160,4.362347513125784
161,4.360833833654773
162,4.46541012590868
163,5.375917841371362
164,5.3588051293362655
165,5.309981971773798
166,5.324654846215337
167,4.8713348058826815
168,5.161005201472634
169,5.120293732419433
170,5.401990473127664
171,5.394037959751685
172,5.392534555444003
173,5.526356247366171
174,5.395495412562798
175,5.357899478702345
176,5.0495568030900095
177,4.921338095356717
178,4.824071873578085
179,4.793283382104759
180,4.786025379690506
181,4.741068534656455
182,4.723423391907859
183,4.639434157458099
184,4.6168592568684925
185,4.513214219796646
186,4.497809097796614
187,3.98040460063113
188,3.793038305487115
189,3.7888182503145655
190,3.7539317681305984
191,3.700857476035104
192,3.723290685151355
193,3.9191665772065623
194,3.76389622937051
195,4.248186734176335
196,3.8797703022403764
197,3.9387875548686626
198,3.6375948102517546
199,3.455906367232011
200,3.1857432915438206
201,3.500181858352356
202,3.3103684395680815
203,2.946893029792544
204,3.1758394848630034
205,2.7504784759771823
206,3.1627346238132565
207,3.1051036257489293
208,3.1672333527983563
209,3.2719743839364015
210,3.321940876428285
211,2.9180987762471307
212,3.119275433730064
213,2.8709307517215725
214,2.7694861952645344
215,2.876382613662543
216,2.683096073472146
217,2.726015395242435
218,2.8410646979203933
219,2.8080652478494086
220,3.0365754288285856
221,3.0659050491309126
222,2.8779520418951505
223,2.873163994611688
224,2.4116042272499416
225,2.4136517016502865
226,2.51878989737586
227,2.473942476019823
228,2.495514360525545
229,2.4065075262770805
230,2.4045295965771114
231,2.4930778379121645
232,2.504348774729607
233,2.4055978559585585
234,2.4322115286600607
235,2.4996375728415736
236,2.331508329063026
237,2.306267600982536
238,2.2836312660309526
239,2.209297529971209
240,1.9013409193438444
241,1.975694593162551
242,1.809938002685807
243,1.668920584845435
244,1.7673353815372135
245,1.9219371813021584
246,1.83585230460077
247,1.6637357928003935
248,1.4809492466870295
249,1.4963286318900593
250,1.4474717898747742
251,1.3788554475545574
252,1.3853983469612388
253,1.3294548754388165
254,1.3176223671288032
255,1.4447816458007077
256,1.4158141298610187
257,1.413180307577538
258,1.4584071721811755
259,1.3942175984585197
260,1.2201349104527237
261,1.2233194954749602
262,1.3541838371966088
263,1.6937501838444344
264,1.8891765138671097
265,1.9716122838418422
266,1.9815344594671427
267,2.069522792655871
268,2.787928559555727
269,2.8440722813136183
270,3.0736434628065545
271,3.346257907692081
272,3.257390510081468
273,2.7478114908251547
274,2.664456836918584
275,2.5162439369361382
276,2.4648576273907694
277,2.576031859647931
278,2.5221715276015533
279,2.814278508933491
280,2.6686962984906053
281,3.0425953302703816
282,2.78567735614435
283,2.828697554468922
284,2.571338665146516
285,2.446011665591353
286,2.5069985957731875
287,2.356619161159117
288,1.974481232973084
289,1.8566510900418673
290,1.9981947072287383
291,2.227771903534976
292,2.4995420251215634
293,2.2111154597909994
294,2.411437603442043
295,2.2747251617294917
296,2.2784210445084723
297,2.2884714569771227
298,2.1526950035802237
299,2.058776793577852
300,1.9832885464452958
301,2.145867415041111
302,2.1613494788735883
303,2.1782872062270364
304,1.9978203901270604
305,2.0305592541750745
306,2.2581176004205368
307,1.9999530630247018
308,1.9498603704828907
309,1.8199512189677092
310,1.668981165329379
311,1.6715404564871608
312,1.661824049731373
313,1.5556171228353233
314,1.5202168668093683
315,1.5320222821542575
316,1.6365546240898885
317,1.5108813614579961
318,1.5613876825166488
319,1.5130211838240348
320,1.5323591921620583
321,1.3977783489562992
322,1.677450374299673
323,1.8458001035687057
324,1.9200267628827996
325,1.998230655053963
326,1.8993773637566582
327,1.8768231090261625
328,1.776610059503151
329,1.7805018392856222
330,1.763070963459216
331,1.7843597473089712
332,1.742376814411475
333,1.7480054476998415
334,1.5409920417017895
335,1.5767640529105007
336,1.862842047494047
337,1.955353827121133
338,1.9413489750058202
339,2.059388513389707
340,2.0588809708233367
341,2.5494467677718067
342,2.4299078881187803
343,1.978926002636351
344,1.8172335599132294
345,1.89160770359808
346,1.8623617331135371
347,1.856046038248598
348,1.76573686088915
349,1.7299653187316175
350,1.762197997678352
351,1.710614933684779
352,1.7588348759080163
353,1.7521841492976302
354,1.6059803902965695
355,1.6912929252778202
356,1.6729042718254719
357,1.6973760861134268
358,1.8498896345451314
359,1.8531814307902146
360,1.7583731019163589
361,1.9196221281620502
362,1.8672212352275857
363,1.8535089583551525
364,1.7685260622233963
365,1.7453426321106276
366,1.9050765715884586
367,1.8536801006371122
368,1.8622046465182411
369,1.7127344423051811
370,1.9279633961789209
371,2.1692441987097144
372,2.2773013939062317
373,2.1117140191933848
374,2.188771143877517
375,2.25533763626402
376,2.12877695377224
377,2.3438693211806467
378,2.210006443202412
379,2.4155318734295954
380,2.4552333823794235
381,2.5367546161547825
382,2.566307195519862
383,2.41169043879319
384,2.3176068508132635
385,2.333009692704977
386,2.385170344492721
387,2.423996980959254
388,2.621062483078551
389,2.7440160337558535
390,3.0467728649101975
391,3.2266883634836665
392,3.2815210525065033
393,3.2100022052028665
394,3.214089344583266
395,3.182560155287803
396,3.050793242959526
397,2.8998854376405006
398,2.8334304279552405
399,2.8139651440221254
400,2.8436521596790763
401,2.821047822825574
402,2.878296936703505
403,2.850576742929067
404,2.9170809861007982
405,3.1823196669050033
406,3.2571525450545633
407,3.350487901018414
408,3.3413415938168436
409,3.2870380328636366
410,3.1878068937246757
411,3.53070959120982
412,3.2650112754551293
413,3.0954342003681075
414,2.8804674854075927
415,2.857720997178169
416,3.375374809043929
417,3.3414624734112954
418,3.1024188658520457
419,3.276258190259052
420,2.9064288083550793
421,2.8535444023306775
422,2.7156181142504456
423,3.0250486927218594
424,2.765080630472775
425,2.910259840332741
426,2.611318643650462
427,2.5873422520805653
428,2.5978350570929
429,2.4899234226599547
430,2.4948138626669287
431,2.259406796606776
432,2.1878721047492715
433,2.125297176890603
434,2.154079436347325
435,2.068321109274823
436,2.1186319321046203
437,2.0369606570109244
438,2.0520252427172343
439,2.1187590968479757
440,2.0651114979115777
441,1.9712313422323988
442,1.9127771589451723
443,2.019897465217134
444,1.8998934184163156
445,1.8004187032696657
446,1.6775689453650373
447,1.6397881176799747
448,1.8125572592860315
449,1.6673447019721437
450,1.740341216224772
451,1.7112176423730945
452,1.8568757639282305
453,1.741581013433558
454,1.7971068404523103
455,1.7881254870904488
456,1.729177695206807
457,1.6050452257374126
458,1.4217618014905364
459,1.457805608330557
460,1.4621702642918442
461,1.4817613170145902
462,1.4447371742058865
463,1.4261277380762274
464,1.449364498222268
465,1.4513639400321896
466,1.376525826679062
467,1.2720493868921585
468,1.326052987269303
469,1.2953727641533392
470,1.218318949348349
471,1.2019641238009142
472,1.212631006146456
473,1.1567543787713317
474,1.1691613677219845
475,1.2152230747302775
476,1.2056886925288672
477,1.241945969817051
478,1.1668714360301085
479,1.1258073386279965
480,1.2315210362851916
481,1.1745527911524187
482,1.3201881115476803
483,1.2403677867481289
484,1.2598573951917402
485,1.363726747406587
486,1.3335423584427137
487,1.299881938987854
488,1.360891888539754
489,1.5363510603185075
490,1.606893499779529
491,1.4715296908477928
492,1.6019568731250475
493,1.4716749903688393
494,1.4526647580968475
495,1.4884732033351102
496,1.4065951690817986
497,1.4489134308296159
498,1.5174368528404107
499,1.5443879910551228
500,1.5099477892818733
501,1.5409863102418548
502,1.6913889290126056
503,1.9284951755210196
504,2.373097916324371
505,2.4081744525862274
506,2.3485954637326434
507,2.341589608359462
508,2.2163088552375965
509,2.017431476739793
510,2.3759815877725763
511,2.039280513419422
512,2.1915406448282755
513,2.2989166563190886
514,2.251976874006983
515,2.293720109444086
516,2.2779760114498653
517,2.4234574784545306
518,2.1944367919886694
519,2.262758064602772
520,2.378853360226601
521,2.6128030806038898
522,2.835492113546551
523,3.0449765155033046
524,3.167914895721289
525,3.318504143192173
526,3.3806664560636617
527,3.2747190997754494
528,4.092927088937283
529,4.500084280784357
530,4.395199629061011
531,4.097033827933723
532,4.137766776819539
533,4.9597356026712305
534,4.893175750667621
535,4.987666239514284
536,4.928394341844155
537,4.947413120987683
538,4.939458841469635
539,5.496349836338734
540,5.400883569185838
541,4.972855755760621
542,4.789830544608577
543,4.208020490785752
544,4.700842130027695
545,4.623794749434057
546,3.779687819668868
547,4.570815160151937
548,3.961335852461296
549,4.508681575303568
550,4.493839944626024
551,4.349407041719084
552,4.113342210015216
553,4.113920508046575
554,3.4486433803776246
555,3.016544888214894
556,2.7732393756518747
557,2.551760846092572
558,2.4319538702988455
559,2.559574793304848
560,2.540576032594036
561,2.7306084797181023
562,2.788013125069705
563,2.7875944096169434
564,2.8946479691698235
565,2.9813984091061903
566,3.063408434791252
567,3.2589216893968684
568,2.71593231701501
569,2.9320735305625107
570,2.6793544947585546
571,2.9622473530867954
572,3.0194918450996
573,2.581494431354464
574,2.6310925654009627
575,2.4431912327006398
576,2.2933305651126004
577,2.4052317627991804
578,2.6217998283120063
579,2.594999392886603
580,2.8613900186630614
581,3.1949840844314057
582,3.88658020690001
583,4.071846642997164
584,4.084871749834771
585,3.784778408274375
586,4.322852668886659
587,4.662349000673152
588,3.8505246551045995
589,3.8939148538515846
590,4.120335049024312
591,4.063453239867872
592,3.9920459006471583
593,3.919728137918563
594,3.940584326219258
595,3.8464466209158275
596,3.8242898035542137
597,3.206148313885321
598,3.286533572337095
599,3.1843215769164344
600,3.1402066948029757
601,2.993999208721222
602,3.035670676590245
603,2.8289112957462543
604,3.145027783546231
605,3.6367171497863455
606,3.665763683022846
607,3.1489014165244495
608,2.6279756435133246
609,2.577063446234912
610,2.6303112774018262
611,2.956322759844914
612,2.9265079042944393
613,3.102064114764611
614,3.228163976870692
615,3.1921615807043895
616,3.1843840399751024
617,2.87328910737053
618,3.1414087391543046
619,2.930155602323052
620,2.896344635322807
621,2.7678969120221417
622,2.714562612342955
623,2.9732917317538528
624,3.1718494299744853
625,3.187164445879318
626,3.3837158051766787
627,3.1940631209794166
628,3.2079726445805723
629,2.756547940456472
630,3.215243655714235
631,2.735204891212815
632,2.745894462470909
633,2.7254963410773314
634,2.8668616698531006
635,3.1302356519646546
636,3.293719034436442
637,3.2552540043302125
638,3.4509491878953757
639,3.43784801650633
640,3.497710030568398
641,3.4630329408978704
642,3.000070732058373
643,3.12076807398487
644,2.603419164434527
645,2.448664793042752
646,2.3401959506117227
647,2.3493484758191663
648,2.0805612738177985
649,2.191485638590283
650,2.2009942588809883
651,2.017867311995227
652,1.9878781548654822
653,2.1302637754278644
654,1.9958521397464057
655,1.939588169193691
656,1.7270638707859365
657,1.82864019124769
658,1.7269187013450946
659,1.659145062655277
660,1.4819529529238322
661,1.5082835686779645
662,1.5960035732577096
663,1.99727870052687
664,1.6672003333592496
665,1.646879390395842
666,1.7142240363511316
667,1.5986436916854136
668,1.5958195729464575
669,1.5442288610548625
670,1.6264780213938481
671,1.7238500585531864
672,1.676187320472868
673,2.005806587119145
674,1.745142829089725
675,1.7136841512206238
676,1.62118961154523
677,1.5855830680171517
678,1.5456279192549902
679,1.6386193095833577
680,1.805626205066881
681,1.8634249301231545
682,2.303833251960458
683,1.9988756182295884
684,1.877376306688869
685,2.193804254593194
686,1.8407707085733953
687,2.1845288013893973
688,2.578917973563131
689,2.4202933226272973
690,2.388283079348004
691,2.361786807135739
692,1.8813467405946052
693,2.374665855851493
694,2.4095618764066975
695,2.380706346718265
696,2.3442580695198463
697,2.1287123156423697
698,2.2772429196284967
699,1.926364561787335
700,2.2097695359006577
701,2.337256496804488
702,2.137054728783415
703,1.9127145924988336
704,1.9708314685996362
705,1.7589218171416683
706,1.7525790332910414
707,1.8620290590641586
708,1.9767358975141884
709,2.065400991010738
710,1.9336867031709555
711,1.9923174922643847
712,1.9857437956595627
713,1.7987844725320186
714,1.8475125979576639
715,1.969111758139402
716,2.410832129650914
717,2.013901738488757
718,2.024935594241152
719,2.1260664952466155
720,2.303475952489959
721,2.3524532187279528
722,2.4364929170150647
723,2.768172688627612
724,2.8655700080506428
725,2.7987918628818833
726,3.1038148915606
727,3.07101003217768
728,3.2117035553039086
729,3.229052442262001
730,3.792655694413251
731,3.0864263454642646
732,3.065096277131063
733,3.1894091135440386
734,3.121160451642326
735,3.2019284030713218
736,3.1480612222165716
737,3.324029466069071
738,3.2465264545467094
739,3.2120938626118036
740,3.8955390270646575
741,3.965487551135013
742,4.0563017200003895
743,3.940519332106244
744,4.014231093424081
745,3.895760036613888
746,4.056544016958879
747,4.014090792472855
748,3.9342383732204556
749,3.997751646456732
750,3.9415382033268744
751,3.968321068699567
752,3.6306514846993356
753,4.032573995391448
754,4.086974585792466
755,4.085073506877976
756,3.9575820450759984
757,3.880867192895116
758,3.850202509865494
759,3.8999160231668255
760,3.6553790837434974
761,3.5665490538016433
762,3.3818544758889835
763,3.743529517738779
764,3.4852472701000816
765,3.5131057858633343
766,3.474499421834146
767,3.40423507736127
768,3.3476544383707543
769,3.404470099485409
770,3.560833174659493
771,3.359241508352868
772,3.5001974454999387
773,3.3331723036967107
774,3.1093917634287322
775,2.841289803588101
776,2.8378036220749867
777,3.2194970135712766
778,3.072177313905502
779,3.306545257460818
780,3.572780275007271
781,3.0218497230831747
782,3.5322614882808296
783,3.219795787916421
784,2.975038948306949
785,3.4326634900796624
786,3.359289495887687
787,3.1751807008997814
788,3.4020389288639254
789,3.288571707773625
790,3.359850557976238
791,4.2039430717848765
792,4.087411617867662
793,3.9642013879388456
794,3.9101350819025877
795,3.7991342595204864
796,3.928118332099149
797,3.9067213949940562
798,4.016275069280624
799,4.195657247446351
800,4.212199399039009
801,5.007766287925142
802,4.746839863034779
803,4.811903273981257
804,4.719060090368499
805,4.557193718646711
806,4.3227486049722135
807,4.291622069471512
808,4.007938350902187
809,3.84306029950793
810,3.8078400686857985
811,3.684681380172111
812,3.3883884944860485
813,3.2218898114518417
814,2.9766206721896262
815,2.742996736290776
816,2.796836841883239
817,2.696828264193764
818,2.781206410938088
819,2.754618143026476
820,2.7297481822710035
821,2.5259761616704552
822,2.358799514015289
823,2.8128751493221165
824,3.14329967918226
825,3.242764062594587
826,3.0822168058182724
827,3.1030225071224296
828,2.720517186052769
829,2.804857969494749
830,2.505774318289649
831,2.9729340372182365
832,3.026892792038832
833,2.4551685749315166
834,2.7832354563276027
835,3.1017382797165864
836,2.9983810832932836
837,3.006069869710958
838,2.9731715308244007
839,3.0539233866653537
840,3.10290657458752
841,3.224638382926071
842,3.168110144265785
843,3.573084066616914
844,3.2332382503853196
845,3.6971410616077245
846,3.3826294830389556
847,3.1603426544137037
848,3.371092185481506
849,3.613769824668011
850,3.657824856991277
851,3.3563862565654596
852,3.411068246822092
853,3.685278085123566
854,4.001177135275816
855,3.986332851373175
856,4.048138103170833
857,4.5341056231269805
858,4.675708756105114
859,4.690133397124569
860,3.7278480710431574
861,3.8593169899232183
862,3.991638205359497
863,4.074564555432712
864,3.9414370705610016
865,3.919019355681614
866,4.050262943147448
867,4.031297848437699
868,3.7731225013106022
869,3.8905088985822465
870,3.8814936054861686
871,3.8167575465889265
872,3.716512759774511
873,3.559904385182563
874,3.0994505731280144
875,3.1979847719467496
876,3.0610556741490185
877,3.289377048251939
878,3.194587526771514
879,3.2130025991536204
880,2.9980953052286488
881,3.12534963536784
882,2.8309095482416216
883,2.5145906406375698
884,2.3818499648381555
885,1.9738584147039355
886,1.8259688287279958
887,1.7228468589051367
888,1.4017629005199415
889,1.3030401155010514
890,1.1784507419149473
891,1.0574928639878165
892,1.0447942822590137
893,0.9030189602689301
894,0.9292874461340837
895,0.9071016435893496
896,1.4464133259254277
897,1.1711543677659946
898,1.367913711685978
899,1.210933836475506
900,1.1800082404888597
901,1.4970918368560433
902,1.653469433668243
903,1.7092225663029892
904,1.664987595227123
905,1.6908696690815774
906,1.5562977236146491
907,1.5724564421640093
908,1.5960978208994028
909,1.5903937773561225
910,1.6240709100562165
911,1.644454009920831
912,1.7741288068682173
913,2.0333055015065025
914,2.8949883591730026
915,3.615311989024872
916,3.5538131911305144
917,4.224895067909204
918,4.4104405361575285
919,4.40468444265483
920,5.376516338353714
921,5.421973401908202
922,5.444685202270317
923,4.661923938293555
924,5.924533152038073
925,5.8613970486266815
926,5.810302895749223
927,5.7707338525570036
928,5.73425294612674
929,5.51363043092211
930,5.112377421418711
931,5.003993172086341
932,4.897492911666721
933,4.806882630779738
934,4.6394982529429845
935,4.599008556246339
936,4.568624096654931
937,4.257866393535085
938,4.161465114182827
939,4.015484435847091
940,4.041448914004973
941,3.9617597957221036
942,4.022717738145879
943,3.954886363309146
944,3.938864687740992
945,3.802078173683142
946,3.7889532193186812
947,3.7905596784837106
948,3.9074137306623333
949,4.059506438989084
950,4.021416008314172
951,4.13496251178007
952,4.637861809471595
953,4.247305247495918
954,4.366173356347836
955,4.3983261938612
956,4.455723555063601
957,4.57931570514834
958,4.3023054017199565
959,4.291093403816792
960,4.313954431099248
961,4.346316504678565
962,4.5442889573722915
963,4.9124180486918325
964,4.807809846815129
965,4.676885736763298
966,4.497634367335182
967,4.0839811608891905
968,3.9527091022060286
969,3.574442775975257
970,3.1078372539105352
971,3.254508167070502
972,3.2443542430101178
973,3.0956070676445266
974,3.140144635019962
975,3.0144493015423266
976,3.19318707470881
977,3.155829339998291
978,3.1209746584550433
979,3.1245602274955657
980,2.5910146027132197
981,2.632157154153968
982,2.5639393946437585
983,2.5401438671397703
984,2.577908575928179
985,2.229101625283843
986,2.250847491830491
987,2.4639460658402452
988,2.456347320100824
989,2.39677880952449
990,2.261001622856124
991,2.0915341262704503
992,2.084089214381827
993,1.9712369233068723
994,1.9663172009483185
995,1.947352890047621
996,1.6256488769357966
997,1.6151752204187617
998,1.625105756558823
999,1.6096856160864308
1000,1.5830608238035504
1001,1.6575977871964236
1002,1.5200026127096917
1003,1.5129636418648642
1004,1.4339745108527693
1005,1.635736913408878
1006,1.80051335739397
1007,2.0142469497274273
1008,2.073006412820271
1009,1.4618023329424799
1010,1.296179233225259
1011,1.3433568046606996
1012,1.328645788187862
1013,1.3618319732242308
1014,1.3648141272835685
1015,1.3045680258493872
1016,1.3708521123210513
1017,1.1772760344634587
1018,1.6826295417734132
1019,1.4136242150999683
1020,1.7941482594644618
1021,2.1679919185575027
1022,2.95748786515226
1023,3.6072550752217096
1024,4.133726443461526
1025,4.190237027763591
1026,4.158920497797749
1027,3.9572020580130554
1028,4.117221586808979
1029,4.390824576473524
1030,4.822923345383129
1031,4.934249137267399
1032,5.439418469572876
1033,5.405788617699603
1034,5.417025050765807
1035,5.293826182382961
1036,5.243048909462197
1037,5.102761184040123
1038,5.065767798679139
1039,5.074909892291412
1040,5.066378969186524
1041,5.063109674062789
1042,4.989822207482026
1043,4.868769584421347
1044,4.7207678694422475
1045,4.602060408071603
1046,4.6643915917721515
1047,4.561270010444821
1048,4.644876347773911
1049,4.58534647429852
1050,4.626016168234447
1051,4.601916075515539
1052,4.56533193222827
1053,4.634837409937695
1054,4.535915492764955
1055,4.4809016444374645
1056,4.302984632392689
1057,4.13367238577097
1058,4.530295272010532
1059,4.051327692248863
1060,4.121666877089497
1061,4.336019092071153
1062,4.015624209533661
1063,3.8941103441410134
1064,3.88909640557136
1065,3.890654257539707
1066,4.012433888697432
1067,3.923949221546234
1068,3.9215873525302105
1069,4.059534093263863
1070,3.7455356382217735
1071,3.673872724645166
1072,3.6799678881568356
1073,3.0633985609252483
1074,2.8513620417093106
1075,2.955626064324625
1076,2.6171059896919857
1077,2.8208895176200737
1078,2.7224700433149804
1079,2.617266874602336
1080,2.644725021460007
1081,2.4273337119311176
1082,2.8743677631424007
1083,2.84856340332229
1084,2.8288958735697074
1085,2.6466195743949235
1086,2.5243355700641845
1087,2.509121268649225
1088,2.3000335567667336
1089,2.6963665010555644
1090,2.493804949473824
1091,2.3970730307317187
1092,3.087846408850222
1093,2.824945722989868
1094,2.6769407000053342
1095,2.365863682356114
1096,2.4461912904628007
1097,2.0352109088144528
1098,1.9507800042578682
1099,1.98003189712839
1100,1.9533142665722436
1101,1.8375211583743505
1102,1.6005176544134496
1103,1.48491935754495
1104,1.4642302839851897
1105,1.4967633198515242
1106,1.4167734571714834
1107,1.389224467701792
1108,1.3768143345278623
1109,1.1987842579964216
1110,1.2160493834927004
1111,1.363428141003425
1112,1.292712519905329
1113,1.2895128646069514
1114,1.4777626330492537
1115,1.5730319308422056
1116,1.7536951952708988
1117,1.7905295910028758
1118,1.9005098095051767
1119,2.011878238239941
1120,1.7064626696322798
1121,1.3541401603987369
1122,1.4593254652890675
1123,1.2816469264956856
1124,1.2682467530223043
1125,1.3517998628446288
1126,1.3842746940530246
1127,1.45274976414735
1128,1.5326630281608575
1129,1.4989605215802668
1130,1.5169395700780655
1131,1.662121349564635
1132,1.5447566641016146
1133,1.6403386464219343
1134,1.7336121215685338
1135,1.6158341295641792
1136,1.7716211864717666
1137,1.857360153027442
1138,1.8476764606603675
1139,1.9561187852824071
1140,1.883185757321774
1141,2.0887882156478943
1142,2.2561006632709075
1143,1.9207801300024105
1144,1.8871219411056563
1145,1.9711745761698276
1146,2.121240038373065
1147,2.2234304032383325
1148,2.4131645116284712
1149,2.648568824386179
1150,2.7345730411955467
1151,2.581372595037654
1152,2.6663976661073994
1153,2.857748800600614
1154,3.2042018039445717
1155,3.292337539290812
1156,3.31127301481279
1157,3.209930956655681
1158,3.5844520905507946
1159,3.605065176451679
1160,3.999957916772065
1161,4.306123069415355
1162,4.583189592419364
1163,4.548373376493398
1164,4.410821313465335
1165,4.393438551187879
1166,5.559648592698771
1167,5.69634483580477
1168,5.454359856199719
1169,5.486848764592317
1170,4.614874734536272
1171,4.599712689964119
1172,4.412988843521782
1173,4.331080643327906
1174,4.242733844686392
1175,4.144317249990348
1176,3.859136127592196
1177,3.9002270495286986
1178,3.8163040434855184
1179,3.8045264795676683
1180,3.808111364901041
1181,3.0659046843447286
1182,3.125649667206743
1183,3.727489521431655
1184,4.0544377666295475
1185,4.113493261563396
1186,4.966008070435918
1187,4.452813962190855
1188,4.339502236564231
1189,5.003405188219933
1190,4.524913383043977
1191,5.268638479674512
1192,5.549733940655833
1193,5.585333277185316
1194,5.573823911100489
1195,5.626723210112619
1196,5.592614676358361
1197,5.549268066648018
1198,5.652189023403514
1199,5.5610640160181815
1200,5.5095079019933175
1201,5.435744095984011
1202,4.954913382685623
1203,4.976672992178458
1204,4.933658078341381
1205,4.846419643552504
1206,4.777271331386728
1207,4.6254337222946535
1208,4.557339043202998
1209,4.471265849903243
1210,4.388223708171142
1211,4.454509816942235
1212,4.498583134249928
1213,4.500662273860316
1214,4.490051540843334
1215,4.52601732138632
1216,4.529593042540165
1217,4.562406126060701
1218,4.59716192932074
1219,4.683036225323531
1220,4.426105022947651
1221,4.703816877237405
1222,4.473306039051708
1223,4.001274678148295
1224,4.146872108399028
1225,4.018789638270283
1226,4.735680945121515
1227,4.128820888713752
1228,4.0118457566546315
1229,4.065491968939885
1230,4.02919523312845
1231,3.654198945862519
1232,4.058310825384252
1233,4.07536338980577
1234,4.030258949978526
1235,4.031912382302566
1236,4.142174072388366
1237,4.107581606954763
1238,4.205186483167233
1239,4.137423355475466
1240,4.602597280668182
1241,4.515326928861312
1242,5.346841343149173
1243,5.366033904580798
1244,5.636744347783428
1245,5.564664722052745
1246,5.520340389835308
1247,5.612949427958133
1248,5.422917216611413
1249,5.489309861405298
1250,5.097151078673415
1251,5.078950109206033
1252,4.9936524255262675
1253,4.93517780083058
1254,4.748826368298758
1255,4.48280365436856
1256,4.546669534618342
1257,4.6224915062545815
1258,4.444633343725901
1259,4.402792543192117
1260,4.467442796022093
1261,4.735352302335352
1262,4.617123244628354
1263,4.737040376022656
1264,4.735724236148801
1265,4.611399136956056
1266,4.000851121448801
1267,3.8446287274038085
1268,3.9546135218276506
1269,3.9563665657774876
1270,3.883321984273414
1271,3.9626323797399117
1272,4.396652650505209
1273,4.21892930049091
1274,4.357437150335958
1275,4.5654169424181505
1276,4.321639363502693
1277,4.242468413387276
1278,4.018340327074617
1279,4.218632070197497
1280,3.995977583815288
1281,4.058978677798919
1282,3.6002232019129883
1283,4.048034402473505
1284,4.113496015502504
1285,4.036632995347875
1286,4.178793020069832
1287,4.292021959988487
1288,4.212235986703409
1289,3.43180904708617
1290,3.3483261747938666
1291,3.022477907885032
1292,3.0004835394394016
1293,2.689195765740597
1294,2.8384044977456915
1295,2.821529755342426
1296,2.684471983425899
1297,2.8286362141425205
1298,2.99310332402385
1299,3.2613104030091304
1300,2.9467728907167263
1301,2.8476946111120722
1302,2.8868321954217495
1303,2.7255739822013867
1304,2.7641646143614476
1305,2.4985356039019075
1306,2.605869320016738
1307,2.60883178710037
1308,2.59567316956702
1309,2.6122361367681903
1310,2.6951434776206282
1311,2.791018181621573
1312,2.75723297349327
1313,2.732910468929884
1314,2.6991790961326503
1315,2.5722394378036233
1316,3.3003213096848256
1317,3.2241391185046258
1318,2.773178555057906
1319,2.7492867190623276
1320,2.4645502236213
1321,2.365497637068312
1322,2.399118605597122
1323,2.2933961987169322
1324,2.4188823949047316
1325,2.9844302768229576
1326,3.1249821798066164
1327,3.11472555658951
1328,2.938378203815691
1329,2.57115479737375
1330,2.6354344959666025
1331,2.4885268079362883
1332,2.8724891251813034
1333,2.924142808884123
1334,3.242841768736138
1335,3.36800497835394
1336,3.2798761287386116
1337,3.6666181357739815
1338,3.5799945040933108
1339,4.174227492673628
1340,4.535387426130225
1341,4.762348262952703
1342,5.62245282439008
1343,5.861775998348757
1344,5.516732460518
1345,5.842823868650577
1346,5.780695916741377
1347,5.675816024733705
1348,5.543892435688096
1349,5.159570603906224
1350,4.9133261358216345
1351,4.3478234824807656
1352,4.23401630522005
1353,4.140212081857788
1354,4.103348497301543
1355,3.9241330572253004
1356,4.081473013578805
1357,4.0162855028439255
1358,4.120063835325589
1359,4.282853211721383
1360,4.6800357653056075
1361,4.443145963940046
1362,4.161408754311893
1363,3.859562664191155
1364,3.7780339698865557
1365,3.6470244703360226
1366,3.8219679236146766
1367,3.830811516807268
1368,3.982451379059613
1369,3.927205308455667
1370,3.9347005777316517
1371,4.016794112031723
1372,3.9710132234263655
1373,3.869239307613276
1374,3.9317153810190364
1375,3.7898596999622396
1376,3.6713479496753108
1377,3.6672774888861
1378,3.2841087812444476
1379,3.1032199004032286
1380,3.185878464229592
1381,3.34280202930186
1382,3.097832034625189
1383,3.2668301411943332
1384,3.18703368199917
1385,3.2710129019338883
1386,3.185646575812362
1387,3.0633348613370908
1388,2.9686198089316997
1389,3.093297946780119
1390,2.941190789192248
1391,2.7671507729273266
1392,2.7336874414429566
1393,2.665581703581142
1394,2.6412484465956885
1395,2.4143171486433954
1396,2.367240432429513
1397,2.3238988533892364
1398,2.299927090552937
1399,2.733043252503349
1400,2.395187951423505
1401,2.4001483175206197
1402,2.3689046653496577
1403,2.305217068567819
1404,2.3794520199320592
1405,2.337343419415551
1406,2.0877939720478533
1407,2.378691617668477
1408,2.966546351100213
1409,2.941227886138771
1410,3.1160252986907278
1411,3.442872727576696
1412,3.6471921414414443
1413,3.0547017799511424
1414,2.9187407922852002
1415,2.5805953682207567
1416,2.765957053818235
1417,2.7629412063729633
1418,2.9504763227221247
1419,2.9500943088632967
1420,2.8442120662435615
1421,3.2782006664704912
1422,3.4079065376732065
1423,3.844188961522135
1424,3.8106360120730094
1425,3.723356249483626
1426,3.8382139326904037
1427,3.2769618491150476
1428,3.0600713046733006
1429,2.7200798991553965
1430,2.664211209075697
1431,2.717829034288034
1432,2.8374605940397113
1433,2.695420603003224
1434,2.630733812608519
1435,2.9538894093680987
1436,2.641992536750806
1437,2.475043467794727
1438,2.6503139345503146
1439,2.593876813376485
1440,2.6077913127181023
1441,2.767801622102754
1442,2.66457570736548
1443,2.724568791197419
1444,2.6009277371735444
1445,2.7745950940904334
1446,3.3055668226158907
1447,3.2949090785615787
1448,3.290007371622817
1449,3.3481199889192945
1450,3.2833751093219203
1451,3.2192328363157
1452,3.3574539864896975
1453,3.2085760988837477
1454,3.6110629704217434
1455,3.094873684772909
1456,3.060407681627715
1457,3.085101058494409
1458,3.85234625817579
1459,3.8547816537402815
1460,3.725863833655315
1461,3.7164445034983036
1462,3.5095378493154503
1463,3.0304443475196954
1464,3.0224369461800937
1465,2.956622296239448
1466,2.9560473137092647
1467,2.456187053593183
1468,2.589324281607465
1469,2.5494689886883712
1470,2.7826189831550026
1471,2.7106697676951472
1472,2.416760010287227
1473,2.336829623091525
1474,2.6618547892440048
1475,2.9283573343397626
1476,2.448728359456912
1477,2.684824486430236
1478,2.7682832866832032
1479,2.3779434670467543
1480,2.103209150182836
1481,2.0720940281962097
1482,2.102424516717086
1483,2.1567753607624645
1484,2.1698232484992763
1485,2.7093500363626553
1486,3.1649350769055875
1487,2.755223684588674
1488,2.8352838521472545
1489,3.173403006413502
1490,3.4013549297022556
1491,3.2883042474990263
1492,3.6454395394007117
1493,4.055070100686469
1494,3.9369304243395313
1495,4.273044009819616
1496,4.229856813679197
1497,4.1779580796608915
1498,4.601469801478794
1499,4.064381762109656
1500,4.135198578311546
1501,4.085105698583691
1502,4.647673882560681
1503,4.208877722310256
1504,3.666543667890135
1505,3.2156932696664766
1506,2.825234545085779
1507,2.83842190275425
1508,2.4322171768818976
1509,2.2350950693385956
1510,2.011155698373891
1511,1.7247416730675105
1512,1.4729048530331934
1513,1.352517117832731
1514,1.3471374175992137
1515,1.5492018197521122
1516,1.916298927552679
1517,1.9976842897298777
1518,2.098016700078037
1519,2.151078751614867
1520,2.1138264476048603
1521,2.0803124786613045
1522,2.2787906539880125
1523,2.4595001719810257
1524,2.709157591729776
1525,2.922417004507865
1526,2.6166645797670203
1527,3.00893045161389
1528,2.724967635048644
1529,2.5642090465032332
1530,2.8034042063616322
1531,2.9630936663937186
1532,3.030398841231748
1533,3.126000088125089
1534,2.9962446753020955
1535,2.9444571436459506
1536,2.665799275830559
1537,2.980035194917383
1538,2.9269196884742312
1539,2.934239316306615
1540,2.929051630381429
1541,2.862885526456114
1542,2.618793666510465
1543,2.57319070177954
1544,2.427877837122072
1545,2.6989750474802494
1546,2.4435948722806886
1547,2.703292349414816
1548,2.511312247706991
1549,2.5759092381429176
1550,2.7378784828738816
1551,2.668379485116419
1552,2.7730166665393603
1553,2.9002492257994628
1554,2.5472721976024224
1555,2.598041041350521
1556,2.4965252165288727
1557,2.340365617886761
1558,2.488671607668397
1559,2.2541982684038246
1560,2.2611186241496113
1561,2.257829237168129
1562,2.2798759172037797
1563,2.2436118651594517
1564,2.2377233002675174
1565,2.2681263556900424
1566,2.163175987319472
1567,2.344312614142147
1568,2.4982615803807113
1569,2.908462985104146
1570,2.909001405660749
1571,2.5907792721229654
1572,2.631563768405031
1573,2.619263698142217
1574,2.581516577088446
1575,2.6851149756181285
1576,2.861527237455744
1577,2.8995659929019384
1578,2.7665367405856496
1579,2.93351146814841
1580,2.4281728065101618
1581,2.2048161368862607
1582,2.1204291589515294
1583,2.087296076135489
1584,2.3363344771811354
1585,2.35541052000069
1586,3.553858609814285
1587,3.2902535058773177
1588,3.182095095529661
1589,2.953025021705195
1590,2.799194797002721
1591,2.583674503836201
1592,2.4464572764527728
1593,2.379219654526723
1594,2.374419407633532
1595,2.2641268281224534
1596,2.5598368851552453
1597,2.4234383869050373
1598,2.4812678603450107
1599,2.65102432512697
1600,2.8973156255677646
1601,3.4708010430687666
1602,5.163641075659901
1603,5.568568386163026
1604,5.335023553862929
1605,5.594450897959534
1606,5.622644209925951
1607,5.456662239958784
1608,5.325888835206555
1609,5.258083488631199
1610,5.363735926793895
1611,5.231138102867789
1612,5.145120892948151
1613,5.132564855372203
1614,5.05743923825416
1615,4.928519991696147
1616,4.854503813303549
1617,4.868257663854061
1618,4.726289615124278
1619,4.7049413305159495
1620,4.574299535308154
1621,4.483795307802101
1622,4.4314856474407005
1623,4.050478268733383
1624,3.9286188747798603
1625,3.5937437851540817
1626,3.103471901143178
1627,3.050047080590674
1628,2.9752016623294315
1629,2.8770092889602523
1630,2.7655814935589595
1631,2.698888494449044
1632,2.3266537936258542
1633,2.208398201225815
1634,2.0146037210469525
1635,1.7632986777597723
1636,1.6920100331590022
1637,1.8003954771651098
1638,1.6042443444563892
1639,1.725807033556931
1640,2.0486887044576085
1641,2.1263737617982326
1642,2.1202151044238255
1643,3.2996484698179707
1644,3.221511390479865
1645,3.23530369405941
1646,3.698660957184954
1647,3.6187586012199016
1648,3.7903165708205
1649,3.9785926364501765
1650,3.741819696855804
1651,3.796747596606176
1652,3.4759243223826637
1653,3.386690222459378
1654,3.304844348305635
1655,3.3155159228248663
1656,3.5608356969642054
1657,3.469955839084349
1658,3.2266048459812247
1659,3.099928944253442
1660,3.2989211714296736
1661,2.865976879077022
1662,2.651169276727986
1663,2.8967067360627023
1664,2.699130501044952
1665,2.95219741292403
1666,2.9501727987344335
1667,3.0245680452941106
1668,2.557629307337433
1669,2.697772866476337
1670,2.785625059964868
1671,3.136710956005582
1672,3.0244573005547815
1673,3.0876569221770924
1674,3.1392261106780515
1675,2.9488804402848015
1676,2.6155082584729246
1677,2.9939475336028214
1678,2.654432104356358
1679,3.0832909201668963
1680,3.3401912971956835
1681,3.3931738015334507
1682,3.127079132800928
1683,3.2190598449207957
1684,3.1662873498264763
1685,3.5298161945774793
1686,4.498335102343101
1687,4.759972260422808
1688,4.949764757071971
1689,4.154329338865647
1690,4.162656471057217
1691,3.9600879322103357
1692,3.53198279453245
1693,3.536964375645373
1694,3.596109804509641
1695,3.961125218623242
1696,4.23049103182567
1697,4.816359977243527
1698,4.861988878341408
1699,5.0227642348675134
1700,4.937043826960416
1701,4.862086411918572
1702,4.36459333771137
1703,3.9305324339843826
1704,3.7039442503840885
1705,3.1382108255794714
1706,3.422160761437696
1707,3.4588332908432142
1708,3.3714017622414265
1709,3.3699637540078307
1710,3.759252152570335
1711,3.4383477464318237
1712,3.4023522210452857
1713,3.105390052598422
1714,3.0669275653307873
1715,2.9853864956961056
1716,3.052647859332469
1717,3.06971676958888
1718,3.0641291433262534
1719,3.1623179033067412
1720,3.143375668458256
1721,3.0345965827819787
1722,3.5490505079377326
1723,3.531373378165686
1724,2.9985643858122817
1725,3.531556780853684
1726,3.444289616696355
1727,3.5899181568492264
1728,3.804738717748816
1729,3.627056023339139
1730,3.2823932572449395
1731,3.117347515592121
1732,3.007938081445882
