,0
0,2.5371444444444444
1,2.5301194444444444
2,2.62851449792038
3,2.621638235294118
4,2.3792941176470586
5,2.5319882352941177
6,2.4822333333333333
7,2.234449019607843
8,2.3653809523809524
9,2.4322333333333335
10,2.5295476190476194
11,2.5295476190476194
12,2.624277777777778
13,2.5848580765639597
14,2.37813487394958
15,2.7484136321195147
16,2.1724261904761906
17,2.65796918767507
18,2.649588235294118
19,2.001784126984127
20,2.303253174603175
21,2.1212444444444443
22,2.134444444444444
23,2.5156944444444447
24,2.36885
25,2.4644221611721613
26,2.4514697802197802
27,2.2149340659340657
28,2.006695238095238
29,2.0247428571428574
30,2.594208791208791
31,1.8946418219461698
32,1.6974751552795033
33,1.9406469806763287
34,2.4316969696969695
35,2.9754603174603176
36,3.6014425990675987
37,3.158292483660131
38,2.6777908496732024
39,1.8944831309041834
40,1.893129595550648
41,2.0336666666666665
42,2.3367714285714283
43,3.275214285714285
44,3.355368983957219
45,3.2759553975436324
46,3.9408727272727266
47,3.1681092436974785
48,3.3949610389610383
49,3.1857610389610387
50,3.162086038961039
51,3.2026630898513253
52,3.1375910755910756
53,3.284505952380953
54,3.3657712418300654
55,3.1397394957983193
56,3.026882352941177
57,3.026882352941177
58,3.1173529411764704
59,2.7696321195144726
60,2.4812337662337667
61,2.276942857142857
62,2.6405738095238096
63,1.98073837535014
64,1.7183047619047618
65,1.8003075826134651
66,1.8595193277310926
67,1.6303016855865151
68,1.5904937297996122
69,1.3881933634992458
70,1.3426021756021755
71,1.339465811965812
72,1.390483127983128
73,1.4812620448179272
74,1.4867979797979798
75,1.43304797979798
76,1.313060086652478
77,1.2348666083916084
78,1.1926432317682316
79,1.0756972222222223
80,1.0925978354978354
81,1.037697222222222
82,1.1415204545454547
83,1.0925978354978354
84,1.755842424242424
85,1.21078668261563
86,1.327207843137255
87,1.5006745098039216
88,1.4507027149321265
89,1.4768448717948717
90,1.390975824175824
91,1.4769833333333333
92,1.4367166666666666
93,1.4106309523809524
94,1.4621642857142856
95,1.3732395382395381
96,1.586931168831169
97,1.45885
98,1.5022888888888888
99,1.5996875816993466
100,1.9361279857397502
101,1.822394652406417
102,1.6361784759358289
103,1.900351515151515
104,1.8290951871657755
105,1.5690119909502265
106,1.6456916666666666
107,1.4229166666666666
108,1.5968735294117646
109,1.661353823953824
110,1.6639388888888889
111,1.7227233766233765
112,1.8962646464646469
113,1.9439990675990675
114,1.6273027777777778
115,1.86482331002331
116,1.7262686202686202
117,1.3564940170940172
118,1.3062222222222222
119,1.3695833333333334
120,1.3677777777777775
121,1.2235235042735042
122,1.7721841260906277
123,1.7620031080031082
124,1.2936144736842106
125,1.1447912852784135
126,1.141352380952381
127,1.0267746031746032
128,1.1592222222222222
129,1.1675079365079364
130,1.0648539682539682
131,1.1682857142857141
132,1.005972222222222
133,1.0660009516627165
134,1.0187927350427348
135,1.0406141636141637
136,1.0374345864661654
137,0.9843730480046271
138,1.0624345864661655
139,1.144944322344322
140,1.0999300366300364
141,1.0310287256603046
142,1.0233059386434
143,1.1351813186813187
144,1.1670813186813185
145,1.2030256410256412
146,1.2894632478632477
147,1.5755544744213474
148,1.3105999999999998
149,1.8004358974358974
150,2.2806829836829836
151,2.2806829836829836
152,2.2102470862470858
153,1.5630818409660514
154,2.3403979692821797
155,1.6751016591251884
156,2.7033555555555555
157,2.7936031746031746
158,2.5919642945290007
159,2.748708021390374
160,2.6336969696969703
161,3.064869841269841
162,2.951638528138528
163,3.0578730158730156
164,3.272997198879552
165,3.267066666666667
166,3.610891774891775
167,3.6710903729913014
168,3.8674315592903827
169,3.954479178338002
170,3.8027712418300648
171,3.944762908496732
172,3.856200163398692
173,3.6678472222222225
174,3.5931303030303026
175,3.4741247863247864
176,3.619497015729369
177,3.5289578877005345
178,3.6320976190476193
179,4.358979686979687
180,4.259251082251081
181,4.7195
182,4.993735294117647
183,4.913378787878788
184,4.492233333333333
185,4.950758441558441
186,4.416898412698412
187,4.2816222222222216
188,3.6374423902894493
189,3.17707731092437
190,3.294360130718954
191,3.983357142857143
192,3.681771428571429
193,4.169945054945055
194,3.9198945054945056
195,4.07128253968254
196,4.29724126984127
197,3.9680264454499743
198,4.064155555555555
199,4.003308496732026
200,3.941665151515151
201,3.514033358798065
202,3.130353705118411
203,3.130353705118411
204,3.130353705118411
205,3.406306086070792
206,3.1720240347887407
207,3.4479764157411217
208,3.4113097490744546
209,3.710826632191338
210,3.7410932988580052
211,3.587410759175465
212,3.7902996480643543
213,3.651103688468395
214,3.55101393377864
215,3.2810370218017284
216,3.487491567256273
217,3.3323246753246756
218,3.466278897573015
219,3.9706103896103895
220,3.887020979020978
221,3.4626524064171127
222,3.1160879042526104
223,3.313236156000862
224,3.206788536953243
225,3.536521870286576
226,3.789264128028834
227,3.7359220779220776
228,4.012549842314549
229,4.112015151515152
230,3.358113275613275
231,3.1804920634920637
232,3.1060595238095234
233,2.9932345238095235
234,2.7897179292929293
235,2.619825
236,3.174671825396825
237,4.245861111111111
238,4.245373015873016
239,2.8209650793650796
240,3.3734095238095234
241,3.4549809523809523
242,3.2939523809523807
243,3.523458646616541
244,3.4317888053467005
245,2.9562406926406926
246,3.37134512987013
247,3.379526179084074
248,2.5386492424242424
249,2.34299035964036
250,2.235933216783217
251,2.2275806637806634
252,2.233067532467532
253,2.198639447102605
254,2.434901960784314
255,2.2461619047619044
256,2.1236913951545526
257,2.1236913951545526
258,1.6936333333333333
259,1.7991190476190475
260,1.847501145912911
261,1.667388888888889
262,1.5811318250377073
263,1.665848308554191
264,1.5141266968325793
265,1.3832933634992457
266,1.4618352758352762
267,1.4659057682083998
268,1.4615782828282828
269,1.461614898989899
270,1.2153787878787878
271,1.270475
272,1.295287121212121
273,1.217970944741533
274,1.1426757066462947
275,1.420847619047619
276,1.182138095238095
277,1.3608079365079366
278,1.3902222222222222
279,1.2443555555555554
280,1.2673282828282828
281,1.2575390720390718
282,1.33815641025641
283,1.0701079365079362
284,1.135733426704015
285,1.3932489177489176
286,1.4188658119658117
287,1.422057142857143
288,1.4554666666666667
289,1.5406619047619048
290,1.5310528138528137
291,1.6750311355311354
292,1.6665025641025641
293,1.6153190476190475
294,1.6087857142857143
295,1.7172333333333332
296,1.5443968253968254
297,1.7494025974025973
298,2.4158047619047616
299,2.3782619047619047
300,2.7013913419913416
301,2.8244761904761906
302,2.345854087089381
303,2.7856251082251084
304,2.773058008658009
305,2.3153854341736695
306,2.1989694083694085
307,1.9079757575757577
308,1.8655333333333335
309,2.3460709956709955
310,1.616455128205128
311,1.8127384615384616
312,1.8191149321266968
313,1.576371794871795
314,2.4487765567765565
315,2.382084738790621
316,2.218810526315789
317,1.7145249999999999
318,2.3695218045112783
319,2.4781620414673045
320,2.425488304093567
321,2.7199555555555555
322,2.349046464646465
323,2.5748242424242425
324,2.447854545454545
325,2.6614621212121214
326,3.0407954545454547
327,2.823361111111111
328,3.03625
329,2.7353781512605044
330,3.0976013071895427
331,3.1617658093540446
332,3.005455648926237
333,3.284333333333334
334,2.2885772005772007
335,2.6683333333333334
336,2.952818181818182
337,3.1692372294372295
338,3.151239325380502
339,2.594188344988345
340,2.7310833333333333
341,2.853476190476191
342,2.5259523809523814
343,2.866184126984127
344,2.1000172248803826
345,2.601307268170426
346,2.2649552447552446
347,2.411610859728507
348,2.5318213860442964
349,2.2610461538461535
350,2.4871108597285065
351,2.180616666666667
352,2.261344444444444
353,2.329563492063492
354,2.444838095238095
355,2.250393650793651
356,2.0004213564213567
357,1.9475546218487392
358,2.027010989010989
359,1.851042735042735
360,1.7081841491841492
361,2.051737973137973
362,2.1512764346764346
363,1.8021423021423022
364,1.802351825951826
365,1.5370018853695324
366,1.6557735042735044
367,1.6204877899877903
368,1.5931068376068378
369,1.6179555555555554
370,1.4600229548229549
371,1.5066666666666668
372,1.4040426279602751
373,1.6275403469079939
374,1.8617595982448922
375,1.8418421052631577
376,2.574777777777778
377,2.8351777777777776
378,1.6922021978021977
379,2.840333333333333
380,2.6753393939393937
381,3.0060000000000002
382,3.0060000000000002
383,3.0060000000000002
384,2.9181666666666666
385,4.8517234432234435
386,3.7923888888888886
387,3.918222222222222
388,4.082222222222223
389,3.7796746031746036
390,3.866216269841269
391,3.318376831501832
392,3.3753809523809526
393,3.2836666666666665
394,3.7733021390374337
395,3.8916354723707665
396,4.302987012987012
397,4.4691423902894485
398,4.4691423902894485
399,4.402265079365079
400,4.21347619047619
401,3.796601120448179
402,3.8133408029878617
403,3.498339216339216
404,3.452284271284271
405,3.3493396825396817
406,3.356412698412699
407,2.807911111111111
408,2.9105777777777777
409,2.8767046783625734
410,2.902782456140351
411,2.627784126984127
412,2.6299714285714284
413,2.54708658008658
414,2.417448621553884
415,2.347988095238095
416,2.359917582417582
417,2.2577990196078432
418,2.4439879084967324
419,2.2494323529411764
420,2.1780823529411766
421,2.4674240196078436
422,2.719919934640523
423,2.623680555555556
424,2.328142156862745
425,2.4899348039215687
426,2.5359209150326794
427,2.6240637721755373
428,2.6404560798678447
429,2.5622796092796087
430,2.5244796092796093
431,2.5186224664224666
432,2.4262634920634922
433,2.5768129426129422
434,2.4847018315018317
435,2.693575641025641
436,2.714425
437,2.6870897058823533
438,2.8401307189542484
439,2.8007328431372556
440,2.8007328431372556
441,3.1176862745098037
442,2.444937908496732
443,2.466914705882353
444,2.4798492063492064
445,2.285783333333333
446,2.285783333333333
447,2.7454803921568627
448,2.555230392156863
449,2.277384615384616
450,2.365133333333333
451,2.2464918767507
452,2.0478347338935574
453,2.219307352941177
454,2.286174603174603
455,2.204466666666667
456,2.291562393162393
457,2.6916993464052292
458,2.5921833333333337
459,2.3804957264957265
460,2.269719658119658
461,2.1912588522588523
462,1.8532852833441067
463,1.7365587301587302
464,1.7343553113553112
465,2.2759833333333335
466,2.368557679738562
467,2.651334150326798
468,3.542481877599525
469,3.8663833885412826
470,3.8663833885412826
471,3.590315789473684
472,3.665549603174603
473,3.591208333333334
474,3.521972222222222
475,3.222897222222222
476,3.267864102564103
477,3.278175213675214
478,3.7818333333333327
479,4.349222222222222
480,3.490560858585859
481,3.173592063492064
482,3.146003571428572
483,3.677028571428571
484,3.5656001131221715
485,3.2877083333333332
486,3.6233501131221715
487,3.275381699346405
488,4.061376824413976
489,3.8172888888888883
490,4.330439766081871
491,4.224555555555555
492,4.259929742771848
493,4.071641830065358
494,4.177012151702786
495,3.8219954850361195
496,3.3746449362041466
497,3.1955490196078435
498,3.82629696969697
499,3.2022651629072683
500,3.1095518207282917
501,2.9471856110865398
502,2.908178168236992
503,2.516605218929677
504,3.6089416666666665
505,3.0883248120300753
506,2.899039097744361
507,2.5922491817779747
508,3.4910746031746034
509,2.61448846749226
510,3.34662601010101
511,2.589900641025641
512,2.610852272727273
513,2.504399509803922
514,2.549878787878788
515,2.2078584980237155
516,2.4279494071146246
517,2.150521212121212
518,2.4157953964194374
519,1.8843833333333335
520,2.1795524819809344
521,2.048785770750988
522,2.1212736358270887
523,2.688868376068376
524,2.919486557886558
525,3.032978787878788
526,3.0793787878787877
527,3.491741414141414
528,2.5310748619801253
529,2.650630417535681
530,2.891721015826279
531,4.598002970885324
532,5.050743230625584
533,3.9048476190476196
534,3.9539190476190478
535,3.9671190476190477
536,3.2911033613445375
537,3.1783099547511307
538,3.408892307692307
539,3.5961526251526252
540,2.8434224664224668
541,3.004925
542,2.8010285714285716
543,2.7682304675716436
544,3.2811828099660914
545,3.3660541549953313
546,2.8560879839115136
547,2.894093772893773
548,2.580638655462185
549,2.2575016233766236
550,2.5404171580053934
551,3.4049166666666673
552,4.584068627450981
553,4.50408660130719
554,4.140753267973856
555,3.45313474025974
556,2.9491673076923073
557,3.7886727272727274
558,2.713991666666667
559,2.7567589743589744
560,2.933787545787546
561,2.6098083333333335
562,2.2290409090909087
563,2.638333333333333
564,2.518857516339869
565,2.508966131907308
566,2.6114750601995182
567,3.2266222222222223
568,4.77671111111111
569,4.877733333333334
570,4.2833953216374265
571,4.2226349206349205
572,3.6763064327485377
573,3.464122222222222
574,4.325479365079365
575,4.546812698412698
576,4.491923809523809
577,2.8563116615067075
578,3.5770718954248366
579,3.136194014447885
580,3.136194014447885
581,3.3455023923444975
582,3.223033230134159
583,3.187341353383458
584,2.9338746867167913
585,2.6712315592903826
586,2.9726571428571424
587,2.7036857142857142
588,2.6609529411764705
589,2.7458849503437737
590,2.5150883116883116
591,2.6915480519480517
592,2.2439045751633984
593,2.5502787878787876
594,2.0971284274033497
595,2.040654212454212
596,2.930100980392157
597,2.181825641025641
598,2.1486351648351647
599,1.6717888888888888
600,1.6860350427350428
601,1.765326923076923
602,1.6662333333333335
603,2.116237718802936
604,4.6300463768115945
605,4.901466666666667
606,3.729917647058824
607,2.6585263157894734
608,2.8576138876603276
609,3.0390517961570596
610,3.7321746880570417
611,2.633557748538012
612,3.4198642059694695
613,3.098353383458647
614,2.5320566801619435
615,2.959737373737374
616,2.245013888888889
617,2.44611075036075
618,2.4417916666666666
619,2.3825833333333337
620,2.1609666666666665
621,2.5863696969696974
622,1.912456209150327
623,2.0240043290043293
624,3.03215119047619
625,2.336495410471881
626,3.720192857142857
627,3.0448486402486403
628,3.2589936507936508
629,4.188506060606061
630,3.5790079365079364
631,2.5532095238095236
632,3.100852777777778
633,3.6855743145743145
634,3.568409523809524
635,3.7301109890109885
636,4.913735294117647
637,4.045579365079365
638,4.239690476190476
639,4.572549019607843
640,4.93971685340803
641,4.929025210084033
642,4.486287814146636
643,3.9694687665275894
644,4.179636630036629
645,4.08624025974026
646,4.390058441558441
647,4.570424941724941
648,4.4860093573093565
649,5.369604595404595
650,4.570424941724941
651,4.835795071595071
652,4.4860093573093565
653,5.369604595404595
654,5.295404595404595
655,5.369604595404595
656,5.771558441558442
657,5.771558441558442
658,5.295404595404595
659,5.474226890756303
660,5.472285714285715
661,5.474226890756303
662,5.833285714285714
663,5.472285714285715
664,5.474226890756303
665,4.938476190476191
666,4.756
667,4.650352941176471
668,4.650352941176471
669,4.8042117548773895
670,4.454426040591675
671,4.258326040591675
672,4.258326040591675
673,4.258326040591675
674,3.8977966288269688
675,4.263724614566718
676,4.326605333520968
677,3.830923820915926
678,3.996720039403321
679,3.68013961038961
680,3.845505639097744
681,3.7557293764714816
682,3.339221428571429
683,3.29878666921314
684,3.202370002546473
685,3.577047058823529
686,3.4381682709447414
687,2.999210695187166
688,2.999210695187166
689,2.8603319073083777
690,3.0603636363636366
691,2.9214848484848486
692,3.1540303030303027
693,3.135380952380952
694,3.486014285714286
695,3.486014285714286
696,3.0655079365079367
697,3.4204480994152044
698,2.7007380706668633
699,3.367941666666666
700,2.7397233082706762
701,3.976893772893773
702,4.883818627450981
703,3.9879852941176472
704,4.123985294117647
705,4.110610294117647
706,3.0435288461538463
707,3.4886999999999997
708,3.382082417582417
709,3.7127619047619045
710,3.704201465201465
711,3.9156527777777774
712,2.727323232323232
713,3.2009909090909088
714,2.3478242424242426
715,2.6224949494949494
716,2.527673202614379
717,2.180095238095238
718,2.180095238095238
719,2.2884749482401654
720,2.0513424157541804
721,2.0144401601150825
722,1.9697755136504362
723,2.1643944084810958
724,2.3394846045595274
725,3.330419047619048
726,2.8647772961816305
727,2.933514472455649
728,3.053050980392157
729,2.8556018575851394
730,3.053050980392157
731,3.0611842105263154
732,3.0611842105263154
733,2.8161619883040934
734,2.809095321637427
735,3.0236032581453633
736,2.610579635362917
737,3.1802810359231417
738,3.1210653496486316
739,3.175133561175666
740,3.0272477025898077
741,2.9088286549707596
742,2.9088286549707596
743,3.1538508771929825
744,3.15452865497076
745,2.5027228659885004
746,3.0249883116883116
747,2.5027228659885004
748,2.4655841100076397
749,2.5450131237183866
750,2.4368083834324246
751,2.2976753246753243
752,2.329973649538867
753,2.301338684503902
754,2.1643386845039023
755,2.0960962602614774
756,1.6717888888888888
757,2.063638414217362
758,1.6859361752798285
759,1.6815847707847706
760,1.6902529823118058
761,1.6975100732600732
762,1.6221435897435896
763,1.6263599640125956
764,1.616746153846154
765,1.649184750337382
766,1.649184750337382
767,1.644098633392751
768,1.3958083333333333
769,1.2747809523809523
770,1.2382603174603173
771,1.1720778711484592
772,1.1334746031746032
773,1.3015456140350876
774,1.7166937728937728
775,3.494380952380952
776,3.494380952380952
777,3.494380952380952
778,1.4986190476190475
779,2.3115688811188813
780,2.344070512820513
781,3.535675757575757
782,2.7388273504273504
783,3.4009333333333336
784,4.494157967032967
785,4.454237512487513
786,3.690887237762238
787,3.949512237762238
788,4.215769963369963
789,3.7307640692640693
790,3.9901489898989895
791,4.1739618983957225
792,3.9901489898989895
793,4.096246212121213
794,4.096246212121213
795,4.0176702317290545
796,4.153620231729055
797,4.206086898395721
798,4.414266666666666
799,4.217521212121212
800,4.390916666666667
801,3.9759416666666665
802,3.6961111111111107
803,3.546829545454545
804,4.238549816849817
805,3.9339424575424573
806,3.4624105894105894
807,3.8901138861138858
808,4.4976688644688645
809,4.38490695970696
810,4.284106959706959
811,4.2984244200244195
812,4.5095244200244196
813,4.125992673992673
814,3.811376212023271
815,4.687841880341881
816,3.9328281718281715
817,3.9873736263736266
818,3.687601065601065
819,3.8459133089133095
820,3.5395534465534464
821,3.7179392829392826
822,3.5326582084582085
823,3.5062677322677325
824,3.9331906198376783
825,3.372357142857143
826,2.943934523809524
827,2.5203762626262627
828,2.421723484848485
829,2.5443762626262627
830,2.385369444444444
831,2.5611277777777777
832,2.4926706349206347
833,2.5279722222222225
834,2.440119444444444
835,2.369994327731092
836,2.374351470588235
837,2.113458110516934
838,2.31771568627451
839,2.2290071895424832
840,2.105826203208556
841,2.194959536541889
842,2.0803575163398693
843,2.0109226551226547
844,1.991243841126194
845,2.025909090909091
846,1.9000504201680675
847,1.9914392857142857
848,1.9301307692307692
849,2.1845233766233765
850,1.7909905677655678
851,2.0018606823382568
852,1.8320987897551364
853,2.088413533834586
854,2.4447048503611972
855,2.48466862745098
856,2.3204999999999996
857,2.1014023391812864
858,1.9884078947368422
859,2.154907894736842
860,2.10434647282542
861,2.231322180451128
862,2.254285714285714
863,1.7886298070216227
864,1.844775431331953
865,1.9134166666666668
866,1.6125103519668738
867,1.5578333333333332
868,1.6273090909090908
869,1.6161142857142856
870,1.443663961038961
871,1.3130384615384614
872,1.3958850732600734
873,1.400830586080586
874,3.184380952380952
875,3.0746666666666664
876,2.7286720142602494
877,2.1251497668997668
878,2.5057613053613053
879,3.423150980392156
880,2.90508734402852
881,4.8997750915750915
882,4.390172222222223
883,4.835711904761905
884,3.4669128787878787
885,3.366253205128205
886,3.0255416666666664
887,3.052964743589744
888,2.99911655011655
889,2.544068686868687
890,2.4739128045157455
891,2.7598330532212887
892,3.0881622294372297
893,3.0035333333333334
894,3.1792833333333337
895,2.9475627705627705
896,3.2550627705627706
897,2.945958783321941
898,3.472836507936508
899,2.927847619047619
900,2.690466666666667
901,2.7171589743589744
902,2.283855944055944
903,2.4488588235294118
904,2.62514367201426
905,2.7058215686274507
906,2.7975441176470586
907,2.806966666666667
908,3.3890917748917753
909,3.306152380952381
910,3.919445321637427
911,3.660238095238096
912,3.484785714285714
913,3.621661038961039
914,3.4304586466165414
915,3.4115443609022558
916,3.4290303030303027
917,3.177030303030303
918,3.4484969696969694
919,2.679620321637427
920,3.4667743506493505
921,3.0538256246677298
922,2.6161834795321637
923,2.70049548503612
924,3.0739436274509804
925,2.7060128205128207
926,2.7917441930618403
927,2.654881447963801
928,2.3073106060606063
929,2.9488166666666666
930,2.2738142210730445
931,2.539502380952381
932,2.263834733893557
933,1.9726757575757574
934,2.1423225957049485
935,2.6264040404040405
936,2.680297198879552
937,2.5052277183600715
938,2.5160015278838808
939,2.4750924369747893
940,2.344099567099567
941,2.5045238095238096
942,1.9404126984126984
943,2.2632194211017738
944,2.8623305322128845
945,2.5266956115779644
946,2.282406234288587
947,2.1638506787330316
948,2.2816638655462183
949,1.9125733678086623
950,2.31056862745098
951,1.9804360051712993
952,1.808288888888889
953,1.8986010101010098
954,1.8783500499500498
955,2.0772461538461537
956,1.8473142857142857
957,1.970846153846154
958,2.2676
959,1.8795633699633698
960,2.146838095238095
961,2.394172161172161
962,2.3291050505050506
963,2.2996404761904756
964,2.4565452380952375
965,2.018325231858224
966,1.8263003952569166
967,1.931554995331466
968,1.6613441520467835
969,1.7683440476190473
970,1.5071282051282051
971,1.4833547008547006
972,1.8248
973,2.9091176470588236
974,2.844977944862155
975,3.13280854439678
976,2.9216092436974788
977,3.422875030525031
978,3.422875030525031
979,3.684297252747253
980,3.6946098484848484
981,3.258693181818182
982,3.196026515151515
983,2.6260175438596494
984,2.577290909090909
985,2.2840216450216446
986,2.583039724980902
987,3.265994805194805
988,2.7756442577030804
989,2.3302325239977413
990,2.1054959511077156
991,2.3192621848739496
992,2.727877272727272
993,2.601421717171717
994,3.17765
995,1.884759090909091
996,3.897071568627451
997,3.897071568627451
998,3.4468676470588235
999,2.7809999999999997
1000,3.265
1001,3.265
1002,3.265
1003,4.184333333333334
1004,4.615209523809524
1005,4.555042857142857
1006,3.1171312706900944
1007,3.990223707664884
1008,2.6571333333333333
1009,4.555165266106443
1010,4.761427170868347
1011,3.3929680672268905
1012,4.3923605042016804
1013,4.167404761904761
1014,4.696845556404379
1015,3.7878585434173666
1016,4.449512223071046
1017,3.7715726626314856
1018,3.9330122230710463
1019,4.072133044733044
1020,4.674094949494949
1021,4.674094949494949
1022,4.599894949494948
1023,3.6628093573093574
1024,4.5144793650793655
