,0
0,5.132016812316028
1,4.4859214834790455
2,4.902428332537322
3,4.664035594070552
4,4.098891602797918
5,4.032492496184614
6,3.9792667355547957
7,3.432173547042686
8,3.3783463716778854
9,3.7574813018152113
10,3.38256024553179
11,4.078739357997948
12,3.2875208864092467
13,3.3288474413829285
14,3.350960910938749
15,3.221595447400187
16,3.227543682377203
17,3.010787589016939
18,2.8759390292637343
19,2.666966974705593
20,3.0469690023935954
21,2.9611255288577794
22,2.8002845793707647
23,2.687600073346935
24,2.6160633727837985
25,2.378323597299562
26,2.221459422424875
27,2.277718935692686
28,2.178301221749816
29,2.0322591868136204
30,1.9482520058717097
31,1.9066735039172868
32,1.6845477118102865
33,1.6288019254859625
34,1.5732946805917356
35,1.6047841397074747
36,1.5899935130233431
37,1.5838660143001408
38,1.4793197314799404
39,1.978403115150135
40,1.7272541380796806
41,1.6678038092242562
42,1.321899795278924
43,1.585760774305189
44,2.0403171260170594
45,2.0528345072035683
46,2.05588272038391
47,1.8789687429723414
48,2.3642295595331255
49,2.148050614719169
50,2.2196571198069472
51,2.464991300508326
52,2.9703132946419126
53,3.012508343530054
54,3.0656520602252586
55,2.984708057484858
56,2.880734541282959
57,2.854890980826001
58,2.8271037995115997
59,2.7966734963541575
60,2.433696027319302
61,2.344811532894371
62,2.3668480239762135
63,2.291874136597842
64,2.2395640491946227
65,2.2102296216357593
66,2.3088033086833843
67,2.447038492573284
68,2.6180123057360514
69,2.6640394993732435
70,3.1345655710734923
71,2.8802596332861885
72,3.002908298976867
73,2.743398919060438
74,3.521706699185689
75,3.632962870522803
76,3.0693469542816088
77,3.1495536413821097
78,2.706283740655511
79,2.851340952682311
80,2.420086833601345
81,2.3558854513662526
82,2.5316178521597745
83,2.169932795267253
84,2.3679453065352973
85,2.104365459692005
86,2.084257295541184
87,2.0759953781707834
88,2.1261478126771225
89,1.9903484582379736
90,1.8856020294375944
91,2.047503074320857
92,1.9260805182537981
93,1.6746020923544982
94,1.8092700488416338
95,1.881182824227163
96,1.881450407249946
97,2.074926156043697
98,2.529386513805296
99,2.165151596986186
100,2.1685722656427697
101,1.9237053545434275
102,1.8953867490606637
103,1.8394395940285504
104,1.6846384180027427
105,1.6061011947948822
106,1.5910267957361586
107,1.6412659605910165
108,1.6095751221049024
109,1.7663511552232225
110,1.8382613422421874
111,2.290030696639886
112,2.485838378773116
113,2.551945236692113
114,2.8383577238309328
115,2.4666212953797486
116,3.231897684380151
117,3.312214222362922
118,3.320028403520396
119,2.7806555925492864
120,2.6792540799958107
121,2.9847955316297
122,3.047694635950522
123,2.9687019283662526
124,2.8220523860655202
125,2.6779780555046617
126,2.6307672537313276
127,2.6675334654893743
128,2.5067473368146174
129,2.8508435165258494
130,2.6232462755568102
131,2.727255223230801
132,2.6351290570665213
133,2.793218455887032
134,3.1258543175972706
135,3.2980668595508047
136,3.496410898544217
137,3.3567996235919426
138,3.3635869911088943
139,3.2944030853515622
140,3.5240281456684404
141,3.46490677678202
142,4.147274825102535
143,3.9663084256865386
144,4.098900015779595
145,4.049138635783514
146,4.071493004377261
147,4.288959732321178
148,4.660533967820096
149,5.039794352310222
150,5.9260978501723445
151,5.608498515930049
152,5.616222546818554
153,5.577590159541421
154,5.577409734205636
155,5.687088538872601
156,5.695061086894336
157,4.837146365610062
158,5.428929966400911
159,4.7006764553959295
160,4.824503520241092
161,4.650711089572616
162,4.681545263749534
163,5.303649568572012
164,5.27638836274332
165,5.3793637965655865
166,5.358639323747822
167,5.375691335619568
168,4.449238687449167
169,4.378756632549795
170,4.380271422237129
171,4.438843289014086
172,3.8949466173447815
173,3.926972471763638
174,4.544219031484937
175,4.777709365930516
176,4.850918596296705
177,4.783269998101844
178,4.847096909500825
179,4.814736485598825
180,4.87525075857131
181,4.53024270304038
182,4.863165110256787
183,4.581558161610089
184,4.5580702082941205
185,4.367551136466795
186,4.117135008147491
187,4.129895737008264
188,3.881401398426918
189,3.9444043892695206
190,4.258424195636922
191,3.9001808729197567
192,3.870717128702478
193,4.173125850757562
194,4.499971432861401
195,4.158038059443733
196,3.8282727555025806
197,4.2638758813013915
198,3.640076432783238
199,3.535899916400162
200,3.344652047028413
201,3.5421151418157026
202,2.994437410783941
203,2.976773065375184
204,2.9503220338393716
205,3.207247021114108
206,3.4830060082757455
207,3.249862731463655
208,3.2627721287742952
209,3.132904258330678
210,3.287259582152003
211,3.192766688956824
212,2.925986265775069
213,3.0572607588969083
214,2.9871008874184244
215,2.791079566188868
216,2.603264259549612
217,2.5610555703834716
218,2.3249526476776197
219,2.60123264267485
220,2.2111504560440034
221,2.155241965457736
222,2.1856847371218766
223,2.370331338406717
224,2.3115268954984143
225,2.382577142134879
226,2.4143826728025384
227,2.4468840943623515
228,2.488915669931135
229,2.7374036125157333
230,2.9963609345746423
231,3.1105685568780657
232,3.3680509713367486
233,3.272197084180049
234,3.2983031304721706
235,3.347508011022096
236,3.2693642996234296
237,2.9093514723944125
238,3.1480964930027335
239,2.756873339761091
240,2.456355615997318
241,2.356467940348884
242,2.3099088737412647
243,2.244202941697749
244,2.1912821928684445
245,2.2372344719415933
246,1.9271410840995487
247,1.9937503524518891
248,2.0790976366487905
249,2.0814732622388883
250,2.254483620710936
251,2.5354213689135627
252,2.5132866290032867
253,2.5983597428179595
254,2.8456913682453506
255,2.6850457327598294
256,2.4464191356267246
257,2.374165662843409
258,2.4161534231370743
259,2.356034344820869
260,2.3135602015156347
261,2.250230262076456
262,2.293744376055857
263,2.367496259952463
264,2.339371859189583
265,2.335248865514748
266,2.2906730496780687
267,2.2534120556210544
268,2.2264649075276193
269,2.2499090032171587
270,2.21979509531454
271,2.243645919265137
272,2.6114822645492684
273,2.6887726592483907
274,3.819349550506647
275,3.9696700012906194
276,4.709612573144942
277,4.176184773758797
278,4.695087432467543
279,4.697981037366618
280,4.579950929313086
281,4.6144381694652425
282,4.791990144067117
283,4.845993825217321
284,4.409791904415636
285,4.126349690821468
286,4.0738411617798125
287,3.8377654508033165
288,3.80384657025267
289,3.7765190935543895
290,3.5544914337407345
291,3.460326250717567
292,3.078087274787615
293,2.9583108930302617
294,2.954416220329488
295,2.502720597401556
296,2.770005410796811
297,2.668113895162264
298,2.421746571449523
299,2.691828837146634
300,2.473223453749485
301,2.511267857273974
302,2.2451882031563155
303,2.1597990437965766
304,2.142759678501969
305,2.145110981925408
306,2.0005037173458566
307,1.934741671002546
308,1.9862028062172372
309,1.937580272066954
310,1.9438192283463898
311,1.8158531028211025
312,1.7334758709155904
313,1.778623793318396
314,1.6430809217176676
315,1.630995451836077
316,1.576563820067364
317,1.609557833221026
318,1.5252891166581584
319,1.4796048054199733
320,1.4544062744817832
321,1.5149151153969944
322,1.4311886054665155
323,1.4254015605907355
324,1.3878753937647075
325,1.2701767413365437
326,1.2082603518691448
327,1.2001042750795594
328,1.1633211486623163
329,1.1727003253487067
330,1.0822511015369827
331,1.0662747388445863
332,1.0196619783214422
333,1.0192115805367103
334,1.001869551994032
335,0.9487509538527829
336,0.9750795330411659
337,0.9672094594717542
338,0.9758353121125907
339,0.9005077262994935
340,0.9087600110954007
341,0.9118278438492605
342,0.8395064570656767
343,0.9350298090303252
344,0.9191439490325521
345,0.8078657289909889
346,0.8632755880270305
347,0.8635840779300501
348,0.9746580378700804
349,1.0524149913550864
350,1.3682174819980881
351,1.4622549593283152
352,1.9813606743868308
353,2.0669865139812087
354,1.949932862484533
355,1.9003624823270555
356,2.0748427912139773
357,2.1697074285861753
358,2.2180459723886186
359,2.1760702607814078
360,2.221480145278698
361,2.239312606518764
362,2.373732253958099
363,2.293538264913259
364,2.176911949688641
365,2.1250378117943183
366,2.058710046096519
367,2.0675436486768874
368,2.0463226239069554
369,2.1921032532125486
370,2.027700821051926
371,2.0380805786672664
372,2.19319027772233
373,2.2284272399564546
374,2.0591049180158874
375,1.9909434132093191
376,1.7519198451173
377,1.6536599275009727
378,1.7530721840262502
379,1.5929288958082963
380,1.4231843559020165
381,1.3769697105563
382,1.3904554084817542
383,1.4022485404728227
384,1.3749069967657876
385,1.3191523491170438
386,1.2869204665046516
387,1.1979361871529963
388,1.1557459490562332
389,1.19147365492644
390,1.1860133713366536
391,1.1864645279839383
392,1.1913513702116632
393,1.108404017783531
394,1.1023162620049323
395,1.0082012438716874
396,0.9970528745906382
397,0.8697520617620738
398,0.8818426253862032
399,0.859650804268609
400,0.8523469980476643
401,0.8149712102987013
402,0.8156989935549736
403,0.8136520060012661
404,0.9147571273424072
405,0.8353489754713267
406,1.000085459032402
407,0.833888618440937
408,0.8432421301516589
409,0.8299451539190996
410,0.8346419636815366
411,0.8277260499139798
412,0.8087664804307145
413,0.7812478023198884
414,0.7649044580477693
415,0.746285975857518
416,1.0056717646868836
417,1.0094208685961004
418,1.447601060875549
419,2.137467420511387
420,2.2917678702958857
421,2.922497716372813
422,3.7889484715982977
423,4.161768207501847
424,4.2689253121201
425,4.954122819474535
426,5.768636129214294
427,7.495047179465323
428,7.244785806241302
429,5.783970268495797
430,5.698732330030255
431,5.014329281395557
432,5.806630020566228
433,5.806630020566228
434,5.855946372263566
435,6.616825708813585
436,5.809415941909607
437,5.138489607629758
438,6.036521517213291
439,5.964468095420125
440,5.894105594578668
441,5.783246523500798
442,5.851193781114928
443,5.981067947662601
444,6.0271675854591225
445,6.041222446207136
446,6.029379880210968
447,5.671031922421535
448,5.798646183812519
449,5.810394267653396
450,5.825710703905315
451,5.795007608189487
452,5.93203917316052
453,5.929973290579002
454,5.9250812519429505
455,5.930851140006216
456,5.582369500187155
457,4.5909224002456295
458,5.434889776045947
459,5.368889859053352
460,5.356062477451842
461,4.299278195863534
462,4.294145672893642
463,5.338508144405149
464,4.285793874207404
465,4.119561341196149
466,4.318309972884736
467,3.989754527425897
468,4.289216807392732
469,4.364970842321515
470,3.99803772184543
471,4.344232486783356
472,4.541862045395824
473,3.9969047683285672
474,4.18433997332264
475,4.45765584974998
476,4.795509880892857
477,4.140144499743066
478,4.06208177722174
479,3.591534610129865
480,3.558944912491781
481,4.15824724345249
482,3.736479157161193
483,3.655840505002291
484,4.171620732026302
485,4.609504232929844
486,4.694309195699024
487,5.074881888643545
488,3.6726906742154775
489,3.901478326855525
490,3.978906074887504
491,3.2471096635444163
492,3.237906675141665
493,3.0203521790920904
494,3.510012552371009
495,3.2013881917484652
496,3.084453446496085
497,3.4480907101644545
498,3.403305819087317
499,3.1480936289349235
500,3.2263514570145944
501,3.1848136496276207
502,3.165818268036559
503,3.085517671247482
504,2.751932490171037
505,2.92685041886266
506,2.6805581236941096
507,2.894707034332809
508,2.757624008749728
509,2.7959785001011794
510,2.7863048417553204
511,2.578994092842921
512,2.755288014736433
513,2.5203843992737243
514,2.4933302962895083
515,2.691031415772037
516,2.733834904807821
517,2.8123957421183445
518,3.277966964432568
519,3.4430198698130923
520,3.6285948305996296
521,4.187262587645015
522,4.389507812420363
523,4.72374737724653
524,4.832414832763711
525,4.9429647877480525
526,4.99030002209011
527,4.981454618496139
528,5.051883190770151
529,5.6228800926099725
530,5.008919502871417
531,5.077982353632297
532,4.623211918011228
533,4.7751971864587
534,4.7643918749848035
535,4.746520808944535
536,4.751685140691378
537,4.778912311542625
538,4.831570556681476
539,3.832433918268403
540,4.253604978084088
541,4.40050435277711
542,3.5842492599126885
543,4.2208657615917815
544,3.5345965048948926
545,4.268717660153
546,4.266541203262324
547,4.4590624705664
548,4.591043607701669
549,4.760595710101461
550,4.892645978656479
551,5.102821849737609
552,4.800512504410428
553,4.1413154145493145
554,4.22738455508021
555,3.9578569475894527
556,3.9519678277803694
557,3.436148279517477
558,3.886914167570646
559,3.6672791390707395
560,3.7221005690339517
561,3.5988835950006783
562,3.2266848923043443
563,3.636987084631533
564,3.22072102484856
565,3.2203247276403264
566,2.7220184097167013
567,2.6097117812594446
568,2.6588989619364223
569,2.7372669520021558
570,2.582676247351783
571,2.4193730111209697
572,2.4990656268205065
573,2.64605743145216
574,2.760166479740092
575,2.418179519859423
576,2.688204758096351
577,3.3206919557585883
578,3.1041429258126962
579,2.9533766975043743
580,2.8693503464604486
581,3.280908208558627
582,3.3993216406104274
583,4.045693260072583
584,4.746083241787942
585,6.057773376576414
586,5.2405584157780325
587,5.225976615676658
588,5.176543468135475
589,4.901995350794244
590,4.901726854937527
591,4.7877551329377015
592,4.352723549377332
593,4.424476049729467
594,4.4679474625829005
595,4.262864859540388
596,4.453716934343227
597,4.37488208875442
598,4.295222726525197
599,4.396645968834997
600,3.6557710139631516
601,4.294837876965789
602,3.391532531486519
603,4.118734893661483
604,3.7380340991006142
605,3.4334809591050117
606,4.224707981099911
607,4.153570537986502
608,4.325971693917031
609,3.395927690034151
610,3.389942186780835
611,3.48105304839605
612,3.38067834360328
613,3.0363437156692865
614,2.9816698945992477
615,2.978356442546603
616,2.9946167213631814
617,3.0009963817670746
618,2.836550314272061
619,2.8332721975414303
620,2.9413598617026757
621,2.9468250511331058
622,2.657343678696485
623,2.662221843083337
624,2.756749520445829
625,2.7095675630119542
626,2.6679777105360123
627,2.549202791078299
628,2.6743027658912126
629,2.6486610694586727
630,2.3786317651976
631,2.3980459868857036
632,2.3964535939862937
633,2.337589388363197
634,2.1978512886057353
635,2.1297772301750295
636,1.947986326129659
637,1.9443486399625962
638,2.0665416571502218
639,2.224057771868403
640,2.1861505638553425
641,2.1855359462407025
642,2.1916660307947637
643,1.8989484249973438
644,1.9195118581151842
645,1.881938942329068
646,1.8565255465068269
647,1.913841051109066
648,1.8766862158236688
649,1.9425176885854651
650,2.1215527319428125
651,1.8940284535690222
652,1.591151247935749
653,1.5913503268290095
654,1.5662155251524947
655,1.5660695161971643
656,1.5954183768497305
657,1.4861542206096099
658,1.4329693021338985
659,1.4403805879635305
660,1.383070398475792
661,1.4035704734115944
662,1.3972308919367844
663,1.396977883489461
664,1.3291113057365553
665,1.356334702152415
666,1.3618259286713386
667,1.3543078642766844
668,1.3449422668125164
669,1.2978050336409337
670,1.2736246730217413
671,1.2755647095950915
672,1.4180261031272183
673,1.3770270427510367
674,1.5915576465152201
675,1.8330798007549158
676,2.4005186356253194
677,2.4099696664077586
678,2.6353371328107595
679,2.8194128660985616
680,2.96791298216629
681,3.2950043731539282
682,3.0205691891836826
683,3.0436518850975194
684,2.910675304588715
685,3.013497313811216
686,3.6442875568196285
687,3.7635401799182135
688,3.7703875741143813
689,4.345432553218519
690,3.479623571427327
691,4.241567658073141
692,4.660110168993151
693,4.3543489759064835
694,4.385643992939843
695,4.438189906686007
696,4.330868069245261
697,4.734562457728763
698,4.689327555437571
699,4.326845838436614
700,4.290775328958506
701,4.88589019235248
702,4.7569551335163025
703,4.667910093049156
704,4.379983742991459
705,4.244901842676044
706,4.387318618937565
707,4.2323825567884805
708,3.4723779804173427
709,3.757006540554837
710,3.5666937403871555
711,3.310084253196806
712,3.358293064275129
713,3.3852779147344267
714,3.099838560844846
715,3.211976484066865
716,3.0235803305299496
717,2.975791933457779
718,2.9445269120573188
719,2.9362402891935373
720,2.6952815716871754
721,2.638754748711692
722,2.6389440502356365
723,2.6520015598062097
724,2.7087926636134982
725,2.357648041454339
726,2.2974062626578102
727,2.2707316933949566
728,2.1919805124568277
729,2.0011734037544153
730,1.9653799680808284
731,1.815472170554855
732,1.8069904956847773
733,1.7319922671520747
734,1.5424037791554361
735,1.701451265358754
736,1.696573337162041
737,1.6108037123449732
738,1.5692137894976907
739,1.5164366759454204
740,2.1077142613338014
741,2.4740336754380454
742,2.522061226545189
743,2.531827741234518
744,2.3766595663672243
745,1.846496026911635
746,1.9034927600966893
747,1.7824085304348498
748,2.2515795185416914
749,2.945767634517502
750,3.591170905805779
751,3.0304082712730342
752,3.0663328522913966
753,2.91751019451701
754,3.595897883443904
755,3.7030856098905884
756,3.7194527122332444
757,3.660934033107913
758,3.8101784716051834
759,4.066763337623066
760,4.282718562954103
761,4.173459474305561
762,4.279943288948211
763,4.636432944323364
764,4.191176401348868
765,4.445360976847824
766,4.112718382730902
767,4.253043881917683
768,3.385873917415937
769,3.344144007100759
770,3.6660195889994127
771,3.2035899595742787
772,3.117398122407843
773,3.0794310848419775
774,2.752870884167457
775,2.9720742520963728
776,2.612679476131878
777,3.0041659923169703
778,3.0229723234023083
779,3.364932811922063
780,3.1977743111731765
781,3.1726552747887826
782,3.1233738958962562
783,3.1582318761270898
784,3.148729724451545
785,3.2611827863912874
786,3.2732011899686766
787,3.235984646363987
788,3.133447400263056
789,2.5863346386688497
790,2.5845569009430354
791,2.324856517302038
792,2.112805901627234
793,2.1539417812000416
794,2.1369398240580546
795,2.160519448190266
796,2.2289904699108276
797,2.234073679183264
798,2.093438245988102
799,2.0712398758229353
800,2.0075666857560694
801,1.8189263358866785
802,1.858691924939153
803,2.4230757397389793
804,2.611130619514899
805,2.9679531756755613
806,3.2503318462310875
807,3.348072517240435
808,3.2552157683410936
809,3.3329599929205505
810,3.3482030439974264
811,3.2981720688673746
812,3.5528576637918023
813,3.26495859028709
814,3.3067269494160936
815,4.094922674654046
816,4.067613820061973
817,3.5025745178346734
818,3.5901333835307208
819,3.4950641804357367
820,3.075657497835483
821,2.726585713175857
822,2.6698647272453075
823,2.563840854032692
824,2.218083594962074
825,2.207058332425833
826,2.063549089063424
827,2.243624845640548
828,2.223357184206777
829,2.2261251556277943
830,2.1849661057052043
831,2.1072489345101713
832,1.966819654038343
833,1.7369792417454548
834,1.8408767951378038
835,1.8250453936554902
836,2.8660887834523154
837,2.847168630948052
838,2.2974549670825746
839,2.3826803639666383
840,2.81595263156231
841,2.9663461449861708
842,3.488279853304525
843,3.4743048184791245
844,3.5136449084882053
845,4.332717873551354
846,4.211482966268463
847,4.429485438439191
848,4.766704265008951
849,4.491718182114005
850,4.354786509302506
851,4.180897040727286
852,4.011468530966197
853,4.246419664560965
854,4.350059085346897
855,4.537507504735646
856,4.386537319755373
857,4.759847782461078
858,4.834402394457135
859,4.834290715472166
860,4.769195830177847
861,5.071558903538774
862,5.0373774381859855
863,5.054694871573984
864,5.133839215762804
865,5.6357685729733875
866,4.850191667498773
867,5.631023844337413
868,4.9127206042535265
869,4.869807550085823
870,5.347146319294257
871,4.644199192755799
872,4.847506415687248
873,4.928866278909809
874,4.808123712407482
875,4.710959828894202
876,4.073594674261922
877,4.724891877250762
878,4.330554980604164
879,4.23894593731592
880,4.323221289853802
881,4.537092334688553
882,4.454563158366391
883,4.589084212990797
884,4.289564399114433
885,4.145919271269647
886,4.249687712951091
887,3.5734293731897666
888,3.31461975312361
889,2.9680540307446424
890,2.9173180126924025
891,2.884569161223302
892,2.86843352137088
893,2.9526390919729435
894,2.8880926899486723
895,2.6425551342158986
896,2.517533465635486
897,2.3012164764434444
898,2.6335755302270636
899,2.2943147430096333
900,2.245730451754521
901,2.2262233457259906
902,2.0224702266411327
903,1.969426604095668
904,2.0400282622724375
905,2.1728319239994724
906,1.8622090913022287
907,1.7743487706597247
908,1.7018043201127655
909,1.729894881773355
910,1.6187122685417652
911,2.2113272445775634
912,2.4639826001692278
913,2.533352976280227
914,2.62964634139185
915,2.704821389042473
916,3.0619076614307774
917,2.9669529551165756
918,2.7471813498097672
919,2.375967360124176
920,2.518481871284625
921,2.5315619696777434
922,2.367273686824035
923,2.5227158955526026
924,2.691099326079656
925,3.0501111105843726
926,2.8654807661224333
927,2.7793931060683628
928,3.1235038958060732
929,4.246370697453629
930,5.343903405767049
931,5.518712732535245
932,5.47750550930867
933,5.470092655953926
934,5.331674157640624
935,5.3780295339847095
936,5.336045052068776
937,5.336045052068776
938,5.345917043876253
939,5.338635595995249
940,4.773526407034013
941,5.271442571921688
942,4.573604999583463
943,4.672769589142487
944,4.584401467924332
945,4.658829037875572
946,5.311837775536138
947,4.5989520706183304
948,5.471301699161406
949,5.434097398086137
950,4.645423800410959
951,5.401571807192422
952,4.581981449234036
953,5.379080531864333
954,5.337101807846743
955,5.371922850835683
956,4.867575593997893
957,4.79715909880744
958,4.858992242193133
959,4.431689861439359
960,4.828399261320016
961,4.607425172645586
962,4.486937450200204
963,4.810103472166566
964,5.004526772139503
965,4.558164984341261
966,4.2719298149108935
967,4.0848388318874
968,3.913500646559004
969,3.913952002189965
970,3.9998179268802714
971,4.271674504221671
972,3.868092256033141
973,3.821638644364971
974,4.298914960331266
975,4.537569299946862
976,4.850136087883786
977,4.923502002272865
978,5.336177400492724
979,5.408684660490463
980,5.354835198124872
981,5.379132894857001
982,5.364453324964528
983,5.388923285743786
984,5.405579224786822
985,5.404759303484216
986,5.4105946397692675
987,5.389353530988461
988,5.447550895878749
989,5.3809456834125315
990,5.3737880023838835
991,5.438869149573189
992,5.40872948822107
993,5.40872948822107
994,5.336288398816781
995,4.707764157668503
996,4.6428628546145445
997,4.631849290227908
998,4.599372982011562
999,4.569085184802513
1000,4.540841952743283
1001,4.634586603397467
1002,4.576376951071709
1003,5.371137903378945
1004,5.333933602303676
1005,5.333933602303676
1006,4.592209276376651
1007,5.337101807846743
1008,4.660033837151169
1009,4.699859867343322
1010,4.162310358638555
1011,4.358036107637534
1012,4.150676650021224
1013,4.113246126524223
1014,4.084874224135817
1015,4.399753741674925
1016,4.49482767740363
1017,4.160168155519728
1018,3.906965669252318
1019,3.9691249429889477
1020,3.7758125838292758
1021,3.4013430851140884
1022,3.3992693407463075
1023,3.399432085913955
1024,3.413007440858152
1025,3.0176304575642376
1026,2.794997163819646
1027,3.1644944188779647
1028,3.1534063776584196
1029,3.1499759402814758
1030,2.979914073296766
1031,2.7365443149724378
1032,2.6016367560738605
1033,2.221125723504594
1034,2.233036783588455
1035,2.151847252204342
1036,2.218811240806471
1037,2.282925028756483
1038,2.159313052421479
1039,2.204430580923006
1040,2.161606664913988
1041,2.210271946761344
1042,2.285239571028809
1043,2.1931879208117993
1044,2.2979860384869992
1045,2.3654379601099107
1046,2.390369197898757
1047,2.2125825642976418
1048,2.2660747000794825
1049,2.2543515783718693
1050,2.319942643497714
1051,2.2757530618430866
1052,2.3306138915535475
1053,2.414770698065322
1054,2.4048084807397343
1055,2.4987556713532566
1056,2.731974678237358
1057,2.768931723107682
1058,2.405588046083201
1059,2.481550729059134
1060,2.4332223522217853
1061,2.3336465498120678
1062,2.542069516012337
1063,2.456165977331902
1064,2.417005125772757
1065,2.472155879234387
1066,2.7568912412065734
1067,2.623896337543465
1068,2.748107237886937
1069,2.8482435511682485
1070,2.847067324674754
1071,3.321943650751071
1072,3.3221697445781566
1073,3.386688151605106
1074,3.6965217858550767
1075,3.6973252159149257
1076,4.000639294984722
1077,4.074737682387281
1078,4.165317023744897
1079,4.19923417134979
1080,4.268505564337635
1081,4.268971820781309
1082,4.099396129738818
1083,4.055553865185509
1084,4.5156042624285355
1085,5.154836641568155
1086,7.182237709362176
1087,7.6083235154666164
1088,7.675297199677145
1089,7.730161715806176
1090,7.730161715806176
1091,7.730161715806176
1092,7.730161715806176
1093,5.0334727558118155
1094,7.690178920107252
1095,7.584165024325613
1096,7.730161715806176
1097,7.730161715806176
1098,7.730161715806176
1099,6.667824216945708
1100,6.297360160442588
1101,5.932015801117757
1102,5.928112620418853
1103,5.642090626334553
1104,5.672201731379069
1105,5.492412924339874
1106,5.506656108200855
1107,5.469451807125585
1108,5.403569369607591
1109,4.3756071152926355
1110,4.7075015838337935
1111,4.069218186060525
1112,4.041058836899824
1113,3.8708973441938395
1114,3.9136463061038196
1115,3.586037608382201
1116,3.479137808980889
1117,3.120208412818451
1118,3.224393528638058
1119,3.1298088921353986
1120,3.165885099688073
1121,2.9071952485841077
1122,3.0587479760954186
1123,2.6151411459335465
1124,3.0500874906735436
1125,2.6497589750723707
1126,2.786038097058273
1127,2.7179665512624576
1128,2.65144365142204
1129,2.6207193399973887
1130,2.703074315352816
1131,2.5179170217307796
1132,2.410134518447632
1133,2.4583352380103394
1134,2.6738448236757812
1135,3.2936046359224873
1136,3.258505392089651
1137,2.9081731951510035
1138,2.621196133402155
1139,3.214695064404215
1140,2.788199975796819
1141,2.5419083351887357
1142,2.5619976398692272
1143,2.903675510533489
1144,3.117509995368716
1145,3.129076639556536
1146,3.0296443471028898
1147,3.285774643025344
1148,3.2904022089879037
1149,3.1977235637496078
1150,3.313207885045691
1151,3.5506289860432423
1152,3.5187128971552815
1153,3.4500095942160423
1154,3.5442486884625395
1155,3.881264435527111
1156,3.409630663355328
1157,3.446929848640979
1158,3.6047189699373496
1159,3.6461243540536703
1160,3.576169282962189
1161,3.4154557812741344
1162,3.182919749694601
1163,3.0937991499661575
1164,2.8373746338654495
1165,3.0655814865623756
1166,3.163921087510539
1167,3.2774465772307853
1168,3.4566929014663295
1169,3.4936047801671064
1170,3.563151471344322
1171,3.391802575603316
1172,3.325001516777198
1173,3.286959486568586
1174,3.1072234300989057
1175,3.2652109224482673
1176,3.2032233183163217
1177,2.9958826663609956
1178,2.8985018484242353
1179,3.1222896291492788
1180,3.086534707548913
1181,3.081419807483696
1182,3.1594209048088797
1183,2.817686718553664
1184,2.7863161123609967
1185,2.9054238764773146
1186,3.240621736247297
1187,3.2555541941413733
1188,3.0661305806097277
1189,2.8940799606062617
1190,2.8641375004512204
1191,3.230484591698976
1192,3.188784452330414
1193,3.14289507719429
1194,3.0982717119359604
1195,2.8430496393544855
1196,2.9479595711823454
1197,2.98325457292539
1198,2.873793235212919
1199,3.043061325681384
1200,2.8643684775591547
1201,2.9977267051131418
1202,2.483884282788445
1203,2.856861260529011
1204,2.7781451581829604
1205,2.7394394712568255
1206,2.895049421911026
1207,2.267648096011479
1208,2.862396247575303
1209,2.5822511024548054
1210,2.4584715774720114
1211,2.8827518918939052
1212,2.9152992450783555
1213,2.767542262868179
1214,3.1093492456372194
1215,2.8762567705324673
1216,2.8704954403091856
1217,2.444813343989942
1218,2.8586978350749774
1219,2.8119551664397395
1220,2.8605797652222273
1221,2.8391076160268947
1222,2.7626138104941647
1223,2.8441286901215617
1224,2.7159340186524776
1225,2.7857140977099752
1226,2.6579573705083233
1227,2.905925097824637
1228,2.6760651603571
1229,2.8392023406790106
1230,3.1787529439392834
1231,3.4649196931104904
1232,3.436484144145743
1233,3.4635841930037627
1234,3.5721219520825507
1235,3.4083509089437003
1236,3.3934160840797385
1237,3.267936427297674
1238,3.252567825006048
1239,3.207947502403065
1240,3.2908799009385956
1241,3.2396946674051037
1242,3.2352521844153466
1243,3.452462064071444
1244,3.5230266027822497
1245,3.633072564007542
1246,4.237420369604721
1247,4.992642997009129
1248,5.145769521166371
1249,5.8828033819484755
1250,6.329173493494475
1251,5.845288984021019
1252,5.43639468626098
1253,5.563998826692989
1254,5.4557985097700525
1255,5.4793869225264995
1256,5.51870220664637
1257,6.673637324350956
1258,7.326231741049019
1259,7.675297199677145
1260,6.433639848703592
1261,6.0815915043321445
1262,6.007437950540316
1263,5.5357530927885445
1264,5.440875154112644
1265,5.343869278655961
1266,5.372143788459883
1267,5.3496129335226
1268,5.398056112944906
1269,5.423390423795346
1270,5.42100449425375
1271,4.702907431377415
1272,4.7226841063153815
1273,4.67117772801155
1274,5.046912287637776
1275,4.592824123171896
1276,4.963557470188821
1277,4.767021873194176
1278,4.733491240438762
1279,4.406230708986002
1280,5.0278242223520655
1281,4.673118257622894
1282,4.733386914274494
1283,4.714466748414305
1284,3.649429990576141
1285,3.5524121885574207
1286,3.633552844804089
1287,3.6323673413282624
1288,3.6753842038236897
1289,3.512996930730216
1290,3.5692120979975948
1291,3.627643084122527
1292,3.582167826044955
1293,3.671750666436705
1294,3.2020384681528413
1295,3.8013017410229493
1296,3.7572767760476804
1297,4.342020005608971
1298,4.207712749928044
1299,4.109674759842276
1300,4.828074325717596
1301,4.588114482109914
1302,5.163460771556847
1303,5.118664259354524
1304,4.896999417962092
1305,4.944729953764759
1306,4.006974836592785
1307,3.6739261339587768
1308,3.9302246076183502
1309,3.5234075047841302
1310,3.146308556987911
1311,3.5441506277198997
1312,4.274514991080141
1313,3.5310368115835997
1314,3.358716455810605
1315,3.3012669481586836
1316,2.989137539920361
1317,2.899511628859713
1318,2.910644049693482
1319,2.948392344421069
1320,2.8336071801316938
1321,2.874322654465438
1322,2.776205145982742
1323,2.7411611951213506
1324,2.767332145377329
1325,2.7767406780507633
1326,2.791655509821498
1327,2.7031158990387376
1328,2.8233665127446166
1329,2.8294715867924216
1330,2.809477715710252
1331,2.738905005405333
1332,2.495936321056802
1333,2.730252021701333
1334,2.197865813879382
1335,2.7200429073495234
1336,2.3970608849638415
1337,2.7081330299750563
1338,2.711989262504489
1339,2.7639974281725137
1340,2.878004625906088
1341,2.4415947501229387
1342,2.7571927552744944
1343,2.167082278211334
1344,2.18214840425865
1345,2.2027608794574913
1346,2.179976042077565
1347,2.4039476815451555
1348,2.1804218297578815
1349,2.4097956408468084
1350,2.1492390733453584
1351,2.095130894917443
1352,2.1102845547438323
1353,2.3518029275200343
1354,2.259299956032631
1355,2.691347317153997
1356,2.761547162429486
1357,2.8933716039393684
1358,2.756094699969584
1359,2.807125480569698
1360,2.9815286713651967
1361,3.178138992296989
1362,3.4698421500780343
1363,4.087440653360299
1364,4.427843118455745
1365,5.008728807677481
1366,5.011078827084072
1367,5.056855997154671
1368,5.048663804013167
1369,4.582628729271698
1370,4.352621237659569
1371,4.006627821843522
1372,3.8741769847907994
1373,3.430505923813934
1374,3.611614818039568
1375,3.1697078355606965
1376,3.422019190063541
1377,3.152085138513607
1378,3.4232016095259286
1379,3.5870212482472907
1380,3.865357488155439
1381,3.6696555113400016
1382,3.617354491253791
1383,3.8273911783047563
1384,3.789102084552985
1385,4.514985304625016
1386,3.588564200788854
1387,4.55332142858674
1388,3.8857469301021212
1389,4.483342172539945
1390,4.469272319788963
1391,4.284650941010193
1392,4.851268583754895
1393,4.451039963235066
1394,4.846028902659622
1395,4.912893129405452
1396,4.426343163148944
1397,4.5135367812841105
1398,3.8536285148644067
1399,3.945493682813254
1400,4.420234369186799
1401,3.641743458203218
1402,4.253163489515187
1403,4.803006566543007
1404,4.100950092215204
1405,4.262450891919611
1406,3.6354831426156857
1407,3.9685813604050133
1408,3.961356457619754
1409,4.80338156043979
1410,4.841271212493213
1411,4.917575741390484
1412,4.798129099320895
1413,4.898853652111211
1414,4.178244249633465
1415,4.028622805027237
1416,3.468384785863567
1417,3.5435620492828215
1418,3.7838543332295256
1419,3.5783317048949246
1420,3.5696787793117077
1421,4.337439257744436
1422,3.6009511270604713
1423,3.6222873288383726
1424,3.5584119621482864
1425,3.601085904966548
1426,3.5511598073386517
1427,3.4910037665491886
1428,4.2609168199100305
1429,3.598198550662704
1430,3.706120854533691
1431,3.62748288443678
1432,3.7795706309459574
1433,3.5963377199378144
1434,3.4200787967802073
1435,3.4190211964104105
1436,3.5398908412241203
1437,3.299159196405858
1438,3.351242186195439
1439,3.39780269524537
1440,3.1484399367899316
1441,3.370970298793301
1442,3.0883733683527748
1443,2.9702354900892844
1444,2.55754602678979
1445,2.3861525426581154
1446,2.5616278441375924
1447,2.383672622134494
1448,2.369253963102146
1449,2.1675226399534955
1450,2.136431114909319
1451,2.058270520509054
1452,2.1607244364936684
1453,2.210324036148819
1454,2.0529138545472096
1455,2.076935695953447
1456,2.009409747524574
1457,2.0388703757544215
1458,1.8778966904279635
1459,2.2149566501928555
1460,2.1813907209383587
1461,2.104732918517486
1462,2.3647420876830996
1463,2.5517140704842585
1464,2.789745262998688
1465,2.8279118971580672
1466,2.957366271401773
1467,2.837198874276738
1468,2.863946294940153
1469,2.896265005324426
1470,2.8508019878653177
1471,3.1030071212053665
1472,3.071909672750168
1473,2.7306888773907616
1474,2.9947037738586633
1475,3.1896453997166754
1476,2.9946818416797174
1477,2.9243022346502867
1478,2.9754257404330864
1479,2.832876243562727
1480,3.16477728227887
1481,3.5776890940824213
1482,2.78382901513492
1483,2.8116451744193816
1484,3.2377622174529126
1485,2.850167283848207
1486,2.4381845060546485
1487,2.1809307806802622
1488,2.1476687611968415
1489,2.1570286351378924
1490,2.1258128287260503
1491,2.1273747625699175
1492,2.1101769777655823
1493,2.382800113422229
1494,2.7263731658961854
1495,2.884456206178268
1496,2.7131125831952074
1497,2.253173121465624
1498,2.0802320526784297
1499,2.409728850260251
1500,2.084053581400051
1501,2.3453732184678096
1502,2.125222105263151
1503,2.226928527614173
1504,2.3993974853114715
1505,2.3205934752842645
1506,2.5591180927495496
1507,2.656709874279578
1508,3.204906954657192
1509,3.4887592538243917
1510,3.5610235552096188
1511,3.6207492350096397
1512,4.102720616186848
1513,4.249873287440324
1514,4.645972066083882
1515,4.75261754146082
1516,4.774515499186042
1517,4.86830463813966
1518,4.948519842168757
1519,5.037426712581744
1520,5.253705265938572
1521,5.763643845133512
1522,5.946809708627536
1523,7.217284230862037
1524,7.373865422782715
1525,7.573016230228432
1526,7.517022474402417
1527,7.333584445764387
1528,7.524187185463224
1529,7.730161715806176
1530,7.612757075172333
1531,7.266367228271451
1532,7.229512389561772
1533,7.051743310642849
1534,6.188670245085964
1535,5.976352827304588
1536,5.868441625008338
1537,5.800203738107463
1538,5.8473797769247495
1539,5.913818797107604
1540,5.7776675305127885
1541,6.924831473753084
1542,6.124058973954069
1543,5.822828327624356
1544,6.556964516463378
1545,5.870531729650756
1546,6.075913819931561
1547,6.7077537962089515
1548,6.970012683827673
1549,5.895863085165916
1550,7.306524099595456
1551,7.104089551229258
1552,7.477126486455906
1553,7.751916076618601
1554,7.473263202422434
1555,7.371357445015051
1556,6.623114518659748
1557,6.166775326773458
1558,6.09969792722212
1559,5.740828439634154
1560,5.742377207932142
1561,5.545905763860736
1562,5.515877719761556
1563,5.437110302232847
1564,5.425202113647241
1565,5.408088058347702
1566,4.634433320220275
1567,4.773218629937169
1568,4.709397670850171
1569,4.766076911341805
1570,4.231764303840019
1571,4.627554589294865
1572,4.694231430598723
1573,4.526644499643907
1574,4.577725156258695
1575,4.620599573800013
1576,3.5756917456527364
1577,4.023589260913141
1578,3.538474568504913
1579,3.554326045108408
1580,3.5055358342298413
1581,3.689975690342119
1582,3.4180333512022374
1583,3.4408779626592523
1584,3.4090422315010622
1585,3.571748133068574
1586,3.4866737894658697
1587,3.4558684821576797
1588,3.3987975644377415
1589,3.649198489302468
1590,3.562489981861619
1591,3.4598644274035317
1592,3.3880076692768886
1593,3.540213309291223
1594,3.414680213089753
1595,3.3830562450314234
1596,3.502747105864806
1597,3.5119627205137713
1598,3.4418789064198645
1599,3.43304603131197
1600,3.349264976728768
1601,3.4943681657783454
1602,3.599171521611003
1603,3.305465794755934
1604,3.4691700016078184
1605,3.527363451097038
1606,3.5804702174973193
1607,3.4993469770937287
1608,3.26116843100749
1609,3.145048626941337
1610,3.052110704539222
1611,2.67614076031491
1612,2.6226152701243737
1613,2.3753011930532395
1614,2.6226012003454335
1615,2.2488767163481347
1616,2.2659537457004673
1617,2.0386113081376296
1618,1.8844655713562517
1619,1.8365733349490905
1620,1.7345730499740373
1621,1.5583053166141068
1622,1.5794499730052427
1623,1.5057118654664958
1624,1.493335871012067
1625,1.4726055330228187
1626,1.4616778753862167
1627,1.4448951948735946
1628,1.4697075467455338
1629,1.3595339607641952
1630,1.4699794633523504
1631,1.3807931488687772
1632,1.4510450604459388
1633,1.7389293585121068
1634,2.0583328439114643
1635,2.3229630694240417
1636,2.3014099119163602
1637,2.939736136081509
1638,2.950747376185492
1639,2.946554289013197
1640,3.113718709775786
1641,2.379403303392431
1642,2.5592152535798136
1643,2.8967533447140807
1644,2.8441205262231724
1645,2.987162566732577
1646,2.9941195222361663
1647,2.841845259166006
1648,3.0873196072596185
1649,2.9548674581913352
1650,3.1181630690598787
1651,3.1192242006593163
1652,3.1097233727087854
1653,3.1074858587784338
1654,2.9719737667432677
1655,2.9276730713918133
1656,2.4039494025559147
1657,2.932548643486555
1658,2.867558076557291
1659,2.8592544042027517
1660,2.553643685351125
1661,2.78660015770462
1662,2.70025491640824
1663,3.176747901604197
1664,2.8630491595012844
1665,3.0086672762614803
1666,2.8345440235522914
1667,3.265633124047194
1668,3.2974027956198073
1669,3.2006500324893565
1670,2.8397758260748747
1671,2.7599854534054673
1672,2.733644649741208
1673,2.7067253170340115
1674,2.6709202835576424
1675,2.327766831639994
1676,2.4413694106355903
1677,2.1986525291703156
1678,2.3775595845399518
1679,2.2174375418218246
1680,2.2091153162219173
1681,2.208758876901771
1682,1.9898659582325573
1683,1.9953048141232463
1684,2.2245920111788955
1685,2.1374397214232923
1686,2.0694014605694195
1687,2.1841147023793206
1688,2.1683013899933443
1689,2.055214607527663
1690,2.1131782426418324
1691,2.059439693648318
1692,2.095562108817665
1693,1.8862532241941976
1694,1.8365878898009982
1695,1.9878607393117882
1696,1.7664390293465426
1697,1.857169682773927
1698,1.6927164555121232
1699,1.8570638884421717
1700,1.94180144882343
1701,1.818629311641713
1702,1.8658593839566087
1703,1.6276155422474157
1704,1.603745077768481
1705,1.6281052736862391
1706,1.5717227046759736
1707,1.5410501820338511
1708,1.554468360153602
1709,1.705666481041812
1710,1.5342577398291708
1711,1.9700415302392382
1712,1.8376466754173777
1713,2.3379082640569844
1714,2.0994007986837753
1715,2.3813173056817094
1716,2.2210948226338463
1717,2.202487841150513
1718,2.2806636594722485
1719,2.88268482063393
1720,2.8836347465537786
1721,3.449389803675067
1722,3.5434335283195972
1723,3.4825877840974453
1724,4.24474137969753
1725,4.584695802192731
1726,4.246457376262172
1727,4.530968051951929
1728,4.198424792500155
1729,4.212882523422153
1730,3.6241581387588124
1731,3.963517616190835
1732,4.725916922111344
1733,4.470737156899888
1734,4.511173358653319
1735,5.056772543748371
1736,5.470304327583286
1737,5.413318818197055
1738,7.1888492248883225
1739,7.610158950829217
1740,6.266192226388633
1741,5.588459520020824
1742,4.856969012377298
1743,4.8252957721337735
1744,5.259909957035794
1745,5.2417333272140025
1746,4.831997084149346
1747,4.809106564874782
