,0
0,3.719689531487682
1,3.4794012197327406
2,3.3540304527375797
3,3.344060579203823
4,3.33714612452987
5,3.3352717678202977
6,3.490911798796549
7,3.2734832722102833
8,3.080615448988996
9,2.9643407005747244
10,3.081087274981901
11,2.6829539855582847
12,2.611413824694646
13,2.610175150136026
14,2.6032270252385716
15,2.850466338432891
16,2.6651889265315374
17,2.609459491542469
18,2.845024078614195
19,2.679050666688099
20,2.5909567667814843
21,2.775690531683572
22,2.384608838298309
23,2.241575653461677
24,2.2668105666664684
25,2.322792515853422
26,2.284978730366184
27,2.3702138326082274
28,2.1894863256458055
29,2.2618099914468393
30,2.2804259231574915
31,2.471323365461149
32,2.5421107282862048
33,2.7453023221342234
34,3.3513753054392006
35,3.452807508633564
36,3.8527264100538905
37,4.518200117552056
38,4.228487646568429
39,4.859305726304975
40,4.421826472255381
41,5.021795377918111
42,4.737382999034211
43,4.264737462249424
44,3.9430387934721645
45,4.033660490256109
46,3.860361251275959
47,3.8542989041688753
48,3.9813512163373517
49,3.8721081806057285
50,3.9084915911724214
51,3.9853660093013854
52,3.6048778934200993
53,3.7473517580542692
54,3.593597150901394
55,3.4304865055075915
56,3.3829486626209806
57,3.1983040118023225
58,3.279252131858229
59,2.706292638522804
60,3.169702614894173
61,3.2770117553624747
62,3.2189284886301115
63,3.3219065497078186
64,3.423619068707409
65,3.431929413335957
66,3.3873025551015328
67,3.418086717539921
68,3.5806041156365915
69,3.8712717943153137
70,3.4673787613121183
71,3.3752028229513837
72,3.3473878428083244
73,3.448539055624769
74,3.435508885232502
75,3.816947471890171
76,3.8271430908835242
77,3.9343853321981936
78,3.7300842211050282
79,3.515251067953744
80,3.4773670317251524
81,3.471196517242755
82,3.3984733454696308
83,3.301835855360367
84,3.148729768733797
85,3.180807929782306
86,3.173793380677674
87,3.050389540026935
88,3.00100169948051
89,3.191863278886135
90,2.9271096256264224
91,2.9131628527976225
92,2.941350524670939
93,2.6846257946827143
94,2.802991645099534
95,2.6577972041181153
96,2.5555249456507747
97,2.3999737700797836
98,2.554072346792821
99,2.597170911156042
100,2.70709720166621
101,2.608291754705878
102,2.5905458356800475
103,2.3618440768058298
104,2.2561482516156737
105,2.107633094175497
106,2.0398772224473465
107,1.9755580674618713
108,1.7486626761374602
109,1.9187423702744244
110,1.8547172544263102
111,1.8863432157788018
112,1.8862880853013828
113,1.6457142746969124
114,1.7626512877838236
115,1.5847461802872675
116,1.5578061283254998
117,1.725388218650729
118,1.7727612256424667
119,1.681930902912923
120,1.7059604175682135
121,1.8558357496385647
122,1.7772678139714881
123,1.913320572793871
124,1.9465655475649644
125,2.183934393576182
126,2.075066829513708
127,1.9614879630343223
128,2.1242919503081947
129,2.1641898809503384
130,2.2747505346782693
131,2.1940970004879947
132,2.3462878449737143
133,2.327892271735477
134,2.3635773586594913
135,2.427909629801855
136,2.66570912912165
137,3.010133815345185
138,3.0185984311419873
139,2.750442113838068
140,3.1142926392010595
141,2.9112005879638896
142,2.752807396134237
143,2.6323613129390218
144,2.609737835841022
145,2.819884199700453
146,2.678030443204694
147,2.656963110469399
148,2.586702440966419
149,2.5806698289333654
150,2.8942204731420427
151,2.6176004132846202
152,2.43057526456771
153,2.403356692663546
154,2.42333030138882
155,2.347488334933571
156,2.0372898307296228
157,2.2815042827663845
158,2.3150449065202534
159,2.3591257185175802
160,2.09479725416496
161,2.2561362157177687
162,2.2926297853187694
163,2.181767155422512
164,2.190165642735982
165,2.3401234941742737
166,2.2809519686123028
167,2.520363357728785
168,2.5705000638455964
169,2.687429390295487
170,3.0579470822508132
171,2.7529622313570394
172,3.130750369891184
173,2.7623367381236044
174,3.3761094583943083
175,3.482615272375544
176,3.457387639647036
177,3.543461946659113
178,3.5726921971932746
179,3.8335632490258202
180,4.126422307803393
181,4.528925693563293
182,4.681588962473167
183,5.057959698513343
184,4.680077309812151
185,4.784579964876203
186,4.164720909767517
187,4.453843422313852
188,3.959041109833046
189,3.733716878299376
190,3.687267038082357
191,3.837827933463617
192,3.7105153341279147
193,3.497103333858394
194,4.007074500228661
195,4.262480295600347
196,3.9959215282573024
197,4.091222196369841
198,4.15185917131526
199,4.120765727037597
200,3.9002103472456633
201,3.728203877974837
202,3.8572578776013113
203,3.812138419875631
204,3.933732198437564
205,3.8700896672751743
206,3.97451360399545
207,4.379886951885432
208,5.219154217762049
209,4.87987061915528
210,5.105683036522043
211,5.196277797951733
212,4.60476601430569
213,4.652381031095154
214,4.3453031833122315
215,5.2069704608587
216,5.376979128381382
217,5.248768561540165
218,5.654208664471561
219,5.859491877178579
220,5.29710546972468
221,5.524312736763243
222,4.853789089345951
223,4.501525807737333
224,4.362876882797243
225,4.381450373822055
226,4.235987607788232
227,4.1630504262669215
228,4.512936055262217
229,4.041879447174612
230,4.267355421628473
231,4.433716931141269
232,4.260254732037183
233,4.0521403427942175
234,4.159093804608196
235,4.040388447274787
236,3.7219954432423727
237,3.751150409706691
238,3.8556517948999547
239,3.651602714454594
240,3.5215912675981205
241,3.9542861060139214
242,4.0760549198957765
243,4.802945468008823
244,5.31722296038
245,4.89879567043308
246,5.038106538888859
247,5.429987608073747
248,4.955691160062823
249,5.1165151734779375
250,5.306879871362057
251,5.655421415865737
252,5.750874323580937
253,5.778675757847067
254,6.3334585924052815
255,6.6329386546158124
256,7.01805290162903
257,7.026633721267058
258,7.026633721267058
259,7.01350225959148
260,7.01350225959148
261,6.583708011275663
262,6.335529578159542
263,6.571246151094817
264,6.027437340172501
265,6.042694689276839
266,5.8954107947920225
267,5.385557722006207
268,5.792967025462808
269,5.38102981908945
270,5.459323891655826
271,5.293112162493537
272,4.434957262182261
273,4.660579680166438
274,4.191060098729499
275,4.2520647835178975
276,4.060299173522321
277,4.035954443221021
278,3.938815499011987
279,4.056834865155841
280,4.365044889787437
281,4.380446268751281
282,4.504378966328682
283,4.507090821806968
284,4.13788645923371
285,4.043116303932062
286,4.069882276871013
287,3.9743832637208976
288,4.015515113615022
289,4.045138638147616
290,4.354660849950941
291,4.202101913115231
292,4.020727053922175
293,4.135000715247031
294,4.191836181543623
295,4.487734864566655
296,4.807891598773412
297,4.351681476197284
298,4.4526302911665825
299,5.07851455625357
300,4.324223387459464
301,4.450759865523089
302,4.1570615399490185
303,4.536999459734912
304,4.630080732218767
305,5.097760019536122
306,5.358203951013404
307,5.441196842356122
308,5.681844080709582
309,5.85587319774242
310,6.092392924898946
311,5.368449642095402
312,5.2708500895560935
313,4.781267269972931
314,4.810334017486217
315,4.2287184030689
316,4.677792800711822
317,4.459400700720197
318,4.28682110517483
319,4.463403481425154
320,4.329630910919855
321,3.9828499446765506
322,3.993600448000567
323,3.742152582898179
324,3.66366445996679
325,3.5633436770297506
326,3.4502984857028154
327,3.4095066660809716
328,3.2104653963010397
329,3.35101153683989
330,3.3376880010260574
331,3.7948774153820635
332,3.6056533385864675
333,3.6731613312973725
334,3.9380763487099975
335,3.9037592365973777
336,3.886609316939005
337,3.9207245590553805
338,4.205219719090569
339,4.062353239935035
340,3.987286796448934
341,3.514400582878109
342,3.431706070658723
343,3.702736219090712
344,3.163897516092875
345,2.834536693221108
346,2.5647055855817835
347,2.4619881784433018
348,2.4608195610912103
349,2.427618728476541
350,2.194318346707621
351,1.905495121864649
352,1.7059246641704382
353,1.5800917639504097
354,1.4874505048086075
355,1.3261495482303913
356,1.261532873027245
357,1.201081131090811
358,1.2204214062313568
359,1.1215060140698259
360,1.0956379755128167
361,1.210316494089765
362,1.1073567946596952
363,1.1219692669299255
364,1.1091587329529016
365,1.207904654350049
366,1.3039396038657527
367,1.3191515384922856
368,1.6366933866568862
369,1.800010467783943
370,2.1282633552137304
371,2.4752942422240984
372,2.7521778857928516
373,3.1365029925799486
374,3.2449525458440105
375,3.444948455435868
376,3.866387909095493
377,4.354593932496838
378,4.315489823805054
379,4.3415423981647026
380,4.592312730288286
381,4.713112434787675
382,4.793985276334614
383,4.838594394264989
384,4.562339645124774
385,5.127801270029437
386,4.896278672561616
387,4.567100074985913
388,4.933198047273649
389,4.876556077498609
390,4.739962692970582
391,4.238216239734348
392,4.220765027438209
393,4.14025465974034
394,4.283034440254864
395,4.132724459376248
396,3.9708578730825734
397,4.36438900113845
398,4.458663767831731
399,4.44983738762394
400,5.0947610630960005
401,4.710409922104399
402,5.049440460796901
403,5.155731908828462
404,4.944162916930227
405,4.891264347764722
406,5.025804805075829
407,5.132422262689483
408,5.274733448160213
409,5.325791893104056
410,5.134092873775991
411,5.4170861887945705
412,5.411815964975188
413,5.418662880925028
414,5.26818659418179
415,5.24483321349116
416,5.352048180831212
417,4.8226150767716485
418,4.808426663321129
419,4.446186267331303
420,4.113694848079854
421,4.143916894024739
422,4.149438365083156
423,4.016102466822647
424,4.013244553678833
425,3.794911280184266
426,4.014051513565212
427,3.8245454042930582
428,3.4654351632626677
429,3.2160574506523645
430,3.3139629358821456
431,3.0177218046810186
432,3.0001587472112914
433,2.928680226622381
434,2.7512652619259517
435,2.655747385364135
436,2.5988046144251324
437,2.7388176236635293
438,2.6439142571027063
439,2.5218540047453057
440,2.5739801204976795
441,2.5996528303547057
442,2.556954164701477
443,2.1900094429019186
444,2.183997022056082
445,2.1138787053394053
446,2.2323315774656107
447,2.100642579030431
448,2.154364524614393
449,2.140840158241899
450,2.125684347746407
451,2.1152109953571525
452,2.0813076053704096
453,2.0572388715191
454,1.8827983297287847
455,1.8854303169121345
456,1.71031626711506
457,1.6804032372131112
458,1.532039981825177
459,1.4974898795460752
460,1.4798753121965849
461,1.4319903918579848
462,1.3950339994342085
463,1.3207245373687084
464,1.4055076783164508
465,1.3768970132248308
466,1.6279539445599713
467,1.6381216130314407
468,1.8310340356037031
469,2.0936534037779113
470,2.4148343152768073
471,2.744601928868559
472,3.226592246517115
473,3.5995963161122297
474,3.602356344948655
475,3.867155622026911
476,3.8712012443361337
477,4.347528888096795
478,4.684850756973514
479,5.255232349227856
480,5.195272538783317
481,5.7522469429268615
482,5.825645901074038
483,5.9193293278264
484,6.124908524227563
485,6.4234167523377925
486,6.47719702371332
487,6.916622036820641
488,6.96967067033367
489,7.01350225959148
490,7.01350225959148
491,7.01350225959148
492,7.01350225959148
493,7.01350225959148
494,7.01350225959148
495,7.01350225959148
496,7.01350225959148
497,7.01350225959148
498,7.01350225959148
499,7.005343109955586
500,7.005343109955586
501,6.827665714842789
502,6.43829075310853
503,6.9073999280147875
504,6.869104259436705
505,6.264941167361925
506,6.241724476346337
507,5.989213248872012
508,5.357249827933261
509,6.770766971479365
510,6.43259136137274
511,5.416783829177041
512,5.99581491452608
513,6.378746657193246
514,5.357278524376472
515,5.714846372935907
516,5.451550322312224
517,4.853321927544183
518,4.955233818888076
519,5.182964205120655
520,4.542737907688486
521,4.951574408342401
522,4.838649382793554
523,4.430737535375405
524,4.554171970885792
525,4.307867248474596
526,4.344473862423292
527,4.167276973182429
528,3.9190907453833663
529,3.701216801198052
530,3.841006683938392
531,3.804228427265603
532,3.43378087346767
533,3.5975465162514553
534,3.4090839485681004
535,3.4281110354910855
536,3.386079832507135
537,3.3645101493886473
538,3.0654250564261307
539,2.9347700721113
540,2.851048763811714
541,2.5215466211888216
542,2.4651990939572834
543,2.490577965397109
544,2.493831315723799
545,2.506985952609823
546,2.36277369157967
547,2.4952607768223865
548,2.551902932245202
549,2.5284036152961824
550,2.515631326600069
551,2.5089228100044485
552,2.5543013521976823
553,2.4271107650873938
554,2.6624537620721727
555,2.729625706622947
556,2.6572108942162513
557,2.768727744356432
558,2.7730150670677918
559,2.861575509548699
560,2.7590670368453836
561,2.6129687346776183
562,2.512376428060565
563,2.54731169355418
564,2.4026121504149134
565,2.362411186930497
566,2.3026202479149918
567,2.1601854706768147
568,2.0805774991472834
569,2.051989499617414
570,2.052283509785552
571,2.045652653757275
572,2.054189796757775
573,2.1138813865083175
574,1.9902670602473722
575,1.7710008105982946
576,1.7789584831416483
577,1.7306162661780256
578,1.8343839589921704
579,1.7318866402260944
580,1.7043183028257805
581,1.8003837071703845
582,1.8980385285917232
583,1.960649847314417
584,2.156351756920988
585,2.320512817104167
586,2.4944979063346047
587,2.457830060405389
588,2.3349882146192855
589,2.3861304384395465
590,2.1580937658280117
591,2.3313470082835352
592,2.309975331377255
593,2.2925718028707927
594,2.217121333773868
595,2.4730157731027425
596,2.5410616999990654
597,2.584118286408319
598,2.3833548919216048
599,2.2420381324511114
600,2.2264477773775297
601,2.1441683596051226
602,2.1344799374866055
603,2.145178856101376
604,2.2308136522039437
605,2.7728050774319066
606,2.64031758703309
607,2.7857644791825713
608,2.7440055830549466
609,2.8467534789075035
610,3.166720245888966
611,3.3811798063974576
612,3.2212324300201005
613,3.443909408423135
614,3.4339849754396132
615,3.96047321678961
616,4.1085044901311845
617,4.585063183397955
618,4.652378584402185
619,5.345136851947919
620,5.559396490601963
621,5.446090142613678
622,5.513067762690339
623,5.336414997954204
624,5.2348930724692035
625,4.507013105640927
626,4.515962823241705
627,4.424562146583263
628,4.130807543122542
629,4.46024530794837
630,4.78678805500888
631,4.169750026601104
632,4.399384866252394
633,4.2211536538977015
634,3.7900182866559566
635,4.11349079284963
636,3.739094413797751
637,3.5723615258898054
638,3.8265536908197237
639,3.5348425912601913
640,3.5165234225994095
641,3.4241255943032516
642,3.7045492446330885
643,4.062157871979333
644,4.118901321657096
645,4.542642783276681
646,4.890667339784748
647,5.043385594624065
648,5.0154292496921915
649,5.665335831839702
650,6.077491257475521
651,6.904580467046483
652,6.920526805706418
653,7.059049047376796
654,7.059049047376796
655,7.075169061749776
656,7.075169061749776
657,7.075169061749776
658,7.075169061749776
659,6.743340545620842
660,6.422763313768948
661,6.395923229054911
662,6.614398239849595
663,6.989897086614077
664,6.142349312627356
665,7.059721141249223
666,6.3445059967220745
667,7.059721141249223
668,5.967211491669201
669,5.178306730954984
670,5.653697903146758
671,5.822136140970654
672,5.886364831551333
673,5.1820199027069895
674,4.753852602151114
675,4.9592001496143086
676,4.941795353634775
677,4.534344953978674
678,4.972370013694993
679,5.4910540580611125
680,4.4569678162900646
681,4.818199728498225
682,4.433879903915349
683,4.362827005767085
684,4.050368286731433
685,4.071901476647474
686,3.95955333938909
687,3.982779227423117
688,3.9907864435895632
689,3.560353889316016
690,3.6041901343888476
691,3.877876221384306
692,4.0549219951542845
693,4.284146249918056
694,4.386790593638786
695,4.539289644958246
696,5.113001308307868
697,5.470325155841848
698,5.915156630413535
699,6.29191647805201
700,6.134352227160477
701,6.1402704577702565
702,5.441498509280512
703,5.081370447474855
704,4.860209596213954
705,4.755981385276503
706,5.354344933276952
707,5.25566136685549
708,4.850669827917899
709,4.40810113482017
710,4.411498794087311
711,5.231473002989831
712,5.211069246971292
713,5.67634996281148
714,6.371081610413615
715,5.46296709790639
716,5.670997262634706
717,4.897647791156202
718,4.6942808985110895
719,5.211326778013197
720,4.369987256684072
721,4.258814082818714
722,5.224229231877934
723,4.6101829993108705
724,5.040957876574259
725,4.290964776602612
726,4.596901588230984
727,4.216125946845436
728,4.271467344838132
729,4.508419195157572
730,4.06500336580463
731,3.995240454918241
732,3.9402670938661837
733,3.824357893704337
734,3.8979161326560785
735,3.8309634248548843
736,3.8570747472543925
737,3.9228966522594604
738,3.8710366012821806
739,3.799876950981378
740,3.9247534025504045
741,3.9679877485832447
742,3.768405331703905
743,3.777276072339921
744,3.7865049457873794
745,3.927875950134195
746,3.687779267688516
747,3.8188021591071717
748,3.584210071955401
749,3.8168746674199445
750,3.6930921606669935
751,3.5856355900786534
752,3.6567351565067123
753,3.457180210271402
754,3.705888480733085
755,3.8405985571555132
756,3.937957746024593
757,3.9268007468470993
758,3.8089398150474585
759,4.083338450362153
760,3.962621541936438
761,3.850252239538237
762,4.139451136630252
763,4.025893302442288
764,4.124688845522685
765,3.8183369777758824
766,4.400669201136176
767,3.9600871818005197
768,4.020419802470639
769,4.085408608599938
770,3.436832064007391
771,3.6521030695411736
772,3.2566301477359896
773,2.9736348400847974
774,2.649626033548033
775,2.41258825262222
776,2.642357843238653
777,2.4432496917324484
778,2.67083951139023
779,2.6772644453476344
780,2.7536697378890933
781,2.6699771195289057
782,2.7079051718142724
783,2.629080228545663
784,2.451828235611985
785,2.626091676693357
786,2.6915689124130924
787,2.8837137366010626
788,2.7574081352824793
789,3.1123550488907075
790,3.4426411463729107
791,3.613241990474408
792,4.023136488014747
793,4.0928892516994395
794,4.079452745470197
795,4.508564635412955
796,4.176085035004823
797,4.864905417842707
798,4.631601528061932
799,4.252357236141497
800,4.560080031311622
801,4.800357640759007
802,4.653493171741749
803,4.470177421516307
804,4.453052418921574
805,4.28596325063571
806,4.218291775446376
807,4.432966023794898
808,4.118787793544506
809,4.086917545622391
810,3.930531457100679
811,4.035943715094174
812,4.18832186084649
813,4.005780895511537
814,4.233068535500501
815,4.484129416295381
816,4.02890604508741
817,4.1243326137738645
818,4.154935239269312
819,3.963074680049599
820,4.541524683207084
821,3.8381555529883093
822,3.989401800807797
823,3.9429964812176905
824,3.826288022012822
825,3.827308120204231
826,4.094496560682482
827,4.118227117862112
828,4.251152542926129
829,5.031400687985738
830,5.298290362549365
831,4.863236454633129
832,4.824353353966197
833,4.797650637246847
834,4.530231195918036
835,4.457191792621754
836,4.293763118506212
837,4.147953765540164
838,3.9064454556206525
839,4.053565094306181
840,4.085883923884681
841,3.9470014204839665
842,3.940263429185619
843,3.451883230293488
844,3.373789931988896
845,3.505308892949364
846,3.241303210883233
847,3.1443869079928812
848,2.9974041734071863
849,2.913451744807137
850,3.0507876734248436
851,2.891163799128805
852,3.172556101676625
853,3.008078482730564
854,3.0984999620787175
855,2.8073046844638214
856,2.564698586169051
857,2.5471079624386563
858,2.379005956714168
859,2.213842934496354
860,2.142470351025696
861,2.2408409028182645
862,2.241547896331023
863,2.151068122824016
864,2.3680916365374505
865,2.470715413726844
866,2.5739068811279835
867,2.5414061750229275
868,2.698929680275561
869,2.7546651527077364
870,2.921558404015265
871,3.337874596452557
872,3.060173492976939
873,3.1105047041693528
874,3.1552157837059576
875,3.0491875204401104
876,3.00841658750255
877,3.2521076044584514
878,3.290985019861118
879,3.7367575532323185
880,4.04328543947305
881,3.9851049719832723
882,4.032024925953531
883,3.8474341722410257
884,4.07886696434655
885,4.173005907903108
886,3.9319077200259964
887,3.8667663701773574
888,4.244959769200654
889,4.276324828662077
890,4.063161368739593
891,4.151810389075486
892,3.813270957466937
893,3.9299296749326333
894,3.423989884126588
895,3.231508579074037
896,3.0551760684070897
897,2.973787494643443
898,3.1519092740884362
899,2.931822592690157
900,2.8617646085555326
901,2.915871393048602
902,2.89498519392424
903,2.839932271567287
904,2.9632165784973816
905,2.8657988822592873
906,2.7256137028862115
907,2.6950472648935078
908,2.812954483941566
909,2.792114099003733
910,2.79624924017239
911,2.934325005909363
912,3.1222716386638045
913,2.8261735219016213
914,3.036429776150515
915,3.2439001118987116
916,3.163146423382064
917,3.3636891447008845
918,3.1622889446123397
919,3.1714225933345612
920,3.536282960317293
921,3.809456101048791
922,3.655293302793601
923,3.5865325047980012
924,3.512169561313257
925,3.428573569214326
926,3.4297113369701875
927,3.276789544417622
928,3.340839632964585
929,3.0334280213975005
930,2.994751183693982
931,2.7427210547416068
932,2.52412097206033
933,2.4284479037691904
934,2.232989947035333
935,2.187816175406317
936,1.9957762452756538
937,1.8330499053196239
938,1.883008283609204
939,2.040984315189392
940,1.9586988451710188
941,1.9238527890713308
942,1.9867261889687922
943,1.9746994651989862
944,2.0873880397117333
945,2.032443434758965
946,1.9832268718758694
947,1.8880919525660758
948,2.0830754701617735
949,2.1257023643804085
950,3.0904723177870075
951,3.2098830934261944
952,3.5407940151401505
953,4.122604548018624
954,4.015780494178507
955,4.245974802884715
956,4.17677880354736
957,4.00958479744592
958,3.671906681851795
959,3.8099323341236895
960,3.706318996543943
961,3.301451174194505
962,3.32619350147642
963,3.3734475415093983
964,3.4247044551091204
965,3.2011433529147535
966,3.0274423907458647
967,2.9290320778972907
968,2.9113357451917565
969,2.7954435752729205
970,2.721222824275347
971,2.665746808941569
972,2.9681697106139047
973,3.3461531761091616
974,2.905065068775306
975,3.0848011373494155
976,2.838272355357078
977,3.076916702685046
978,3.169718477115171
979,3.223561216082522
980,3.231166036362416
981,3.3160586181291305
982,3.3811770074537284
983,3.75824144020788
984,3.536644995747776
985,3.462049921591336
986,3.5207955899678467
987,3.564834875349053
988,3.855035089706126
989,3.7904391520453116
990,4.0821985631352575
991,4.643062506729329
992,4.426142960393759
993,4.304313940996084
994,4.501890809919033
995,4.306597959520818
996,4.301280144268761
997,4.860108631657268
998,5.088291788327704
999,5.514063664018141
1000,5.748511948780528
1001,5.804458407324543
1002,5.526416549035958
1003,5.848475352700352
1004,6.281045707494308
1005,5.3309962891056655
1006,5.8474062921433125
1007,5.407957425787392
1008,5.212049351982348
1009,4.795749477697679
1010,5.047511221554007
1011,4.796666052409596
1012,4.949535703774538
1013,4.787213680337795
1014,4.328835023404129
1015,4.5311423054062585
1016,4.255042255100784
1017,3.9725526842183623
1018,3.969544937355798
1019,4.10326712559183
1020,4.057494990122045
1021,4.122093321438635
1022,4.307131152597687
1023,4.3700940884270105
1024,4.525981792994896
1025,4.852398923757138
1026,5.347477119718292
1027,4.909241862492514
1028,5.013491765688074
1029,4.709333160980188
1030,4.460639529239753
1031,4.822761126622232
1032,4.221299257382285
1033,3.922354482117733
1034,3.468656129772888
1035,3.694607782755624
1036,3.4741145712787107
1037,3.4243699934235012
1038,3.8580287871862966
1039,3.5272504166152325
1040,4.144109028147455
1041,3.9744394644782517
1042,3.9939120307785965
1043,3.9977429938360456
1044,3.7534386622058262
1045,3.842237567615053
1046,3.4353834502624356
1047,3.39659975150793
1048,3.2480854465615305
1049,3.154088940090599
1050,2.9598816507814623
1051,3.062652698941758
1052,2.9259208658455553
1053,3.34819444351566
1054,3.620971093784003
1055,3.888223722772657
1056,5.159595869590577
1057,5.379181115728971
1058,5.891969296023324
1059,6.069457735980272
1060,6.088157325167603
1061,6.3035701848220755
1062,6.3328313671533785
1063,6.938861905009143
1064,6.571354449706458
1065,6.745861514487727
1066,7.004921439953452
1067,7.01350225959148
1068,7.01350225959148
1069,7.01350225959148
1070,6.602334635812239
1071,6.341044505751574
1072,6.221835906752882
1073,6.469062839725153
1074,6.01532570467497
1075,6.2569752121857904
1076,5.564936384005804
1077,5.729874057841128
1078,5.644979054332425
1079,5.050791039655919
1080,4.787118063932151
1081,4.327188947786678
1082,4.067346006724633
1083,3.8369268099562626
1084,3.9586177736649386
1085,3.9203783306621816
1086,3.2290039366180334
1087,3.3086900525190415
1088,2.990955662498239
1089,2.934676375773246
1090,2.807324690764884
1091,2.828689300529213
1092,2.786118287840943
1093,2.772908077718999
1094,2.765905940012372
1095,3.293924220238294
1096,2.941235830059277
1097,3.2672818123966594
1098,3.080278331984386
1099,3.582025493021653
1100,3.6420883866605878
1101,4.993241683913791
1102,5.62135756567102
1103,5.938476445016441
1104,5.769166129614033
1105,5.528302761991129
1106,5.244949532689893
1107,4.417992379412789
1108,4.294867165433292
1109,4.360628593277272
1110,4.0299393284476555
1111,3.8375212062970334
1112,4.008947129313821
1113,3.9330491836340262
1114,3.9349736017489585
1115,3.6752276846106335
1116,3.643877275930803
1117,3.4808562574811845
1118,3.325118769844908
1119,3.3321833197992556
1120,3.450234891085883
1121,3.7220500267449856
1122,4.04123630936771
1123,4.332687201980471
1124,3.9168604566126466
1125,3.8185672021194454
1126,3.7554065499581784
1127,3.7623109568215924
1128,3.781419096005188
1129,3.4177381481080475
1130,3.915023892402359
1131,3.430080901839365
1132,3.3881140335064397
1133,3.4483831016366113
1134,3.454320658226827
1135,3.7745078087924986
1136,3.6815516960640773
1137,3.9796257306560077
1138,4.3845855063603105
1139,4.664080039602235
1140,5.306795255563609
1141,5.3162162103511115
1142,5.515132059255171
1143,5.539458843609029
1144,5.303691060807492
1145,4.759402302707959
1146,4.85200858517168
1147,4.564335170223629
1148,4.4033259988442595
1149,4.256243925553863
1150,4.582463758047211
1151,4.7521695247990055
1152,4.511243514890282
1153,4.7400786096313485
1154,4.314518213388134
1155,4.329350304143833
1156,4.01935554631724
1157,4.124419296313749
1158,4.206387766564869
1159,4.071870986495117
1160,4.135025137521665
1161,3.8491840542418663
1162,4.007796754121889
1163,3.4846196926020134
1164,3.6993124694228654
1165,3.628330543803074
1166,3.6885668992369376
1167,3.660621141909053
1168,3.4413543209594533
1169,3.9441257996286057
1170,3.921228797919885
1171,3.7930001901970902
1172,3.8616129055829873
1173,4.043116256141856
1174,4.772401833559484
1175,4.0377137486437915
1176,5.150109468507956
1177,4.50579062377056
1178,4.111506874746087
1179,4.299223792026512
1180,4.410126002640607
1181,4.648421882228476
1182,4.2417175719060385
1183,5.258608371897019
1184,4.577960320872278
1185,4.3048599691924805
1186,4.801369585960699
1187,4.7454407260704725
1188,4.537678341927432
1189,4.540626599342473
1190,4.28739487450451
