,0
0,2.864903352505973
1,2.8413247767583276
2,2.8339812076547304
3,3.1942155554727143
4,3.2211997882322234
5,2.744101071233493
6,2.824333424109434
7,2.779614811350879
8,2.794559741289316
9,2.8066325012673095
10,2.8128229408326524
11,2.8057159182463205
12,2.8114974179190346
13,3.160688120396044
14,2.863826603551371
15,2.8202031176572198
16,2.442877594604408
17,2.4405215174816
18,2.596409467397889
19,2.601910198660517
20,2.794108599112198
21,2.557728793260991
22,2.6204354725762067
23,2.760160308344536
24,2.6220035296584276
25,2.5998124003775973
26,3.1839482405566595
27,2.5871371681069117
28,2.6157670504404713
29,2.265304905576032
30,2.375598371337445
31,2.4554387851211072
32,2.3804501090798302
33,2.3844537474303893
34,2.343182895972815
35,2.4112050549762483
36,2.728742734465477
37,2.3796092436064136
38,2.5074361381978627
39,2.7346113913931642
40,2.7582349786498828
41,3.1651246127000427
42,2.6631601683311907
43,2.3668186961502995
44,1.9224000889350692
45,1.8988828912250229
46,1.8893443713396614
47,1.8318802774047303
48,1.8898212404726644
49,1.902038692782764
50,1.8990566406230502
51,2.0602046050463905
52,2.322963788724581
53,1.909782489199611
54,2.032428753492146
55,1.9166686685710326
56,2.305988892003103
57,2.4098948588065934
58,2.2199376578887646
59,2.231318251293405
60,2.384669083638684
61,2.3785711315345686
62,2.0278478560417827
63,1.9513625659890959
64,2.0140502875969117
65,2.0144848587769553
66,2.0975994019410344
67,2.643186345609414
68,2.0333062190462288
69,2.080089729368449
70,2.0394065995913704
71,2.05133732892425
72,1.8220924848044397
73,2.091227699216376
74,1.9132792497219167
75,2.0145303826393453
76,2.1095401472586723
77,2.456471143821266
78,1.9907657023982988
79,1.985048638108644
80,1.9755819319452121
81,1.9979834037878978
82,2.2909014138272994
83,2.2120112262526663
84,2.184947611466639
85,2.258501848276689
86,2.544701869869258
87,2.5721358808202637
88,2.715557129493895
89,2.6392861597046298
90,2.4481294822773747
91,2.54372675763008
92,2.3726256827865098
93,2.0125713637955394
94,1.9736766627460087
95,1.8137380638316558
96,1.9030053485058571
97,1.916973783925047
98,1.9954762887769943
99,2.1560377122956544
100,2.3969036298479898
101,2.5079471394689805
102,2.721263018736606
103,2.6429349190691105
104,2.297597870646788
105,2.3373429865827364
106,2.0909848774801922
107,2.3212554798809655
108,2.2510034719368677
109,2.0719505339581055
110,2.458602995072439
111,2.917648561201142
112,2.917568217148945
113,2.9736473363991407
114,2.599660948684664
115,2.7209798762022745
116,2.4734029335841776
117,2.214434060846202
118,2.2000830784711916
119,2.064974241387262
120,1.9868191368573205
121,1.9691873898648662
122,1.8665537058601047
123,1.9393447352675044
124,2.3165109154303263
125,2.7125699797139675
126,2.5362691588219706
127,2.2313929442869904
128,2.4554886982307673
129,2.254965831761673
130,2.0921505724566285
131,2.005152182443537
132,1.771907237842759
133,1.7925712728851966
134,1.857813935927399
135,1.803678411781882
136,1.7997904751923204
137,1.9305307993040635
138,1.9301728072104618
139,1.8056744275345393
140,1.7094111808010448
141,1.8776512170124373
142,2.1596384776401716
143,2.0760036857383186
144,1.9372300141409897
145,2.2448819447784647
146,2.2566867141102493
147,2.3652292592197304
148,2.3225555706993157
149,2.204633888907168
150,2.353326903170426
151,2.0845874208068262
152,2.087124176744784
153,2.1554487912122435
154,2.2437916791561543
155,2.3028228758142673
156,2.465056820461925
157,2.6232394307719686
158,3.3201043728222155
159,3.4316236345469306
160,4.299873460267741
161,4.462949337212031
162,4.7974881684888855
163,5.071585854390764
164,5.147444909677218
165,5.522754029187801
166,5.546686158179761
167,5.6060024203526115
168,5.333324182499214
169,5.750571875968729
170,5.711526891437023
171,5.556654522321699
172,5.424611187765824
173,5.096241607095561
174,4.899438272268249
175,5.03880702631403
176,4.706344582934075
177,5.046308026829184
178,4.728192103962801
179,4.845355030189018
180,4.597447467572475
181,4.635130914298878
182,5.114769748490707
183,4.595188419125129
184,4.337675277240129
185,3.990436687049847
186,3.937577475878685
187,3.757156338113482
188,3.407859608606498
189,3.4146623579195494
190,3.3306127232697196
191,3.40801951994428
192,3.409951576371223
193,3.623460736881375
194,3.739487840910685
195,3.5524596571301723
196,3.2992075156582263
197,3.2417533636230047
198,3.2523203642393246
199,3.2908770544681345
200,2.8549287677972393
201,2.8112814138390316
202,2.8183005455369603
203,2.7763705646037837
204,2.8245791139650054
205,2.714046279165598
206,2.576839213118358
207,2.6361690161747338
208,2.601262406428715
209,2.7754054864346256
210,2.794578773764973
211,2.5628866785892552
212,2.4009337911198365
213,2.4860056202032714
214,2.429489600091113
215,2.3786928702198673
216,2.2720274508371934
217,2.126075336954028
218,2.242897926985814
219,2.122169951172394
220,2.0829828441787694
221,2.069014657726844
222,2.5171884125587116
223,2.3710711891880476
224,2.3167172660898108
225,2.0805513713950248
226,2.185585317964437
227,1.914297585445309
228,2.130068880602432
229,1.9654796148396374
230,1.7498015626280279
231,1.8435993305485232
232,1.755662807757353
233,1.7599277140360525
234,1.6728428965290683
235,1.6750234054236048
236,1.5679846999338625
237,1.520124604361816
238,1.5403261786727118
239,1.4778690528254264
240,1.3917013639409543
241,1.3856289284845984
242,1.2782667384634883
243,1.2813335812283841
244,1.2472042161680243
245,1.1625724170929164
246,1.1697936174233814
247,1.2803069522048947
248,1.1086463149788721
249,1.14292609190432
250,1.0869677556290969
251,1.2397267563503571
252,1.3028608124436345
253,1.2490657024975629
254,1.0763302098644283
255,1.1247667181956813
256,1.1263696605707043
257,1.223029524265527
258,1.1350036311171672
259,1.2623718030054696
260,1.172637457412545
261,1.4557533198434744
262,1.4765143300317731
263,1.4584807377376143
264,1.4486185258959188
265,1.6179240215133928
266,1.6510242778122708
267,1.6973917880479454
268,1.7677849164371908
269,1.7528021733474268
270,1.8898658375255741
271,1.773851728601828
272,1.7772793695468996
273,1.7168801751606322
274,1.7324962732552667
275,1.7339383404036217
276,1.89846260980589
277,1.9108384159583947
278,1.9179719932479704
279,2.2040667103395517
280,2.3585390759990155
281,3.295932248037944
282,2.539908610735694
283,2.5091669287551124
284,2.5238790796849235
285,3.405447980268503
286,3.3368741790713994
287,3.23358060653474
288,3.264851219324315
289,3.2499903942707213
290,2.9803460323193467
291,3.298102749739196
292,2.966316330755089
293,3.2993009032388407
294,3.261943834956811
295,3.226854407397591
296,2.757416546885804
297,3.2506714885476775
298,3.1642821682821842
299,2.8379717346379136
300,3.7017290865698302
301,2.9011234767610485
302,3.151382580998864
303,2.8775630277110955
304,3.1472297410567625
305,2.865214715028579
306,2.604112653119281
307,2.517199876975062
308,2.1822852862418416
309,2.191402519419713
310,2.0835754743960453
311,2.31882292482732
312,2.0795540492005995
313,2.14723444374517
314,1.908723889433811
315,2.0153428842299697
316,1.8611202064277848
317,2.003603486138281
318,1.8401221102404812
319,1.8051614225383112
320,1.8055815326823454
321,1.8478480962194432
322,1.7309210472838443
323,1.7517279627612612
324,1.6943116710029196
325,1.6545632207081595
326,1.7194822319732603
327,1.721505981300234
328,1.5012747335548244
329,1.387650792735827
330,1.2425135882292846
331,1.1689314068477341
332,1.1629661302874816
333,1.0845702617891384
334,1.0412643348818635
335,1.0528980412158089
336,1.0216027081402919
337,0.9317081577556466
338,0.9231947156416452
339,0.9305487180947616
340,0.9992354248549302
341,0.9934944365246621
342,0.9789910702478419
343,0.9089464423168819
344,0.8962672442536415
345,1.0111504442893666
346,0.9269089114711824
347,0.9286197470829777
348,0.9047345284716639
349,0.8944094534868292
350,0.8065128133809246
351,0.8635776540980421
352,0.8858701161320414
353,0.8496259147186827
354,0.8705167770463728
355,0.8958367635098086
356,0.9426120946757556
357,0.9583585690899331
358,0.9466287708383182
359,0.9034409218012824
360,0.9100427722363723
361,0.9913776230803668
362,1.1325167784590664
363,1.1139366894473297
364,1.1186872408892907
365,1.0101926118114428
366,0.9314730783844271
367,1.0011997199261404
368,0.9829905993267689
369,1.0671267195415315
370,1.34049318979252
371,1.3530488705881112
372,1.3102590901637008
373,1.4843826652809318
374,1.4224641490958019
375,1.2420754631184694
376,1.372403281303292
377,1.2471196685646608
378,1.252950925197891
379,1.2702804447996618
380,1.3021434863122519
381,1.2345329180624187
382,1.2979159433169862
383,1.2311297781871922
384,1.4867762235024187
385,1.313856036658595
386,1.2195461432719437
387,1.2597898400800625
388,1.2234830107687413
389,1.2127285263994072
390,1.305818481941894
391,1.2402169587746774
392,1.2708195192062195
393,1.239696135518478
394,1.1341316683573
395,1.2083614939716356
396,0.9908527347594774
397,1.0280082164220836
398,0.9505271884033981
399,0.9261118235833335
400,0.8973856832860495
401,0.9328412477674106
402,0.9377830006251756
403,0.9314521009759986
404,0.9404925885332903
405,0.9171060833473388
406,0.9544554406657891
407,0.9735664971231444
408,1.1729317803376391
409,1.37875844371298
410,1.266521900824344
411,1.628227924568192
412,1.8643905383009243
413,1.8739578487916975
414,1.7412335111707216
415,2.236445570353646
416,2.220098695336263
417,2.3515966943720397
418,2.2938545897889475
419,2.6492113783262954
420,2.582016206522972
421,2.5281919805216813
422,2.588470949220398
423,2.6041356853873734
424,3.051624237486746
425,3.0894983885669833
426,3.0813646079705883
427,3.7831771281745605
428,4.136565291422366
429,3.902466376346774
430,4.086007685535657
431,3.7401640277557147
432,3.7287478980417186
433,4.065426206089909
434,3.883453939983847
435,3.6013573793057723
436,3.868406174750732
437,3.6269451765106804
438,3.9152292225921563
439,4.501072278322177
440,4.512887644816074
441,4.473189322719352
442,4.193197105391394
443,3.8564570243016005
444,3.801447935140083
445,3.4983527540905044
446,3.7359663919645705
447,4.035365535161382
448,3.8200183245746344
449,3.961151920797125
450,3.8821733641696694
451,4.062532291139683
452,4.069134451908266
453,4.029126201661011
454,3.8382807394203997
455,3.9210714702637532
456,3.279397367308979
457,3.5333352222395056
458,3.6213003165319946
459,3.483327082108311
460,3.2113053408709247
461,3.2611827865446754
462,3.2404277364512373
463,3.298496496633927
464,3.361010220313881
465,3.974541600885834
466,3.461804702251604
467,3.644520273487342
468,3.642428868562694
469,4.001605078568505
470,2.8920615813491364
471,3.2278022292056052
472,3.2118576567071107
473,2.878558809761354
474,2.568019723353808
475,2.8200017932311923
476,2.7626463004887754
477,2.8095304603350733
478,3.1462910744205694
479,3.161504865225253
480,3.1874642093941983
481,2.8675512859841645
482,2.836698123814234
483,2.527715922851511
484,2.509114359123635
485,2.5038723704015258
486,2.3723009518741027
487,1.8865711976113881
488,2.051039871731227
489,1.8755905858430246
490,2.173125354829073
491,1.8847546309308403
492,1.92802512530472
493,1.8828907491639282
494,1.795337198934897
495,1.8160458024348753
496,1.7543608051809656
497,1.455947953551624
498,1.4599358521655572
499,1.3995639939717555
500,1.1729014175100054
501,1.265037138200258
502,1.2961933173203113
503,1.4372599879965995
504,1.3392129557701757
505,1.3676806624925368
506,1.719933642172343
507,1.4611674338608387
508,1.3822985666096206
509,1.5158350963779688
510,1.2773741454629048
511,1.4269348287834773
512,1.5127919035960957
513,1.535740185192716
514,1.6207137007787824
515,1.5163278502542938
516,1.6733394763369236
517,1.7397353611057176
518,1.6902158836280095
519,1.7002522398769417
520,1.717465758372609
521,1.6737060091588392
522,1.6635522455895062
523,1.730896311331886
524,1.6951124678722451
525,1.7203739526633397
526,2.0877442959511194
527,2.1723663222260603
528,2.3509246689523176
529,2.3673949805679286
530,2.555454215736364
531,2.554895589509551
532,2.5196872077969
533,2.6450976122126866
534,2.600734014362779
535,2.5229841970621445
536,2.37287306681345
537,2.6173628734962127
538,2.3572241817142854
539,2.5083904395393577
540,2.3213849136447444
541,2.2809660224170263
542,2.079199643353011
543,2.0381936610851503
544,1.9558480988989437
545,1.9187494787035608
546,1.784737156587232
547,1.6042707211350344
548,1.522081289967292
549,1.5234328501560517
550,1.5078898703978638
551,1.4944076010542933
552,1.4972565416185568
553,1.560006170310509
554,1.6139763797571565
555,1.448846587625279
556,1.4302013227073533
557,1.2026382422522104
558,1.406807672051337
559,1.1963509467093554
560,1.1581565976551471
561,1.120305471272015
562,1.1191948186265608
563,0.991499981637831
564,1.0439769198161777
565,0.9737043467048321
566,0.9837745541606889
567,1.0127916369251995
568,1.086313708666778
569,0.9672525720667757
570,1.1073294103044926
571,1.5303448685336725
572,1.303202911627241
573,1.4788837553914644
574,1.4722949913148946
575,1.4988844829662307
576,1.3947892308067702
577,1.31947922348272
578,1.3604349942594294
579,1.3810874082549351
580,1.6146112522357052
581,1.6614567999550194
582,1.8419806904710325
583,1.8502106127434492
584,1.9375028378422932
585,1.6390302735595805
586,1.4370656652795282
587,1.4706680695090717
588,1.2293951042514861
589,1.2326730296758277
590,1.4501038160231665
591,1.2776218051466883
592,1.3890988278363392
593,1.490959667133983
594,1.4181386984728843
595,1.6545823120145653
596,1.6404029799436377
597,1.6722272739791846
598,1.5623320162119685
599,1.6925251104319412
600,1.5416403481214758
601,1.4255542680879607
602,1.4087462461485771
603,1.3545541149129035
604,1.430027820538682
605,1.5734557640911255
606,1.402749280648872
607,1.4647888170164722
608,1.4894142383951683
609,1.425847148198497
610,1.3781735566938855
611,1.3832298625053885
612,1.6528385427708252
613,1.5473425626025707
614,1.5080751460954844
615,1.6601174934903122
616,1.4609912208966311
617,1.4309257250610412
618,1.5583085409691784
619,1.4273411569640806
620,1.4623914407985683
621,1.4609009902710923
622,1.5600179660781692
623,1.581758121996943
624,1.552241541634795
625,1.6661772891613353
626,1.6730862572778071
627,1.676425445882471
628,1.6394117526539935
629,1.568825389347209
630,1.3810101509979593
631,1.392182556643412
632,1.4180495364125314
633,1.3512413717903375
634,1.3257254783228358
635,1.2727346151100007
636,1.2590355993115623
637,1.3274808004339924
638,1.2100639612407649
639,1.4124176023312343
640,1.3924953985812238
641,1.417358952355276
642,1.3248440614281405
643,1.1610549464132245
644,1.0640653817554115
645,0.928695134255554
646,0.9178589401631873
647,0.876543855306609
648,0.829712987837955
649,0.7884364096541335
650,0.845088283166858
651,0.8113856012885136
652,0.7948552945238558
653,0.7920782820418268
654,0.7568363752117292
655,0.7446487337903475
656,0.7032299488791474
657,0.7658715912918002
658,0.7780752526742936
659,0.7093251897797239
660,0.6714450267717871
661,0.6696092865935045
662,0.673312151020135
663,0.6719760772498508
664,0.6611739332299384
665,0.5719825909380768
666,0.5608882629914805
667,0.5686203942322952
668,0.5701535505299166
669,0.5861828545856425
670,0.5869313841389724
671,0.5727562061814171
672,0.5740900468829007
673,0.7229017026822879
674,1.0214963408801452
675,1.3778453513444955
676,1.7267676645706613
677,2.046589228296946
678,2.316153322168561
679,2.9150396259977103
680,3.3351069874742594
681,3.33204783313405
682,3.2160362278806853
683,3.1486600902810453
684,3.5591766898201938
685,3.9358059450207565
686,3.674453700092076
687,3.729046083581027
688,3.7471453993001553
689,3.5777124796821953
690,3.5472446745486783
691,3.1616799691788797
692,3.1062136316795783
693,2.9817587841840623
694,2.656797729142674
695,2.457184740664015
696,2.2994068249699735
697,1.955993320327038
698,1.8520514505739272
699,1.840178067983684
700,1.9012602110893528
701,2.098532314911586
702,2.078763959783129
703,2.1036507104199154
704,2.0589176792707984
705,1.9929928022356025
706,1.9247314365702586
707,2.130624938436418
708,2.037490743302527
709,2.1671407483011444
710,2.3172161639045603
711,2.1504598044752714
712,1.9252838089416715
713,2.030889138935755
714,1.8815832373765864
715,1.901655489941493
716,1.9013344044230245
717,1.7972994658497718
718,1.7904068086865297
719,1.6015060004043842
720,1.7019130688526032
721,1.5596660153884796
722,1.6122285938170282
723,1.5110331612469852
724,1.4922103870613597
725,1.5125315497690346
726,1.5420794477181883
727,1.4356534911810843
728,1.4091496653409867
729,1.3783690877886803
730,1.3710935379874838
731,1.3646125120772727
732,1.3831891156474
733,1.3883550038350003
734,1.574864176858004
735,1.6990625506649566
736,1.7103162262175504
737,1.8855093289658194
738,1.8434291969524448
739,2.278296505607237
740,2.2877463372737354
741,2.564052071625992
742,2.772440285837594
743,3.2034549971465016
744,2.6006934345614323
745,3.056696329307522
746,3.0384669874967773
747,3.055139844885677
748,2.9694155848448003
749,2.927141187969029
750,2.9247103093959392
751,2.992445273527762
752,2.940460127818874
753,3.031812538534946
754,3.8440865360557015
755,3.7425994335214976
756,3.8238635287684963
757,3.815072358924695
758,3.5998738802195995
759,3.5430570701638198
760,4.025871604992929
761,3.8698984210797738
762,4.087680336429151
763,3.6221900258334667
764,3.759865686931191
765,3.7642678082344347
766,3.771791304475036
767,3.785795856804135
768,3.64469068279104
769,3.93795532408987
770,3.823988981658378
771,4.021653027221605
772,3.880223744470709
773,3.5559396570684374
774,3.794566305537292
775,4.612727681643015
776,3.586004553927832
777,3.5941935124638125
778,3.0413572818553973
779,2.7846471592424273
780,2.7422415025686604
781,2.5502085195828017
782,2.392110571185382
783,2.3138782948875116
784,2.326276619039876
785,2.1361712413359655
786,1.946232701038295
787,1.9286367877061816
788,1.8975775074284755
789,1.8271732418180489
790,1.8690761357415488
791,1.8463576826846408
792,1.7222841394422663
793,1.7066530675720448
794,1.3845046530722545
795,1.4864418358492237
796,1.3578849089503073
797,1.2959856514497907
798,1.192788215000852
799,1.2435056248790224
800,1.1785689254791438
801,1.157932700342276
802,1.1278126050170683
803,1.0840929132384551
804,1.0723747719757157
805,0.9551615920207007
806,1.0031000897023155
807,0.9394070927749193
808,0.9738491556204202
809,1.098614982673475
810,1.4796813999826217
811,1.3254058335528207
812,1.5379697589774624
813,1.520441316133349
814,1.4868358080159356
815,1.6143689054476038
816,1.1644004882041499
817,1.0960556383570217
818,0.9300162342858214
819,0.9091020658844583
820,0.8509423195106134
821,0.861973109578008
822,1.0089142800819684
823,0.867888673644524
824,1.00927455919314
825,1.1055703676536854
826,1.278995050331939
827,1.2380546760509636
828,1.5464297767405546
829,1.5528170193694586
830,1.7208808677029177
831,1.9366477614110729
832,1.9015028137314869
833,1.9111396635058213
834,2.1652162975738345
835,2.2370432857746025
836,2.3962705038683842
837,2.279944648872104
838,2.6914347810187174
839,2.625182451364201
840,2.871449639695447
841,3.251195370565739
842,3.1008992410476437
843,3.1139089615142863
844,3.503099368351633
845,3.5707502492990075
846,3.3036023545574613
847,2.995836476203681
848,2.9045943201205624
849,2.882175398719795
850,2.8644313398174517
851,2.945153987617391
852,3.4123942209102593
853,3.2263810092877634
854,3.4240724055173692
855,3.409214354380261
856,3.6060467997857377
857,3.3335531203137414
858,3.5711565381656514
859,3.835294096478729
860,3.8425264580811582
861,3.8094381384803717
862,4.162214451853868
863,5.023635203714359
864,5.000818616792508
865,5.236854825852153
866,5.096677564428523
867,5.186941470555311
868,4.574170645114156
869,4.076865352095448
870,3.7827435838871186
871,3.764028525096311
872,3.5462597466321255
873,3.5469728633514346
874,3.5449511107375766
875,3.3465441501904576
876,3.0768794518402642
877,3.5100483363463724
878,2.9736010353302813
879,2.934099317991007
880,2.948084807938328
881,3.2339521998523066
882,2.9404746219121662
883,2.929103188971709
884,2.8973362330839505
885,2.880349158754706
886,2.948093939803676
887,2.910262436027442
888,2.919642622907267
889,2.8765641203775334
890,2.5467846824850233
891,2.3886974433509245
892,2.4062507510518047
893,2.2032299721088573
894,1.9599124527927345
895,1.8425914397113636
896,1.7608371887076857
897,1.6364281266491634
898,1.5772010008392443
899,1.6314936830349582
900,1.5721456855551534
901,1.5077747119713272
902,1.475286425032467
903,1.5497990151685186
904,1.462646640829211
905,1.3522329686795755
906,1.2365174336917342
907,1.4268429552967863
908,1.489620805052387
909,1.4515092690081337
910,1.5649629635715891
911,1.583182436782637
912,1.5869347703091643
913,1.644690438964149
914,1.9472946809880807
915,2.296329406869709
916,2.3745715345586946
917,2.4334583593567767
918,2.4232021892032276
919,2.2857163642192084
920,2.5616433437591812
921,2.378035853390992
922,2.4637584437828393
923,2.3624971393768948
924,2.1957711922562626
925,2.000150579706286
926,1.8317015270041488
927,1.7799243905705662
928,1.766033716137852
929,2.2304446960589406
930,2.3018093044351837
931,2.6710955503460907
932,3.19525139854553
933,2.797575254193294
934,2.749268255283087
935,2.945365361921375
936,3.307516063325061
937,3.2653856125004967
938,3.449044538694896
939,3.824400600825083
940,3.9493217349519085
941,3.797870523167802
942,4.02649714734287
943,4.221662101782272
944,3.673703349061482
945,3.6737289734534566
946,3.3132989334208016
947,3.2354335822069262
948,3.740732294574756
949,3.6843526512254496
950,3.8404504787059373
951,4.1147330547633825
952,4.028869996015847
953,4.153383447006453
954,4.053097230279865
955,4.138961925684728
956,3.993639514180777
957,3.579213762723428
958,3.712128657247245
959,3.9779675841621582
960,3.726909189294715
961,3.324390130186831
962,3.3703835415974575
963,4.027129626057582
964,3.8239989021599854
965,4.309187209516526
966,5.109207270765432
967,4.502379636948861
968,4.42878660836181
969,4.23860996273205
970,4.332711586709112
971,3.6551945234271925
972,3.4698187713015836
973,3.3673881012658597
974,3.2119221619123817
975,3.1992415945338015
976,2.833551852940162
977,3.275584759169814
978,3.1407935702863328
979,3.203388544777174
980,3.210238292917632
981,3.7504299320607117
982,4.111802298850639
983,4.894146621516208
984,5.334729455384717
985,5.370947931521763
986,5.409814084726681
987,5.096719835027998
988,5.09639109104415
989,4.979538732951172
990,4.549162005492727
991,4.42515617898419
992,4.491881492662934
993,4.442315690682613
994,4.800255723990641
995,4.382671666163909
996,4.354296001624421
997,4.46103985698335
998,4.237052787961661
999,4.194219571725438
1000,4.036860053115979
1001,4.027330453103386
1002,3.689990230349333
1003,3.6477501940687604
1004,3.855698867786652
1005,3.3074356476129227
1006,3.311477027933841
1007,3.547993637633403
1008,4.112104385374513
1009,4.223479472394589
1010,4.208545530646691
1011,4.274645485935212
1012,3.720794149142495
1013,4.087331648467818
1014,3.6427130673785215
1015,3.5732139779177023
1016,3.326663186663528
1017,3.2677661188507616
1018,3.3256350352050563
1019,2.8807046332817543
1020,3.2196412199640823
1021,3.212467222946618
1022,2.8755857084700516
1023,3.228298894108521
1024,2.852569009818202
1025,2.8160584119110244
1026,3.2079535873376814
1027,2.7683528377699824
1028,3.106575506618059
1029,2.8196615893195247
1030,2.7994649610590723
1031,2.6474677193540646
1032,2.2009412364561625
1033,2.4196984363551293
1034,2.236968580150777
1035,1.9005546792179862
1036,2.0477012910624772
1037,2.039829187693099
1038,1.8894221979483772
1039,2.0738653123046946
1040,2.0300060064520498
1041,2.0274327631394238
1042,1.8420080119681972
1043,1.8105279839767894
1044,1.7819652024710164
1045,1.749190941269052
1046,1.748700856639234
1047,1.7565800062088301
1048,1.5634046663164385
1049,1.6293343146799073
1050,1.7160818371476616
1051,1.691999797827097
1052,1.6973926664632093
1053,1.5155658787902313
1054,1.4302529422505545
1055,1.5915521421823644
1056,1.5793019400229023
1057,1.6409098933284245
1058,1.446864572871204
1059,1.4831223872199135
1060,1.4903270335774217
1061,1.445798269871148
1062,1.4092475206416772
1063,1.3581267887305584
1064,1.2541046629896
1065,1.4001350487206567
1066,1.417472577169593
1067,1.8476454944158933
1068,2.175370098308618
1069,2.2088837337713723
1070,2.369155442595793
1071,2.3764707610421003
1072,3.3547185704562863
1073,3.2648180080016065
1074,3.9454988173652517
1075,4.372480639397326
1076,4.506438901419119
1077,4.913777800596457
1078,4.850705484597963
1079,4.8951595268672605
1080,5.116890860642855
1081,4.831704164576973
1082,5.225146404512827
1083,4.81627066270842
1084,5.07905208566595
1085,4.2088174406208845
1086,3.5678350876407943
1087,4.070733696838802
1088,4.1078653200588615
1089,3.9645907460005643
1090,4.218605477816518
1091,4.780712505840393
1092,5.055491325102065
1093,5.31248166285587
1094,6.7345646770088825
1095,7.179912038791186
1096,6.379766650005369
1097,6.256042368597857
1098,5.1922294540638925
1099,6.097089609887617
1100,5.23067311057265
1101,4.868485496902888
1102,4.597352340907828
1103,4.903721633368782
1104,4.957375494342001
1105,4.926598799617296
1106,4.519609121767923
1107,4.507140783695529
1108,4.849357336609104
1109,4.733732717833891
1110,4.908287561246045
1111,4.7260220201479015
1112,4.557444642303273
1113,4.020505330648558
1114,3.9750548090798166
1115,3.8331535397526726
1116,4.27923195335981
1117,4.709318930581168
1118,4.518970438175869
1119,5.032573873342928
1120,4.943717678324884
1121,4.837896841550528
1122,5.016735639844906
1123,4.954190935885089
1124,4.973874274827599
1125,4.974097846432373
1126,4.622451523447089
1127,4.36644066007868
1128,4.594321703492165
1129,5.1943218359614685
1130,4.699494909321371
1131,5.094392872411839
1132,4.143401407480594
1133,5.078755775265254
1134,5.0957268931909265
1135,5.0170135786093715
1136,4.9371229366644425
1137,5.644755070130332
1138,5.384005015669154
1139,5.32139375878384
1140,5.547414477270439
1141,5.483092988797385
1142,5.482076081879002
1143,5.556838711242469
1144,6.033926807331521
1145,5.769347283982247
1146,5.561119865839731
1147,6.112923359461742
1148,6.07120378276673
1149,6.264652388893729
1150,6.2576073280490805
1151,5.212538997440265
1152,6.108715829927154
1153,5.965024380344099
1154,6.267034079993099
1155,6.264735388500479
1156,5.388724452785004
1157,5.467815569363006
1158,5.837111158754796
1159,6.170836198210235
1160,6.288419438234347
1161,5.254030938812245
1162,6.300370766137002
1163,4.5840256202625405
1164,4.924398226129113
1165,4.937107860989032
1166,5.20719861676636
1167,5.296168030213009
1168,4.939047629064198
1169,5.123024936235122
1170,5.172393353754711
1171,5.294884629301001
1172,5.073824987218984
1173,5.147189163591244
1174,4.734376403431148
1175,4.807876210166054
1176,4.754774324474409
1177,4.946653766964712
1178,4.97693213190229
1179,5.59887761093471
1180,5.977844479305348
1181,5.831636858759833
1182,6.28845141006474
1183,5.82857962718355
1184,5.401455006346971
1185,5.656769137600231
1186,6.341970058514742
1187,6.1559518422524455
1188,6.29063417280589
1189,6.2147604538211745
1190,5.43063367276345
1191,5.631481250004479
1192,5.344872923304704
1193,5.2485356332888164
1194,5.015915405444839
1195,4.600078018203316
1196,4.271506951718265
1197,4.405736882599481
1198,4.1813957470335374
1199,4.1156961035039314
1200,4.355179069179049
1201,3.821835414018681
1202,3.528563816753842
1203,3.394136962793417
1204,3.372032510926686
1205,3.3872942786034765
1206,3.607023997689254
1207,3.725301255585735
1208,3.6910880809124293
1209,3.6463634967165954
1210,3.6917520328407734
1211,3.8174901521251905
1212,4.530117459927963
1213,4.230976756424415
1214,4.437961279585989
1215,4.792441073818242
1216,4.653912554353113
1217,4.326995139329657
1218,4.01943645997593
1219,4.655555897481909
1220,3.7619880963244774
1221,4.076434373241754
1222,3.609500791851624
1223,3.1428463664864994
1224,3.146766501326132
1225,2.8933279591436194
1226,3.191541273335644
1227,3.1693238304245375
1228,3.1084590603112834
1229,3.2044429703816837
1230,3.1487644204353624
1231,3.02499551538118
1232,2.867280849850861
1233,2.8203448362282453
1234,2.7623498807169566
1235,2.7496538381093862
1236,3.027855298888125
1237,3.060667791256447
1238,3.349597242555284
1239,3.0301737485117095
1240,3.612138580351047
1241,3.7629005916407
1242,3.8610654946319243
1243,3.8388490415508887
1244,3.9802056851553016
1245,3.641828358806299
1246,4.374747063697303
1247,4.1441738571783135
1248,4.566986060707674
1249,4.424872170784366
1250,4.699998988140308
1251,3.6759562082578063
1252,4.178140806868856
1253,4.090150767570291
1254,3.918515996367426
1255,4.710500558154
1256,4.632082262481394
1257,5.899856571944728
1258,5.935636987644286
1259,5.289963936848347
1260,5.390985702616873
1261,5.464913128059722
1262,5.052378918032624
1263,5.373929584724145
1264,4.983483330565173
1265,4.936131760923439
1266,4.527421586816593
1267,4.090981042723922
1268,4.4011109530612575
1269,3.7622080897726384
1270,4.020350632879109
1271,3.857429305793401
1272,3.9192438034695316
1273,4.229527502329362
1274,3.2769418323247645
1275,3.8236698573711965
1276,3.7944957930842587
1277,3.7657283221824045
1278,3.589905783693053
1279,4.107684963091227
1280,3.298712874614826
1281,3.3455037722570378
1282,3.339900442731453
1283,3.2839723299484747
1284,3.2307176918392173
1285,2.8392535536736885
1286,2.539939243372102
1287,2.4499994667710148
1288,2.318998097360316
1289,2.4061332750602284
1290,2.3194210174099124
1291,2.5011709666889703
1292,2.354384936902406
1293,2.4373286593123074
1294,2.536946618052856
1295,2.951101363725295
1296,3.0930013262709175
1297,3.6222133011162705
1298,3.669224952032901
1299,3.8432974716849655
1300,3.402387926997763
1301,3.234638170963766
1302,3.6026072690848787
1303,3.49732264124447
1304,3.832528718645778
1305,3.826692756728131
1306,4.227506599222809
1307,3.7852621846286674
1308,4.331812949738266
1309,4.415798761360314
1310,4.257551443135911
1311,4.719022641599205
1312,4.3006274371302275
1313,4.660065616207049
1314,4.515301684255688
1315,4.8884519278385365
1316,4.268126197919098
1317,5.193694793886937
1318,5.137171813947257
1319,5.7833839512459
1320,5.517292807424222
1321,5.442078531060257
1322,5.646590612511234
1323,5.255371400326767
1324,5.685851720178016
1325,5.684221583749193
1326,5.842481255644035
1327,5.802261154243122
1328,5.65619926939336
1329,5.33812080061434
1330,5.23349957897468
1331,4.9656070027519235
1332,5.08993067299063
1333,4.749536648874264
1334,4.7174210457109345
1335,4.853772642277763
1336,4.807547653362779
1337,4.720696034136728
1338,4.377035939058653
1339,3.9496683612617405
1340,3.984178996703314
1341,3.888907138417933
1342,3.8916597315690007
1343,3.8399621899187477
1344,3.611602182703307
1345,3.6380299846217903
1346,3.6050411479785027
1347,3.2657945351461564
1348,3.279842337522105
1349,3.260700785940207
1350,3.2821594196272197
1351,3.2459557748788783
1352,2.8667083772579938
1353,2.611047195092846
1354,2.823387294303537
1355,2.582079702000087
1356,2.7364806819574734
1357,2.706232766017212
1358,2.7194985576631927
1359,2.680524942459177
1360,2.737577283202753
1361,2.689041136449929
1362,2.666961862380329
1363,2.8592475890282976
1364,2.6871780163984904
1365,2.973497862861695
1366,3.7063115923194583
1367,3.8076679831382148
1368,3.9875795889964714
1369,5.3562889469415955
1370,5.812460881632658
1371,5.965782657421419
1372,6.0867155038955545
1373,5.768918281747097
1374,5.423315823975816
1375,5.1444145652679705
1376,5.095717268657473
1377,4.258525553174294
1378,3.9151145079531053
1379,3.390630916536786
1380,3.282653557106144
1381,3.141723802481247
1382,3.2163937629109545
1383,3.2272800165152034
1384,3.1825944434378433
1385,3.45152055495234
1386,3.781464246307629
1387,3.7155063999687945
1388,3.88760735794038
1389,3.864643647966096
1390,3.6966741123119933
1391,3.693492554648919
1392,3.759759849643492
1393,3.4481121360497937
1394,3.3904280735539585
1395,3.6560379385850204
1396,3.6839933162102443
1397,3.96303895253009
1398,3.771929150383816
1399,4.101276031424847
1400,4.175114526831564
1401,3.6732064039522423
1402,3.2246594818649346
1403,3.209380352403268
1404,2.889310134640296
1405,3.251206957285588
1406,3.1723510194434303
1407,3.1612871395181736
1408,2.835249116407185
1409,3.174045908648644
1410,2.786265517413702
1411,2.831941972703945
1412,2.8172214255810553
1413,3.1346779537033362
1414,2.8491120824655876
1415,3.2319333535428076
1416,3.789570685470424
1417,3.1714142919347528
1418,3.2292286550471814
1419,2.8632953106835632
1420,3.180346896401623
1421,3.292058331265206
1422,3.264221376996769
1423,3.153230474127219
1424,2.8267898554631423
1425,2.795857234714817
1426,3.1643127781742857
1427,3.1792135458347834
1428,2.8016797839736887
1429,2.675330225943652
1430,2.431881548474678
1431,2.426229408623267
1432,2.2958799386365834
1433,2.2915736355857286
1434,2.1203832471743493
1435,2.2430764090653312
1436,2.17421518871839
1437,2.076980229546568
1438,1.8967987359822192
1439,1.8809499111842993
1440,1.846796886624774
1441,1.8393828442354552
1442,1.8084822948382846
1443,1.781697576685611
1444,1.913126906859671
1445,1.9021076975389726
1446,1.893439629657585
1447,1.9990685403594208
1448,2.132316655133165
1449,1.941445447498504
1450,2.0987934758309805
1451,2.2766646936177652
1452,1.9396008059368208
1453,2.040691607228627
1454,2.009404602694715
1455,2.0625008208755276
1456,1.9967706631114337
1457,1.9449696618514933
1458,1.9254386961161354
1459,1.7860382725684938
1460,1.767672339285525
1461,1.7530210066277412
1462,1.878947505339818
1463,1.7158765824590472
1464,1.719459718871055
1465,1.7404415967971223
1466,1.7797896081089208
1467,1.7253732958015737
1468,1.7021208171301
1469,1.8790353604320276
1470,1.7693343782522737
1471,1.9665246774768053
1472,2.017912192869965
1473,2.3780785842820413
1474,2.4091448851262753
1475,2.6763853189922866
1476,2.5992803032115104
1477,2.9458690878657685
1478,2.7293502349982193
1479,2.7536001513691573
1480,2.5964830557535468
1481,2.536366462205709
1482,2.843739046204071
1483,2.907992759409049
1484,2.752223653122685
1485,2.865181783014057
1486,2.565475299834898
1487,2.497897184938926
1488,2.5065719020650663
1489,2.883064307800628
1490,2.877809107839864
1491,2.4803277547818956
1492,2.46786088041537
1493,2.3598370312209185
1494,2.462890231932857
1495,2.1660914167624226
1496,2.208148509436584
1497,2.142785573058707
1498,2.151768695810738
1499,2.170524975053091
1500,2.0949246168170697
1501,2.172981727494131
1502,2.1435844364665004
1503,1.9205903279046446
1504,1.8913473143551744
1505,1.7957899608016838
1506,1.71432118035812
1507,1.6958297748174733
1508,1.745218112206583
1509,1.681395967495195
1510,1.5869156581485682
1511,1.473874811420827
1512,1.3567236993017704
1513,1.3870842671390442
1514,1.1689343329471409
1515,1.161754119191712
1516,1.0835912346288108
1517,1.0322679529532377
1518,0.9364487040403748
1519,0.8122634337176775
1520,0.7529637273460731
1521,0.7576129716442236
1522,0.6817491558622213
1523,0.6924989444150339
1524,0.7709814436551208
1525,0.7431901649228662
1526,0.7919959096963145
1527,0.9640570652313767
1528,1.0132101857018059
1529,1.5460529970065886
1530,1.5481218526234377
1531,1.5608214920483376
1532,1.5179658007935413
1533,1.5021545455874303
1534,1.5051248640585209
1535,1.3972637023120487
1536,1.4174369481856595
1537,1.429830238390234
1538,1.3598473971242622
1539,1.3433580969018408
1540,1.6390642662122592
1541,1.7043539831359422
1542,1.7867475002708333
1543,1.6927325115080363
1544,1.9375330410218845
1545,1.7738223130479607
1546,1.9541962040699767
1547,1.9074820027409987
1548,2.145535097654835
1549,2.2990586383468883
1550,2.1573149962563227
1551,2.132221517744854
1552,2.671158005709813
1553,2.5915602389541053
1554,2.878060064793184
1555,2.8282299244690354
1556,2.8177856689242473
1557,2.717515590858247
1558,2.6067617166761914
1559,2.7877278030561783
1560,2.672091529381594
1561,2.639434927523521
1562,2.5853270372148147
1563,2.6226507131484293
1564,2.5717613890475093
1565,2.6560009071799104
1566,2.6528341157917463
1567,2.5881691733343977
1568,2.8117556529196857
1569,2.6318250471667923
1570,2.8339144848941795
1571,2.8586699145560543
1572,2.8484904160689832
1573,2.8256450501716226
1574,3.221988022340948
1575,2.7236352064311355
1576,2.8457731993487902
1577,3.20494371490338
1578,2.8781619759409245
1579,3.3478124029002547
1580,2.8669287729733126
1581,3.1968193837975565
1582,3.2689560806612326
1583,2.8655111407873286
1584,3.097122664242559
1585,3.1332657888550264
1586,2.6796311479932227
1587,2.82442200189124
1588,2.7660222040380393
1589,2.6314415296312377
1590,2.539440832090679
1591,2.5943536925951505
1592,2.406461074546731
1593,2.5896167999960324
1594,2.4984164586638253
1595,2.6504221770373544
1596,2.4229050830916594
1597,2.1812084283182265
1598,2.396533916650899
1599,2.388330106747352
1600,2.383364751308872
1601,2.2382501439257445
1602,2.285995285201083
1603,2.2266237933907087
1604,2.303673399410064
1605,2.136014423557106
1606,2.1715883988031397
1607,2.134925128423988
1608,2.159216745792211
1609,2.0911232868788967
1610,2.228412713751909
1611,2.289480766437901
1612,2.1228278026153937
1613,2.1366581315735678
1614,2.0681083593534497
1615,2.2216780265424223
1616,2.120328639978378
1617,1.940393805831895
1618,1.8206895089362625
1619,1.903835865210346
1620,1.9806338882533896
1621,1.7160120210194012
1622,1.6559811466246126
1623,1.6604095255417939
1624,1.637867349848738
1625,1.7234639874754862
1626,1.6572335418085256
1627,1.5180620905599518
1628,1.4720053946830294
1629,1.5216148242138916
1630,1.463225683966094
1631,1.5725613214414635
1632,1.797945039107052
1633,1.7856789517348872
1634,1.9306130060559281
1635,1.79542443906304
1636,1.743894093323566
1637,1.8588171449759427
1638,1.934889603205424
1639,1.8032354141331626
1640,1.8638408250297522
1641,1.8704135542309723
1642,1.8631869499929723
1643,1.6566649256731096
1644,1.5850348358935107
1645,1.5407424740381757
1646,1.4845693687351424
1647,1.3772208954232168
1648,1.196313520468493
1649,1.1820304098258765
1650,1.15203217427752
1651,1.1140395638608658
1652,1.171625906531508
1653,1.1706423597456486
1654,1.1348802147528019
1655,1.1803348279027466
1656,1.1811440805170903
1657,1.15232820586309
1658,1.0822641028510307
1659,1.1307392571163637
1660,1.1815317425605496
1661,1.2275342096245336
1662,1.1598836533761039
1663,1.2427923979621092
1664,1.2504359823369717
1665,1.437640306542322
1666,1.2440648564808992
1667,1.2777070008522609
1668,1.492326930005386
1669,1.6270384500455424
1670,1.4998420735770066
1671,1.5141630006362707
1672,1.5793106840258324
1673,1.553091154990028
1674,1.9854030670229368
1675,1.9051348774140309
1676,2.0581997983838645
1677,2.2520245732932316
1678,2.1398231321815957
1679,2.13003413441126
1680,2.3858896685283173
1681,2.3953256506907508
1682,2.385026599801106
1683,2.284071099091137
1684,2.4293364156609067
1685,2.400387778639469
1686,2.413737938341628
1687,2.3613626380594477
1688,2.3542408555153096
1689,2.1432965729232127
1690,2.1343530762999916
1691,2.138465283223969
1692,2.1753337395376233
1693,2.145016123977523
1694,1.8953596374948258
1695,1.8834445085717044
1696,1.660635925370529
1697,1.6266754624363444
1698,1.5814718944579935
1699,1.4563235369857535
1700,1.5088786864172712
1701,1.369161503219504
1702,1.3431984669355443
1703,1.2307083398596654
1704,1.166300456397829
1705,1.1699492460622238
1706,1.1743879929881234
1707,1.202965594125438
1708,1.239854102063147
1709,1.2947565884038368
1710,1.3497951763834204
1711,1.364062238201826
1712,1.4562124572075408
1713,1.6076579598760505
1714,1.7080569902663048
1715,1.7006106919400998
1716,1.8268417034899391
1717,1.6937803507695057
1718,1.6890984202711685
1719,1.688991172380015
1720,1.8117926336624088
1721,1.8119593321041345
1722,1.7229844875821831
1723,1.6815545484584045
1724,1.8303130588644951
1725,1.6879839155204068
1726,1.7240198392927124
1727,1.8137779163839087
1728,1.8001626760362124
1729,1.794641919052375
1730,1.8137142438944098
1731,2.061667444196642
1732,2.1888978420709297
1733,2.3604485536018216
1734,2.352857981191104
1735,2.539758722518055
1736,2.5427996138303754
1737,2.561956889956007
1738,3.0860867959810068
1739,2.7482268435362673
1740,2.970670719759743
