,0
0,3.600652795954092
1,3.594750981170029
2,3.4612238580112824
3,3.2152849909853134
4,3.4187306191135276
5,3.435963109346255
6,3.112199011466881
7,3.4316739101750793
8,3.0376967794702177
9,2.9552096904334326
10,2.8153253582295132
11,2.9903829463066214
12,2.6311912075296116
13,2.5865401323358492
14,2.6218268682999573
15,2.622719277098683
16,2.88597507284994
17,2.6056117848060265
18,2.5896242132467537
19,2.8108991444739417
20,2.6133701696526637
21,2.757106697024412
22,2.90925600814193
23,2.398430721701356
24,2.312839279135956
25,2.240414639317813
26,2.3100621764598586
27,2.310037934756327
28,2.4520590088999685
29,2.2130016381944944
30,2.29251961136781
31,2.310023127060695
32,2.51429799965129
33,2.5083095515910268
34,2.6773235184215487
35,3.2242590143795593
36,3.44816627146931
37,3.778410187724573
38,4.331171327700179
39,4.267378183580171
40,4.823438262370744
41,4.408558969887597
42,4.871806912364874
43,4.763207598649803
44,4.139594492129166
45,3.8051789551092763
46,3.910321106511283
47,3.646992186483948
48,3.689687779369521
49,3.851931042685353
50,3.731563724282238
51,3.7284521035794254
52,3.8607953856199386
53,3.4714170366734542
54,3.5492165920794685
55,3.485454556944721
56,3.397077746177081
57,3.370657275264116
58,3.127380032761651
59,3.167771592690656
60,2.6426360997530587
61,3.0747309172209563
62,3.140712036501157
63,3.1089589162068902
64,3.233054240368548
65,3.3682953237010054
66,3.2396409242084445
67,3.3254499771496016
68,3.3943145177102454
69,3.4613653785583005
70,3.6608079295597222
71,3.3756447290587004
72,3.241048431966578
73,3.2913219531440325
74,3.4010300008732464
75,3.3858861528016466
76,3.675045934818637
77,3.625228784454821
78,3.700952507999504
79,3.5883173307020986
80,3.7134491959051092
81,3.752835651886552
82,3.641664548973818
83,3.6914832303859075
84,3.5364860853019584
85,3.183931802552615
86,3.163696742079246
87,3.0366859378510673
88,3.13420057054051
89,3.012720193179804
90,3.1276930954310354
91,2.9119125507805603
92,2.8675109101564593
93,2.9068195460581916
94,2.592053068726749
95,2.6739067765004334
96,2.613459338625837
97,2.5845839308680776
98,2.336942884074627
99,2.6276830134664775
100,2.6098152659411955
101,2.7193414406539946
102,2.5542017102471832
103,2.525945047012321
104,2.265599855963953
105,2.1807627266224774
106,2.0490598999670717
107,2.0342884151387843
108,1.8497843624242718
109,1.7860392382507828
110,1.913200342673956
111,1.9105794876836195
112,1.925451854836843
113,1.9180753558200898
114,1.7094158002636803
115,1.7455458418880578
116,1.6234063545909934
117,1.5900713026220243
118,1.682837016673174
119,1.8259357359287103
120,1.6771843285285408
121,1.670239167261576
122,1.8175230238646918
123,1.7658322947896514
124,1.8591686237204441
125,2.0107592139365114
126,2.1367346286532363
127,2.084252547225071
128,1.8768421939278064
129,2.1873747894941915
130,2.235595452868435
131,2.264647758269318
132,2.270790950451579
133,2.3700563025131447
134,2.3587532299019216
135,2.3663360578327888
136,2.4007543789157886
137,2.6407751550048655
138,3.0263557833294565
139,3.047094617902416
140,2.69972238120126
141,3.132649384785397
142,2.9891137098075693
143,2.670142380237338
144,2.625533748197567
145,2.6056477764663266
146,2.9287649183726567
147,2.6286543653539534
148,2.598348434502196
149,2.5664032921793294
150,2.5382155418391736
151,2.9595064869588272
152,2.6252460059755753
153,2.3853723312849464
154,2.407505312064072
155,2.4037304880453934
156,2.35196007007763
157,2.0034784301566995
158,2.2691785947554792
159,2.2437618382411917
160,2.3316182327756354
161,2.0173612710333764
162,2.237631373914724
163,2.2101449669390734
164,2.2442080045677595
165,2.255421584679885
166,2.3778697259329165
167,2.3865322857089426
168,2.497967552577209
169,2.660232079108819
170,2.727632942778667
171,3.2835588464259757
172,2.8565605488833596
173,3.0167684782579136
174,2.711034386747975
175,3.5624331493166204
176,3.597745878151322
177,3.522800511287768
178,3.5252548308094815
179,3.5578211490183023
180,3.818623135494329
181,4.066391417296919
182,4.545856748593985
183,4.554122849746272
184,4.9766562113795
185,4.657715064002919
186,4.666054952424678
187,4.109469500935508
188,4.354238843227813
189,3.8217503138828763
190,3.712540093365492
191,3.717376794108628
192,3.746876718968574
193,3.659669665745135
194,3.3874348910438283
195,3.8764543398391367
196,4.160030818256909
197,3.7672988123467053
198,4.1038466807049785
199,3.9679879555132733
200,3.937665818450294
201,3.6912682688349485
202,3.648301813423856
203,3.723986275498692
204,3.783487021856962
205,3.9486829263875483
206,3.801158018000427
207,3.8407839453988477
208,4.150917090242059
209,5.17117689214654
210,4.877987320157232
211,4.8913001798520925
212,4.883603964792499
213,4.491511033895116
214,4.53129376427984
215,4.278949852155129
216,4.851633627878137
217,5.294035363600159
218,4.8677974595020475
219,5.530024326373499
220,5.888543260905519
221,4.92433109175082
222,5.396726950247931
223,4.738789997398956
224,4.361360429263495
225,4.328991845384852
226,4.368535818781886
227,4.223355169813825
228,4.142967204792855
229,4.297641955617327
230,4.008624419498724
231,4.094346580581301
232,4.134420286046566
233,4.121480738349013
234,4.011119685537566
235,4.081798943326255
236,3.90148989161946
237,3.786907273551374
238,3.817200989215249
239,3.8517824649131556
240,3.6567287065657665
241,3.6496789629403112
242,3.8825284368207664
243,4.405136016429433
244,4.911780368054663
245,5.092544823339317
246,4.88928261783124
247,4.92703899594884
248,5.290344940975213
249,4.79865601601905
250,5.01219249297292
251,5.238681324654722
252,5.536003865353354
253,5.741349889824136
254,5.540099403319242
255,6.147106234990295
256,6.221260759698189
257,7.11720726689659
258,7.215558262765731
259,7.225201586761996
260,7.177408768021595
261,7.166686467881344
262,6.310471289611326
263,6.177941322962669
264,5.990258883752038
265,5.742725143885124
266,5.613713152156926
267,5.753490260214228
268,5.194521084879466
269,5.810829200262454
270,5.295181717728166
271,5.589683346489828
272,5.011747395841877
273,4.483191725122232
274,4.522338225920604
275,4.105539051126245
276,4.364296705757348
277,3.999593405762446
278,4.043168316364879
279,4.105016603086488
280,4.293881908108589
281,4.438040444517532
282,4.420405242940849
283,4.5197674274221065
284,4.503029700105375
285,4.134958732713728
286,4.0458601318993965
287,4.067413201976127
288,3.9518299913171884
289,3.974202550794062
290,4.05489354060078
291,4.318600132629492
292,4.308813030477407
293,4.0946975738934945
294,4.166363846850529
295,4.239024909603651
296,4.536930396917958
297,4.900261247639101
298,4.383233683702331
299,4.347359343416485
300,4.990929585404762
301,4.405981525306154
302,4.372979769841228
303,4.1899319069408225
304,4.62814614248065
305,4.687603183536303
306,5.279925100966204
307,5.256078168879958
308,5.304098983446043
309,5.68295930699471
310,5.877910830281245
311,5.925139868720926
312,5.288504634641311
313,5.071674042065358
314,4.705226312207444
315,4.806815764511806
316,4.158123213433465
317,4.6405387410246846
318,4.314309347602634
319,4.197041345955401
320,4.158081672739458
321,4.0653608644149175
322,3.8614818870425958
323,3.7913728672292932
324,3.6112433049622537
325,3.621495172181703
326,3.540821725227907
327,3.411045390968422
328,3.3199520621767986
329,3.105923102999872
330,3.308387866730072
331,3.448645471730731
332,3.7474111597164947
333,3.7222693494282826
334,3.6981877476182614
335,3.935886619200429
336,3.7601572183669356
337,3.8346637402492507
338,3.8279230611913526
339,4.317704097249484
340,3.952976300410288
341,3.9339252560950806
342,3.5420155860543336
343,3.3909104866846547
344,3.6065014174943433
345,3.1578241654118715
346,2.704414329436239
347,2.4833890064213517
348,2.4625658655258675
349,2.414396288002174
350,2.3808675098738656
351,2.152811495356558
352,1.8050217902806134
353,1.657555028595767
354,1.5593366711061238
355,1.461214395026123
356,1.3147610758858943
357,1.220974953162043
358,1.203661537256072
359,1.1968935106906071
360,1.1084540694885956
361,1.1157607902455269
362,1.281721789818939
363,1.1939310291934184
364,1.2131348846622771
365,1.214473105581143
366,1.2628207053404266
367,1.4004278612946226
368,1.3841449643727162
369,1.7924640437332748
370,1.972051584293546
371,2.3665264832536947
372,2.690449092498214
373,2.8730032104535295
374,3.324779574605882
375,3.663706480833257
376,3.7802176715595817
377,4.217955245356472
378,4.77842806419654
379,4.760466140388347
380,4.781655652670614
381,4.972613257751341
382,4.952336696051392
383,4.859092454691458
384,4.784436987187103
385,4.666964648656362
386,5.276376202046952
387,4.777970770276126
388,4.644669938326946
389,4.884067796939773
390,4.727172608678125
391,4.651791073778551
392,4.139475524745023
393,4.1312115683740345
394,3.9605113798871416
395,4.245160777927571
396,3.9575376841961205
397,3.8569546182045293
398,4.3846864809741914
399,4.558794328058843
400,4.449019667745968
401,5.041476695595931
402,4.61074228121522
403,4.999381987877845
404,5.094931624739885
405,4.901928465409914
406,4.905474381591385
407,5.054269232227044
408,5.131790047920535
409,5.247526424781088
410,5.240691762918019
411,5.1126828337311965
412,5.298934231549642
413,5.264519877205812
414,5.402860355858246
415,5.093173558175975
416,5.300532393910767
417,5.346584763376119
418,5.019832809782604
419,4.881191727795122
420,4.262413863060981
421,3.9302472240333706
422,3.9957406260402903
423,4.051739523114379
424,3.9004624396368053
425,3.839970656511864
426,3.75753523311394
427,3.8925231302496863
428,3.723376719797573
429,3.490707948933929
430,3.1012756189685198
431,3.3846411044383924
432,2.9778678489667536
433,2.9741320295623073
434,2.781281762122044
435,2.7350552211480115
436,2.649728696861207
437,2.619653190109677
438,2.7451678332564637
439,2.6330495737788646
440,2.564908340678578
441,2.594725741182837
442,2.54803322395278
443,2.5658517651735933
444,2.341463579290364
445,2.173335241189857
446,2.1132796680073644
447,2.1865275413882697
448,2.1284139093339025
449,2.1852065456165435
450,2.1600978344215864
451,2.0998512206955224
452,2.086429418413189
453,2.054260582567492
454,2.053267884528356
455,1.9058929084219502
456,1.857198971167094
457,1.6844562579401428
458,1.6837149269491272
459,1.5257049451827187
460,1.5191175556706493
461,1.5031049241234717
462,1.5001622963916568
463,1.4561682080090745
464,1.4200834351754137
465,1.53190596186938
466,1.5162339776072655
467,1.6732650940673603
468,1.805915416806477
469,1.956831672912106
470,2.32208108561229
471,2.6011774117400486
472,2.902616629382805
473,3.463066861726626
474,3.8027088416347192
475,3.8133705357123517
476,4.22771887301471
477,4.353595450246383
478,4.792803455408744
479,4.826404230612982
480,5.302630972810948
481,5.21681223866094
482,5.697561214982335
483,5.770145322904453
484,5.869353906086975
485,5.946591976956436
486,6.04464805495631
487,6.098878832808551
488,6.551071369446474
489,7.095295784561721
490,7.252068759437517
491,7.252068759437517
492,7.252068759437517
493,7.252068759437517
494,7.252068759437517
495,7.233153628869161
496,7.233153628869161
497,7.233153628869161
498,7.233153628869161
499,7.274039189545043
500,7.274039189545043
501,7.274039189545043
502,6.568471575555865
503,6.3618684461320525
504,6.347276515397809
505,7.12058957148442
506,6.009200140933086
507,5.937919365262959
508,5.73679731151137
509,5.193358725936224
510,7.0700290936952905
511,6.438992536927546
512,5.2659817132496745
513,6.1459640796716455
514,6.241222723236599
515,5.142593378610043
516,5.6929301732308835
517,5.463534481438176
518,4.74838935558736
519,4.91509879706554
520,5.142259691838706
521,4.3843804745396975
522,4.8646916511527785
523,4.751929685495779
524,4.355006849091237
525,4.299548211461771
526,4.141757017106905
527,4.079142618542735
528,3.9840764862464546
529,3.7501470220731092
530,3.646098757541287
531,3.688385139841392
532,3.612465472799748
533,3.31938317343732
534,3.583721788927898
535,3.336423100704356
536,3.2823276518728846
537,3.294830883687455
538,3.16281408150763
539,2.9919302932937666
540,2.8458383815408164
541,2.839027622042558
542,2.4189966547088972
543,2.353988365536917
544,2.462512932768518
545,2.383097208297132
546,2.412571645906884
547,2.28443730446033
548,2.4053333132334664
549,2.5758320209654544
550,2.496374335684954
551,2.553882887921262
552,2.5196794890251715
553,2.5257036282823595
554,2.445721332252669
555,2.872477880037724
556,2.8817859707165687
557,2.811932989689208
558,2.890896093855682
559,2.7666715677659166
560,2.870813285416236
561,2.7009410342891247
562,2.5156196403383757
563,2.5056349952637023
564,2.4735321644443475
565,2.3973009317065186
566,2.3595024397452957
567,2.319926010923545
568,2.129192147260481
569,2.0538922822388623
570,2.0771500795118376
571,2.062822541588022
572,2.1464928319768553
573,2.006477536203725
574,2.05105129415992
575,1.9255698590134531
576,1.8419083807301824
577,1.757001615322402
578,1.6882454202591382
579,1.8622690256147725
580,1.6789213142325898
581,1.6637262830943553
582,1.843950520586946
583,1.8020588297764892
584,1.9975911977958611
585,2.2016884148491855
586,2.3155377921289264
587,2.447177288110515
588,2.4137883826387503
589,2.296854442353776
590,2.415781535012503
591,2.1613287286777734
592,2.2768507968753444
593,2.3222237583431737
594,2.3245373752482847
595,2.2754996269328625
596,2.445174947963764
597,2.458367946584573
598,2.513253160533016
599,2.4302243989885697
600,2.294685814455667
601,2.1810617018045235
602,2.1401985011176228
603,2.098181449390292
604,2.152263732708527
605,2.252542828870822
606,2.8134127664534954
607,2.7212136327433853
608,2.894306172011578
609,2.8556283334859915
610,2.9577867563400275
611,3.200403433144072
612,3.7968189252839633
613,3.6845265861091523
614,3.792629677972136
615,3.8082827027112116
616,3.9077419122182726
617,4.292533573202285
618,4.757452258055771
619,4.873623910467845
620,5.437867286343237
621,5.589304510324388
622,5.50821243708819
623,5.576725215777899
624,5.103148862359191
625,5.1977214353952395
626,4.489440926085783
627,4.388014921553266
628,4.314050889693536
629,4.106421421198238
630,4.2997724700687785
631,4.73785637985356
632,4.147968434112352
633,4.091567528768852
634,4.049336222238556
635,3.724717314579786
636,4.01327281121181
637,3.7891083433850197
638,3.6780030599282623
639,3.8793290965836453
640,3.6453192085845263
641,3.652124567742626
642,3.6566580461906297
643,3.840500315102771
644,4.385883087269728
645,4.602478912158064
646,4.859548451272462
647,5.072791212292583
648,5.2840851394295605
649,5.261923072559218
650,5.815883092898391
651,6.017661848699069
652,6.934239462376713
653,7.207828941012216
654,7.203201444852461
655,7.203201444852461
656,7.203201444852461
657,7.1885945768364365
658,7.228283162444377
659,7.228283162444377
660,6.468377676063747
661,6.23299472905082
662,6.183024655165186
663,6.192248157469334
664,7.01024653577777
665,6.213638421482584
666,7.019427677216976
667,6.261316753507929
668,7.019427677216976
669,5.666462163053553
670,4.802711006396735
671,5.536277328984973
672,5.695574076854342
673,5.591847098063725
674,4.790876229542311
675,4.65152498704904
676,4.775229944795891
677,4.833074468127681
678,4.4473380982276085
679,4.796601480814854
680,5.444363682432008
681,4.400334555183324
682,4.718562959791034
683,4.282852941310847
684,4.210409497101315
685,4.027108500186135
686,3.9511994379909314
687,3.8717523852419538
688,3.9359150025563867
689,3.8774531202449305
690,3.721313795651659
691,3.7430417469679145
692,3.9130077633754956
693,4.37818839993354
694,4.6611300922049095
695,4.83380616899804
696,4.9339299047336125
697,5.2922171085022836
698,5.416100950663077
699,6.006199233714603
700,5.995412110534007
701,6.004809618093855
702,5.867645476965072
703,5.301988596587316
704,4.966478989907442
705,4.9062850805724185
706,4.745242571442068
707,5.282593947981995
708,5.081091700849678
709,4.885388629812308
710,4.386836635074202
711,4.328766767804066
712,4.995387676428974
713,4.966381991488364
714,5.7017281101057256
715,5.9640824859353465
716,5.347931541108937
717,5.555915034625831
718,4.784149262881351
719,4.552036126582428
720,4.835469612899912
721,4.343525745032572
722,4.179791423715852
723,4.873758979072104
724,4.546959012710429
725,4.891629756414541
726,4.271060173127059
727,4.4931746372161285
728,4.126362129775455
729,4.130949107506064
730,4.129713023320425
731,4.088605313136377
732,3.902011150223043
733,3.896914095147583
734,3.7778790374228244
735,3.8610033747978068
736,3.8026445562847977
737,3.701823359419734
738,3.776441785781962
739,3.6524865696436963
740,3.668866933563493
741,3.7297714606219845
742,3.7656627373184604
743,3.551836258728741
744,3.6635788434036667
745,3.6264455389447456
746,3.79710562688481
747,3.602885485269134
748,3.707798053110146
749,3.4799331611121658
750,3.6363515403393993
751,3.566503989582426
752,3.4887387511562187
753,3.532388108669722
754,3.408938406036276
755,3.7861629023582655
756,3.911157464180211
757,3.830195915488679
758,3.982947331364127
759,3.6845933588585775
760,4.010609108709062
761,3.9322488963664
762,3.917140100843515
763,4.093454031861942
764,3.9891742451181087
765,4.142243263047101
766,3.7931866780376327
767,4.141433338976877
768,3.8285787128430746
769,3.9615548887187293
770,3.9543467013090834
771,3.286266454636446
772,3.537517137883037
773,3.1366482449275446
774,2.886050404162959
775,2.467091636204541
776,2.3727455277662908
777,2.6140189989518072
778,2.468997251437219
779,2.6762502893112616
780,2.721214587130758
781,2.7314020708232527
782,2.6150050492078916
783,2.817938040846564
784,2.5974618466260275
785,2.4084287261722808
786,2.646829141007206
787,2.7217570459522276
788,3.000018298597361
789,2.960918669784644
790,3.3109434615445252
791,3.555405992891958
792,3.5704895837225057
793,4.182861455088102
794,4.207125473812642
795,4.412311944144571
796,4.633977891957855
797,4.623111306032191
798,4.88908831842443
799,4.567696822549489
800,4.342360466504324
801,4.517994628029774
802,4.826884448915171
803,4.512642642682827
804,4.310220418258824
805,4.304839317307278
806,4.208807251558816
807,4.11463732032365
808,4.171091731018944
809,3.9227734672108263
810,3.9040004979591965
811,3.7344458411893164
812,3.873422808083184
813,4.063835666253644
814,3.9381452187227315
815,4.034843287700773
816,4.301698362701344
817,3.8559845091862117
818,3.9848560293875304
819,4.039196407693322
820,3.8679584657810686
821,4.4127767633234685
822,3.7651876285013253
823,3.9149547803720206
824,3.8106874281924443
825,3.689382593839452
826,3.7349303969378584
827,3.9827084310907073
828,4.037343808779365
829,4.095188763881411
830,4.811664143986429
831,5.190096010753888
832,4.8183172694851715
833,4.8565676584687525
834,4.591779167731267
835,4.300087723648644
836,4.248282737715067
837,4.160352228475771
838,4.082734030149851
839,3.856997679129487
840,3.9555134634894755
841,3.993793361459702
842,3.792508204080646
843,3.861785421550151
844,3.4234254851653394
845,3.232716243747377
846,3.390429625578694
847,3.175628335903587
848,3.0618410400532707
849,2.8603028881574786
850,2.869824065636824
851,2.997127982507909
852,2.834794797964322
853,3.066340125357835
854,2.9283859134290817
855,3.345737185705514
856,2.911423062282356
857,2.7048139873264856
858,2.4859531932852703
859,2.365223165059923
860,2.210552787835379
861,2.0417559248231765
862,2.1023128781785556
863,2.195736006554358
864,2.095215848837828
865,2.4102312847488636
866,2.4713367493491885
867,2.5889116598057056
868,2.5857913403408164
869,2.633780648497566
870,2.736481344024303
871,3.024957289385838
872,3.2124912611116496
873,3.1368295301882116
874,3.134108975820885
875,3.101816271212546
876,2.9675909865321892
877,3.0038346405922716
878,3.1079560121402503
879,3.3608735771032547
880,3.566657179529203
881,3.7744843289396988
882,3.766211068534541
883,3.7828453613793203
884,3.5377212134651956
885,3.9351835008460854
886,3.95995726808459
887,3.660513835749606
888,3.671498776379606
889,3.991099094917876
890,4.061341259180813
891,3.9206947265000296
892,4.045549313108888
893,3.7019314150171163
894,3.689592562457319
895,3.3962936975941354
896,3.2023681322028437
897,3.0531183912973274
898,2.92954931898423
899,3.126206165305008
900,2.88062195561801
901,2.870595352459127
902,2.9288318866067877
903,2.8768703977481063
904,2.895017863185894
905,3.0714833033611564
906,2.9570455880875857
907,2.6942662652068967
908,2.693324741443681
909,2.851725915762146
910,2.724646738298192
911,2.8869179508745724
912,3.003005840264046
913,3.132383165566584
914,2.724999371146956
915,3.0043611520111155
916,3.40942525655566
917,3.436532809808514
918,3.6354978677447445
919,3.374524709871723
920,3.4197563327084626
921,3.627421133724362
922,3.8296127550715524
923,3.661984214769737
924,3.6341961684597366
925,3.5586680125512564
926,3.358611929583279
927,3.431943910575815
928,3.3156714939385035
929,3.254677044329463
930,3.1591568335976334
931,3.091396547468529
932,2.6361630237582467
933,2.4618282687859345
934,2.368775895109119
935,2.21575050038589
936,2.0469591371670046
937,1.9714504307607201
938,1.7984521310050874
939,1.811775631883414
940,2.006638122839921
941,1.8860041471666735
942,1.8597285765671456
943,1.9057276022815606
944,1.885825874129881
945,2.0329423108671594
946,1.9670158613949755
947,1.934953709868129
948,1.898364788790655
949,2.1907445272334733
950,2.2686395858597295
951,3.310734725325238
952,3.4212329974520816
953,3.7721970575655863
954,4.219014570023031
955,4.268573578482005
956,4.349188289361771
957,4.125089186834717
958,3.8121802797486
959,3.548467871427643
960,3.682079883757791
961,3.593803789743924
962,3.237941821726099
963,3.155676252066049
964,3.2281085442296944
965,3.398021554498517
966,3.144023726746638
967,3.0483566319042636
968,2.9381626361469886
969,2.910871476738691
970,2.6720997554807675
971,2.76036673729955
972,2.7665897421193177
973,3.250118232678009
974,3.493535966163412
975,2.9019925444080292
976,2.9705263630721164
977,2.8021150826935344
978,3.047012484078643
979,3.3898071871808115
980,3.2145964545614816
981,3.4272225939523646
982,3.3258479335316355
983,3.490041504566949
984,3.689138451460125
985,3.516240097561881
986,3.5391686311272266
987,3.5550403614578587
988,3.5993762212211338
989,3.77054116081259
990,3.751100697100853
991,4.073950070469213
992,4.383698141819992
993,4.293238192315836
994,4.2827882234366585
995,4.31326111702755
996,4.2579501334400085
997,4.334156727488012
998,4.7828119564442435
999,5.031336439425271
1000,5.318185543885428
1001,5.475283052547993
1002,5.510779144712113
1003,5.41089681374475
1004,5.732188787777613
1005,5.90110073970715
1006,5.257187196781651
1007,5.65507867764658
1008,5.322625968429103
1009,5.137947343401706
1010,4.799680468798694
1011,4.901980402262382
1012,4.854619500155929
1013,4.942528394496356
1014,4.836854112592431
1015,4.272722160424462
1016,4.341257006666315
1017,4.137057677201389
1018,3.9213159469884675
1019,3.9127137417583864
1020,4.0877228247096085
1021,4.118939004558582
1022,4.079905300741217
1023,4.2294233633362435
1024,4.263192351818662
1025,4.322536826006935
1026,4.709893394426362
1027,5.184359672636712
1028,4.813906527280649
1029,4.814119425592993
1030,4.659463464079481
1031,4.326356937739525
1032,4.7131717402081215
1033,4.245027831561468
1034,3.7511129143755473
1035,3.4721789715548863
1036,3.6683496559379605
1037,3.5654862199475583
1038,3.4847286449282517
1039,4.090274095297781
1040,3.615856777110798
1041,4.36459387895262
1042,4.029031970510779
1043,3.809862852671509
1044,3.9409503699374753
1045,3.585385162935802
1046,3.719770838117368
1047,3.3456450433332408
1048,3.163518538045341
1049,3.157403425678557
1050,3.071489313845544
1051,2.816406514405934
1052,2.9966267925723673
1053,2.786947939025573
1054,3.38298972264236
1055,3.611433701737499
1056,3.755436590809271
1057,4.986451495907696
1058,5.2638934868538305
1059,5.725666336383675
1060,5.742370377465431
1061,5.615524658934332
1062,5.8749477307681675
1063,5.87869658821932
1064,6.90628996618139
1065,6.137610673699969
1066,6.08042190117569
1067,6.990336782238765
1068,7.124114496959415
1069,7.154426163221845
1070,7.140910926705206
1071,6.283078210429998
1072,6.090936551802177
1073,5.9887579564666025
1074,6.064897458592429
1075,5.7720264134090575
1076,6.054369320064292
1077,5.437911664555164
1078,5.636185727034374
1079,5.605894163758941
1080,4.8697404508256055
1081,4.744117204359631
1082,4.31696178388045
1083,3.991048892562388
1084,3.8047787887355446
1085,3.8624125638168882
1086,3.872210602153764
1087,3.201982880616199
1088,3.1435340645370133
1089,2.948550878915582
1090,2.7985726695151643
1091,2.8946855136088754
1092,2.9889669424990557
1093,2.916332564665912
1094,2.9559330138369035
1095,2.9441056995285613
1096,3.5067266319755714
1097,2.9808448048589042
1098,3.513529666593286
1099,3.237674502797509
1100,3.6933371869753686
1101,3.8542939962640212
1102,5.104066376731616
1103,5.790418688676181
1104,6.081463126160211
1105,5.85650527124364
1106,5.55215833114333
1107,5.2652448536929946
1108,4.583255354065496
1109,4.476241785043396
1110,4.379710981719045
1111,3.955809199128267
1112,3.795531129281986
1113,3.9322436978451267
1114,3.7945553129324487
1115,3.7774977877692733
1116,3.6141366212069093
1117,3.6141290714980006
1118,3.3307304561021978
1119,3.1190733848481647
1120,3.303330232169226
1121,3.3256877400264426
1122,3.517056090768223
1123,3.840644942789094
1124,4.003677156851513
1125,3.751732152549664
1126,3.635282204906884
1127,3.633926241366354
1128,3.60685706528127
1129,3.6367806507029417
1130,3.3641928998766093
1131,3.8128101212488277
1132,3.4201585495103966
1133,3.540554950747908
1134,3.813648209692639
1135,3.718208236337813
1136,3.9754980623582616
1137,3.956810259672109
1138,4.561904980963438
1139,4.740636419645383
1140,4.941904876495279
1141,5.420756338609167
1142,5.401686161061998
1143,5.438624056530083
1144,5.425597850185248
1145,4.939598346332892
1146,4.667721715677534
1147,4.838325363445027
1148,4.527239529696758
1149,4.383238535537143
1150,4.305676519767179
1151,4.4839220260849775
1152,4.7571758974914715
1153,4.347170586024995
1154,4.655681560837118
1155,4.174569956604761
1156,4.169033938136572
1157,3.8544464065412885
1158,4.0510470056935
1159,4.031506870460817
1160,3.8541628592204327
1161,3.941817213280656
1162,3.7293848015704056
1163,3.8806118145207766
1164,3.4438598070996136
1165,3.7007027205075707
1166,3.5957108933922877
1167,3.6188748694700537
1168,3.579782320389513
1169,3.4136997144793946
1170,3.7914552235303285
1171,3.6990168528078726
1172,3.6010860353085095
1173,3.705813888750504
1174,3.9730525981744726
1175,4.78775850771288
1176,3.9765685411122274
1177,4.755204662650437
1178,4.459757055067651
1179,4.088378709580946
1180,4.1892574488299905
1181,4.241661799339841
1182,4.526570632436729
1183,4.1500278368001124
1184,4.884340638072244
1185,4.399243360365403
1186,4.248483347657745
1187,4.669166420972531
1188,4.6161582951984155
1189,4.38756823285486
1190,4.345022858171728
