,0
0,1.1866666666666668
1,1.2425
2,1.2333333333333334
3,1.2066666666666666
4,1.1579166666666665
5,1.2437500000000001
6,1.2891666666666668
7,1.3149999999999997
8,1.27125
9,1.197083333333333
10,1.1208333333333331
11,1.0720833333333333
12,1.0291666666666668
13,0.994166666666667
14,1.0350000000000001
15,1.0483333333333333
16,1.0091666666666668
17,1.115
18,1.0745833333333332
19,1.0525
20,1.0537500000000002
21,1.01875
22,1.0141666666666667
23,1.0191666666666668
24,1.0
25,1.0775000000000001
26,1.01875
27,1.02375
28,0.9979166666666667
29,0.9575
30,1.0341666666666667
31,1.02125
32,0.8620833333333333
33,0.8629166666666667
34,0.815
35,0.8583333333333334
36,0.7512499999999999
37,0.8024999999999999
38,0.7470833333333333
39,0.7941666666666667
40,0.9733333333333333
41,1.0241666666666667
42,1.1483333333333334
43,1.4616666666666667
44,1.7745833333333336
45,2.110416666666667
46,2.2150000000000003
47,2.233333333333334
48,2.074583333333333
49,2.552916666666667
50,2.391666666666667
51,2.877083333333333
52,3.6991666666666663
53,3.82125
54,4.059166666666666
55,4.869583333333334
56,4.869583333333334
57,5.258333333333335
58,5.51875
59,5.51875
60,5.51875
61,5.258333333333335
62,5.258333333333335
63,5.51875
64,4.869583333333334
65,4.869583333333334
66,5.258333333333335
67,5.258333333333335
68,5.258333333333335
69,5.51875
70,5.51875
71,5.51875
72,5.51875
73,5.51875
74,5.51875
75,5.51875
76,5.51875
77,5.51875
78,5.51875
79,5.51875
80,5.51875
81,4.869583333333334
82,5.258333333333335
83,5.51875
84,5.51875
85,5.258333333333335
86,4.7595833333333335
87,4.869583333333334
88,4.690416666666667
89,4.7595833333333335
90,3.784583333333334
91,3.4229166666666666
92,3.54
93,3.0712500000000005
94,3.360833333333334
95,3.3924999999999996
96,2.9375000000000004
97,2.855416666666667
98,2.82625
99,2.82625
100,2.486666666666666
101,2.4612499999999997
102,2.5325
103,2.40375
104,2.7975
105,2.5770833333333334
106,2.7824999999999993
107,2.8641666666666663
108,2.83125
109,2.8337499999999998
110,2.4658333333333333
111,2.5508333333333333
112,2.6158333333333337
113,2.2575
114,2.2283333333333335
115,2.2216666666666667
116,2.3095833333333333
117,2.230833333333334
118,2.0408333333333335
119,1.7395833333333333
120,1.7395833333333333
121,1.7129166666666666
122,1.5675000000000001
123,1.3800000000000001
124,1.24125
125,1.24125
126,1.2008333333333332
127,1.3074999999999999
128,1.1858333333333333
129,1.1483333333333332
130,1.1283333333333332
131,1.0833333333333333
132,1.0408333333333335
133,1.0375
134,1.095
135,1.0245833333333334
136,1.0183333333333333
137,0.9466666666666668
138,0.9516666666666667
139,1.0158333333333331
140,1.0158333333333331
141,1.0570833333333334
142,1.2408333333333332
143,1.1683333333333334
144,1.2458333333333331
145,1.5299999999999998
146,1.6537500000000003
147,1.9854166666666668
148,2.1216666666666666
149,2.3833333333333333
150,2.672916666666666
151,2.672916666666666
152,3.06875
153,3.135
154,3.5683333333333325
155,3.8987499999999993
156,3.8987499999999993
157,4.869583333333334
158,4.690416666666667
159,3.8987499999999993
160,3.7099999999999995
161,3.750416666666666
162,3.558749999999999
163,4.059166666666666
164,4.869583333333334
165,4.869583333333334
166,5.258333333333335
167,5.258333333333335
168,5.258333333333335
169,4.869583333333334
170,4.869583333333334
171,4.869583333333334
172,4.237083333333333
173,3.8987499999999993
174,3.784583333333334
175,3.8987499999999993
176,4.690416666666667
177,4.7595833333333335
178,4.869583333333334
179,4.869583333333334
180,4.869583333333334
181,4.7595833333333335
182,3.784583333333334
183,3.514583333333333
184,3.6662499999999993
185,2.9691666666666667
186,3.0083333333333333
187,3.3324999999999996
188,3.424166666666667
189,3.7704166666666663
190,3.5783333333333336
191,3.4862499999999996
192,3.5304166666666665
193,3.5137499999999995
194,2.9879166666666666
195,2.955833333333333
196,2.755
197,2.5141666666666667
198,2.37875
199,2.2333333333333334
200,2.4549999999999996
201,2.5049999999999994
202,2.6291666666666664
203,2.8787499999999997
204,2.8529166666666668
205,2.6454166666666667
206,2.6291666666666664
207,2.33625
208,2.248333333333334
209,1.9825000000000006
210,1.989166666666667
211,1.9416666666666664
212,2.0854166666666667
213,1.9279166666666663
214,2.201666666666667
215,2.277916666666667
216,2.4012499999999997
217,2.33625
218,2.2362500000000005
219,1.9858333333333336
220,1.8975
221,1.84
222,1.7729166666666667
223,1.7295833333333337
224,1.6687500000000002
225,1.6525
226,1.6733333333333333
227,1.504166666666667
228,1.5808333333333335
229,1.6291666666666669
230,1.8258333333333336
231,1.7245833333333334
232,1.5933333333333337
233,1.3983333333333334
234,1.4008333333333334
235,1.35375
236,1.3954166666666667
237,1.3925
238,1.2945833333333332
239,1.3320833333333335
240,1.4579166666666665
241,1.3258333333333334
242,1.2695833333333333
243,1.1220833333333333
244,1.18125
245,1.1241666666666665
246,1.0191666666666668
247,0.9541666666666666
248,1.0420833333333333
249,0.9558333333333333
250,1.1616666666666666
251,1.34375
252,1.4566666666666668
253,1.7212500000000004
254,1.675416666666667
255,1.4229166666666668
256,1.4399999999999995
257,1.3691666666666666
258,1.3699999999999999
259,1.6216666666666666
260,1.787916666666667
261,2.2658333333333336
262,2.4058333333333333
263,2.5575
264,2.9483333333333333
265,3.0075
266,3.3666666666666667
267,3.383333333333333
268,2.9987500000000007
269,2.679583333333333
270,2.5725000000000002
271,2.8504166666666664
272,2.4675
273,2.400416666666666
274,2.2387500000000005
275,1.9308333333333334
276,2.0920833333333335
277,1.9899999999999998
278,2.3025000000000007
279,1.9516666666666667
280,1.8783333333333336
281,1.8679166666666664
282,1.7370833333333333
283,1.6995833333333337
284,1.6995833333333337
285,1.6329166666666666
286,1.659166666666667
287,1.5854166666666667
288,1.5916666666666668
289,1.4916666666666667
290,1.5179166666666666
291,1.5083333333333335
292,1.4583333333333333
293,1.4925000000000002
294,1.496666666666667
295,1.384166666666667
296,1.3875000000000002
297,1.3804166666666668
298,1.3783333333333334
299,1.2854166666666667
300,1.2770833333333333
301,1.3800000000000001
302,1.4591666666666667
303,1.4783333333333337
304,1.3791666666666667
305,1.2462499999999999
306,1.2733333333333332
307,1.2708333333333333
308,1.3170833333333332
309,1.2520833333333332
310,1.197083333333333
311,1.1441666666666666
312,1.0404166666666668
313,1.1541666666666666
314,1.0225
315,1.02
316,0.9483333333333331
317,0.9508333333333332
318,0.8945833333333333
319,0.89875
320,0.8895833333333333
321,0.8275
322,0.8475
323,0.9541666666666666
324,1.0291666666666668
325,1.01
326,1.1158333333333332
327,1.0920833333333333
328,1.1025
329,1.3608333333333331
330,1.4216666666666666
331,1.4333333333333331
332,1.4412500000000001
333,1.5320833333333335
334,1.435
335,1.5054166666666664
336,1.4924999999999997
337,1.5854166666666667
338,1.5062499999999999
339,1.585
340,1.4966666666666666
341,1.6408333333333334
342,1.6879166666666665
343,1.6254166666666667
344,1.5504166666666668
345,1.5520833333333333
346,1.5525
347,1.5179166666666666
348,1.6287500000000001
349,1.53125
350,1.64375
351,1.6570833333333337
352,1.6987500000000002
353,1.6879166666666665
354,1.6620833333333336
355,1.6691666666666665
356,1.615
357,1.6891666666666667
358,1.6554166666666668
359,1.6529166666666668
360,1.5404166666666668
361,1.6500000000000001
362,1.6962499999999998
363,1.94875
364,2.086666666666667
365,2.1808333333333336
366,2.204166666666667
367,2.4549999999999996
368,2.295416666666667
369,2.5075
370,2.3229166666666665
371,2.5075
372,2.5583333333333336
373,2.63125
374,2.5708333333333333
375,3.033333333333333
376,3.085416666666667
377,3.3825
378,3.3583333333333334
379,3.00625
380,2.6058333333333334
381,2.6279166666666662
382,2.6358333333333333
383,2.8899999999999997
384,2.9575
385,2.9575
386,3.3324999999999996
387,3.3825
388,3.42375
389,3.8987499999999993
390,3.784583333333334
391,3.719583333333333
392,3.512083333333333
393,3.3983333333333334
394,3.4029166666666666
395,3.4570833333333337
396,3.54875
397,3.5112499999999995
398,3.7904166666666663
399,3.8987499999999993
400,4.869583333333334
401,4.869583333333334
402,4.869583333333334
403,3.8987499999999993
404,4.479166666666667
405,3.472916666666666
406,3.390833333333333
407,3.1045833333333333
408,3.0000000000000004
409,2.9933333333333336
410,2.9283333333333332
411,2.909583333333333
412,2.909583333333333
413,3.0000000000000004
414,2.9341666666666666
415,2.855416666666667
416,2.609583333333333
417,2.83125
418,2.557083333333333
419,2.6245833333333333
420,2.464583333333333
421,2.08
422,2.1925000000000003
423,2.00375
424,2.1975000000000002
425,2.1058333333333334
426,2.097083333333334
427,2.109166666666667
428,1.9825000000000002
429,2.480833333333333
430,2.1045833333333337
431,1.8787499999999995
432,1.8175000000000003
433,1.8175000000000003
434,1.7245833333333338
435,1.6579166666666671
436,1.6800000000000002
437,1.5066666666666666
438,1.49125
439,1.666666666666667
440,1.7495833333333335
441,1.8795833333333334
442,1.7129166666666666
443,1.6787500000000004
444,1.6366666666666667
445,1.5112500000000002
446,1.5062499999999999
447,1.4120833333333331
448,1.3933333333333335
449,1.2470833333333333
450,1.3179166666666666
451,1.1841666666666666
452,1.30375
453,1.2016666666666667
454,1.3029166666666665
455,1.3033333333333332
456,1.3929166666666668
457,1.2449999999999999
458,1.2433333333333334
459,1.1162499999999997
460,1.0329166666666667
461,1.0129166666666667
462,1.0320833333333335
463,0.9333333333333333
464,0.9512499999999999
465,1.02125
466,1.1329166666666666
467,1.0141666666666667
468,1.1758333333333333
469,1.36875
470,1.2583333333333333
471,1.24125
472,1.3345833333333335
473,1.3954166666666667
474,1.6404166666666666
475,1.6120833333333333
476,1.6208333333333336
477,1.6350000000000002
478,1.5433333333333334
479,1.5525
480,1.6683333333333334
481,1.5491666666666666
482,1.4654166666666668
483,1.5050000000000001
484,1.7404166666666667
485,1.7220833333333334
486,1.8175
487,1.9279166666666667
488,1.8491666666666668
489,1.8300000000000003
490,1.846666666666667
491,1.7012500000000002
492,1.8970833333333332
493,1.904583333333333
494,1.9254166666666668
495,1.78875
496,2.01375
497,1.9699999999999995
498,1.874583333333333
499,1.6562500000000002
500,1.6150000000000004
501,1.5862500000000002
502,1.5129166666666667
503,1.5395833333333337
504,1.7070833333333335
505,1.7012500000000002
506,1.7695833333333337
507,1.764166666666667
508,1.9141666666666666
509,1.8266666666666664
510,1.7533333333333336
511,1.97625
512,1.8733333333333333
513,2.1625000000000005
514,2.0520833333333335
515,2.2000000000000006
516,2.2116666666666673
517,2.2275
518,2.518333333333333
519,2.6658333333333335
520,2.6791666666666663
521,2.6791666666666663
522,2.9366666666666665
523,2.9575
524,3.017916666666667
525,3.3583333333333334
526,3.3583333333333334
527,3.4774999999999996
528,4.690416666666667
529,4.479166666666667
530,3.6804166666666664
531,3.8987499999999993
532,3.555
533,3.5562500000000004
534,3.4924999999999997
535,3.4774999999999996
536,3.4025
537,3.4499999999999997
538,3.4774999999999996
539,3.464166666666666
540,3.5045833333333336
541,3.0595833333333333
542,2.6120833333333335
543,2.532916666666666
544,2.8654166666666665
545,2.6120833333333335
546,2.609583333333333
547,2.609583333333333
548,2.8441666666666663
549,2.609583333333333
550,2.609583333333333
551,2.787499999999999
552,2.6245833333333333
553,2.6075
554,2.369583333333333
555,2.4420833333333327
556,2.5091666666666663
557,2.6158333333333337
558,2.5091666666666668
559,2.8879166666666665
560,2.98
561,3.00875
562,2.9741666666666666
563,2.994166666666667
564,2.5866666666666664
565,2.5641666666666665
566,2.6691666666666665
567,2.6558333333333333
568,2.5225
569,2.5337500000000004
570,2.6058333333333334
571,2.868333333333333
572,3.3583333333333334
573,2.8075
574,3.14625
575,3.3324999999999996
576,3.699583333333333
577,4.237083333333333
578,4.869583333333334
579,4.869583333333334
580,3.8987499999999993
581,3.5279166666666666
582,3.5795833333333333
583,3.6804166666666664
584,3.8987499999999993
585,4.237083333333333
586,3.6804166666666664
587,3.6804166666666664
588,3.5408333333333335
589,3.5137499999999995
590,3.478333333333333
591,3.3625000000000003
592,3.3625000000000003
593,3.3625000000000003
594,3.47875
595,3.8987499999999993
596,3.8987499999999993
597,3.8987499999999993
598,3.5408333333333335
599,3.5137499999999995
600,3.0954166666666665
601,3.424166666666667
602,3.0370833333333334
603,3.3324999999999996
604,2.9691666666666667
605,2.965833333333333
606,3.3324999999999996
607,3.1154166666666665
608,3.3625000000000003
609,3.3625000000000003
610,3.3825
611,3.3825
612,3.40375
613,3.1045833333333333
614,3.3625000000000003
615,3.3324999999999996
616,2.74125
617,2.882083333333333
618,2.9020833333333336
619,3.3324999999999996
620,3.0295833333333335
621,3.09125
622,3.3324999999999996
623,3.1733333333333333
624,3.315833333333333
625,2.9274999999999998
626,2.6462499999999998
627,2.842083333333333
628,2.64875
629,2.545
630,2.6329166666666666
631,2.6462499999999998
632,2.8245833333333334
633,2.7766666666666664
634,2.6291666666666664
635,2.817083333333333
636,2.5025
637,2.46
638,2.347916666666667
639,2.400416666666666
640,2.209166666666667
641,2.111666666666667
642,1.778333333333333
643,1.7429166666666667
644,1.7516666666666671
645,1.7395833333333337
646,1.5658333333333336
647,1.7795833333333333
648,1.8075
649,1.9841666666666666
650,2.1725
651,2.2525000000000004
652,2.234166666666667
653,2.1766666666666667
654,2.0595833333333333
655,1.97625
656,1.8683333333333332
657,1.9308333333333334
658,1.8924999999999998
659,1.8516666666666666
660,1.67625
661,1.6795833333333334
662,1.71625
663,1.7650000000000001
664,1.8533333333333335
665,1.7020833333333332
666,1.7270833333333333
667,1.7129166666666666
668,1.6600000000000004
669,1.654166666666667
670,1.635416666666667
671,1.75875
672,1.8795833333333334
673,1.9054166666666665
674,2.1733333333333333
675,1.7370833333333333
676,2.0629166666666667
677,2.0116666666666667
678,2.0629166666666667
679,2.1812500000000004
680,2.29375
681,2.282916666666667
682,2.118333333333333
683,2.071666666666667
684,2.0629166666666667
685,2.0629166666666667
686,2.0854166666666667
687,2.0754166666666665
688,1.9595833333333337
689,2.0629166666666667
690,1.9833333333333336
691,2.0629166666666667
692,1.8962499999999998
693,2.0629166666666667
694,1.8870833333333332
695,1.8820833333333333
696,1.8837499999999998
697,1.7645833333333334
698,1.8566666666666665
699,1.7462500000000005
700,1.9858333333333336
701,1.9245833333333333
702,2.02875
703,2.0595833333333333
704,2.3375000000000004
705,2.5491666666666664
706,2.48375
707,2.500833333333333
708,2.654583333333333
709,2.654583333333333
710,2.6616666666666666
711,2.695
712,2.8358333333333334
713,2.8437499999999996
714,2.8754166666666663
715,3.0233333333333334
716,3.3825
717,3.424166666666667
718,3.40375
719,3.3825
720,3.3625000000000003
721,3.0187500000000003
722,3.3625000000000003
723,3.424166666666667
724,3.04875
725,2.9699999999999998
726,3.3324999999999996
727,3.3324999999999996
728,3.424166666666667
729,3.3324999999999996
730,3.04875
731,3.3324999999999996
732,3.02875
733,3.3324999999999996
734,3.3324999999999996
735,3.0954166666666665
736,3.3324999999999996
737,3.424166666666667
738,3.492916666666667
739,3.4862499999999996
740,3.3324999999999996
741,3.47875
742,3.784583333333334
743,3.71375
744,3.4862499999999996
745,3.47875
746,3.3945833333333333
747,3.424166666666667
748,3.4516666666666667
749,3.408333333333333
750,3.587083333333333
751,3.71375
752,3.5408333333333335
753,3.5620833333333333
754,3.08375
755,3.3625000000000003
756,2.9691666666666667
757,2.9349999999999996
758,2.9483333333333333
759,3.0195833333333333
760,3.0954166666666665
761,3.54875
762,3.57625
763,3.8987499999999993
764,3.7904166666666663
765,3.8987499999999993
766,4.690416666666667
767,4.869583333333334
768,3.8987499999999993
769,3.8987499999999993
770,3.514583333333333
771,3.784583333333334
772,3.5420833333333333
773,3.8987499999999993
774,3.8987499999999993
775,3.8987499999999993
776,4.690416666666667
777,3.5320833333333335
778,3.6470833333333332
779,3.3945833333333333
780,3.8987499999999993
781,3.4529166666666664
782,3.424166666666667
783,3.4516666666666667
784,3.6804166666666664
785,3.784583333333334
786,3.3945833333333333
787,4.7595833333333335
788,3.8987499999999993
789,4.869583333333334
790,4.869583333333334
791,5.51875
792,5.258333333333335
793,5.258333333333335
794,4.869583333333334
795,4.869583333333334
796,4.690416666666667
797,3.8987499999999993
798,3.569166666666667
799,3.6804166666666664
800,3.514583333333333
801,3.48
802,3.4499999999999997
803,3.3324999999999996
804,3.3324999999999996
805,2.8883333333333336
806,2.9033333333333338
807,2.860416666666666
808,2.5741666666666667
809,2.4116666666666666
810,2.2333333333333334
811,2.23375
812,2.1925000000000003
813,2.5224999999999995
814,2.6441666666666666
815,3.1029166666666668
816,3.255833333333333
817,3.4570833333333337
818,3.4570833333333337
819,3.449583333333333
820,3.070416666666667
821,3.0012500000000006
822,3.0845833333333337
823,2.810416666666667
824,2.9066666666666663
825,2.6304166666666666
826,2.84625
827,2.640416666666667
828,2.8108333333333335
829,2.59
830,2.5716666666666663
831,2.84625
832,2.9699999999999998
833,2.7520833333333337
834,2.510833333333333
835,2.6545833333333335
836,2.6462499999999998
837,2.8345833333333332
838,2.92625
839,3.0725000000000002
840,3.0145833333333334
841,2.839583333333333
842,2.967083333333333
843,3.0154166666666664
844,2.92625
845,2.6391666666666667
846,2.54625
847,1.9920833333333334
848,2.1433333333333335
849,2.0204166666666667
850,2.28125
851,2.2158333333333333
852,2.44125
853,2.230833333333334
854,2.3095833333333333
855,2.2487500000000007
856,1.7579166666666666
857,1.7600000000000002
858,1.6533333333333335
859,1.5779166666666669
860,1.5237500000000004
861,1.5274999999999999
862,1.5154166666666666
863,1.5875000000000004
864,1.7254166666666668
865,1.5191666666666668
866,1.4849999999999999
867,1.4041666666666668
868,1.4041666666666668
869,1.4691666666666665
870,1.3383333333333332
871,1.26625
872,1.2075
873,1.03375
874,0.99
875,0.9225
876,0.9383333333333331
877,0.89
878,0.9883333333333334
879,0.9225
880,1.0116666666666665
881,0.9133333333333333
882,0.8275
883,0.7999999999999999
884,0.7829166666666667
885,0.7854166666666665
886,0.7225
887,0.7225
888,0.7116666666666668
889,0.6491666666666667
890,0.6491666666666667
891,0.7208333333333332
892,0.7183333333333333
893,0.7387500000000001
894,0.8804166666666666
895,0.8191666666666667
896,0.8775000000000001
897,1.2341666666666666
898,1.38625
899,1.5141666666666669
900,1.435
901,1.365
902,1.3091666666666666
903,1.4200000000000002
904,1.4362499999999998
905,1.6500000000000001
906,2.0345833333333334
907,2.2491666666666674
908,2.5629166666666667
909,2.88375
910,3.002083333333334
911,3.717083333333333
912,3.8987499999999993
913,4.869583333333334
914,4.869583333333334
915,5.258333333333335
916,4.869583333333334
917,5.258333333333335
918,4.869583333333334
919,4.869583333333334
920,4.7595833333333335
921,4.059166666666666
922,4.869583333333334
923,4.869583333333334
924,4.869583333333334
925,4.869583333333334
926,4.869583333333334
927,4.869583333333334
928,3.71375
929,3.8987499999999993
930,3.6804166666666664
931,3.6804166666666664
932,3.5725
933,3.4862499999999996
934,3.4699999999999998
935,3.7704166666666663
936,3.8987499999999993
937,3.8987499999999993
938,4.869583333333334
939,4.7595833333333335
940,4.479166666666667
941,3.8987499999999993
942,4.869583333333334
943,4.869583333333334
944,4.7595833333333335
945,4.869583333333334
946,4.869583333333334
947,4.869583333333334
948,5.258333333333335
949,5.258333333333335
950,4.869583333333334
951,4.869583333333334
952,4.869583333333334
953,4.869583333333334
954,4.869583333333334
955,4.869583333333334
956,4.869583333333334
957,4.869583333333334
958,3.8987499999999993
959,4.869583333333334
960,3.8987499999999993
961,3.784583333333334
962,3.8987499999999993
963,3.3945833333333333
964,3.360833333333334
965,3.360833333333334
966,3.0295833333333335
967,2.6462499999999998
968,2.7712499999999993
969,2.82875
970,2.870833333333333
971,2.6462499999999998
972,2.8100000000000005
973,2.6462499999999998
974,2.2333333333333334
975,2.510833333333333
976,2.400416666666666
977,2.2191666666666667
978,2.111666666666667
979,2.186666666666667
980,1.9479166666666665
981,1.9845833333333338
982,1.7370833333333333
983,1.7579166666666672
984,1.7320833333333336
985,1.81
986,1.841666666666667
987,1.8608333333333333
988,1.9033333333333338
989,1.6845833333333338
990,1.4975000000000005
991,1.5679166666666668
992,1.471666666666667
993,1.4666666666666666
994,1.4091666666666665
995,1.4295833333333337
996,1.547916666666667
997,1.7
998,1.7412500000000002
999,1.9783333333333333
1000,1.9725
1001,1.9670833333333333
1002,1.8066666666666666
1003,1.7133333333333334
1004,1.6512500000000003
1005,1.6079166666666669
1006,1.6433333333333333
1007,1.8499999999999996
1008,2.0629166666666667
1009,2.2233333333333336
1010,2.417916666666667
1011,2.53
1012,2.680833333333333
1013,2.650416666666666
1014,2.4420833333333336
1015,2.2070833333333337
1016,2.4491666666666663
1017,3.3583333333333334
1018,3.3324999999999996
1019,3.378333333333333
1020,3.097916666666667
1021,3.565833333333333
1022,3.6804166666666664
1023,3.4862499999999996
1024,3.8987499999999993
1025,3.8987499999999993
1026,3.8987499999999993
1027,3.6329166666666666
1028,3.5408333333333335
1029,3.6804166666666664
1030,3.3945833333333333
1031,3.1933333333333334
1032,3.0108333333333333
1033,3.0108333333333333
1034,2.8712499999999994
1035,2.960833333333333
1036,2.8787499999999993
1037,2.6462499999999998
1038,2.6462499999999998
1039,2.6462499999999998
1040,2.5091666666666663
1041,2.6462499999999998
1042,2.42875
1043,2.5075
1044,2.62125
1045,2.6141666666666667
1046,2.515416666666667
1047,2.6291666666666664
1048,2.9025
1049,2.860416666666666
1050,2.9699999999999998
1051,2.4166666666666665
1052,2.470833333333333
1053,2.0775
1054,1.9541666666666666
1055,1.9341666666666668
1056,1.9170833333333333
1057,1.8458333333333334
1058,1.8458333333333334
1059,1.9004166666666666
1060,1.925
1061,1.7195833333333335
1062,1.69125
1063,1.8708333333333336
1064,1.6229166666666668
1065,1.655
1066,1.7387500000000002
1067,1.5195833333333335
1068,1.4775000000000003
1069,1.5125
1070,1.6570833333333337
1071,1.5041666666666667
1072,1.6750000000000003
1073,1.6683333333333334
1074,1.6404166666666666
1075,1.8175000000000003
1076,1.7804166666666668
1077,1.7237500000000003
1078,1.6937499999999999
1079,1.64625
1080,1.5354166666666669
1081,1.4149999999999998
1082,1.4149999999999998
1083,1.3050000000000002
1084,1.2833333333333334
1085,1.2520833333333332
1086,1.3929166666666664
1087,1.2691666666666666
1088,1.374583333333333
1089,1.3612499999999998
1090,1.3920833333333333
1091,1.2579166666666666
1092,1.2166666666666668
1093,1.19
1094,1.0354166666666669
1095,0.9883333333333334
1096,1.01125
1097,1.0170833333333333
1098,1.0245833333333332
1099,1.0358333333333332
1100,1.0316666666666667
1101,0.9608333333333333
1102,1.0387499999999998
1103,0.9995833333333334
1104,1.0995833333333334
1105,1.0162499999999999
1106,1.0395833333333333
1107,0.9166666666666667
1108,0.9983333333333333
1109,1.00125
1110,0.9741666666666667
1111,1.0345833333333334
1112,1.1870833333333333
1113,1.402916666666667
1114,1.3066666666666666
1115,1.2791666666666666
1116,1.595833333333333
1117,1.7145833333333336
1118,2.0183333333333335
1119,2.0183333333333335
1120,2.0650000000000004
1121,2.0991666666666666
1122,2.181666666666667
1123,2.0820833333333333
1124,1.8350000000000002
1125,1.9154166666666668
1126,1.916666666666667
1127,2.0820833333333333
1128,2.0645833333333337
1129,2.1666666666666665
1130,2.341666666666667
1131,2.4974999999999996
1132,2.4512499999999995
1133,2.30375
1134,2.2520833333333337
1135,2.4508333333333328
1136,2.2183333333333337
1137,2.515
1138,2.492083333333333
1139,2.2770833333333336
1140,2.284583333333334
1141,2.289166666666667
1142,2.300416666666667
1143,2.5358333333333327
1144,2.5308333333333333
1145,2.8429166666666665
1146,3.037916666666667
1147,3.037916666666667
1148,3.037916666666667
1149,3.4570833333333337
1150,3.54875
1151,3.6679166666666663
1152,3.7904166666666663
1153,4.690416666666667
1154,4.7595833333333335
1155,4.869583333333334
1156,4.869583333333334
1157,5.258333333333335
1158,4.869583333333334
1159,4.869583333333334
1160,3.8987499999999993
1161,3.8987499999999993
1162,3.6620833333333334
1163,3.8987499999999993
1164,3.5420833333333333
1165,3.784583333333334
1166,3.3945833333333333
1167,3.46375
1168,3.1154166666666665
1169,3.3924999999999996
1170,3.0387500000000003
1171,3.06875
1172,3.4570833333333337
1173,3.4570833333333337
1174,3.448333333333333
1175,3.419583333333333
1176,3.57625
1177,3.487083333333333
1178,3.8987499999999993
1179,3.8987499999999993
1180,4.690416666666667
1181,4.869583333333334
1182,4.869583333333334
1183,4.869583333333334
1184,5.51875
1185,5.51875
1186,5.51875
1187,5.51875
1188,5.51875
1189,5.51875
1190,5.51875
1191,5.51875
1192,5.51875
1193,5.51875
1194,5.51875
1195,5.51875
1196,5.51875
1197,5.51875
1198,5.51875
1199,5.51875
1200,5.51875
1201,4.869583333333334
1202,4.869583333333334
1203,4.869583333333334
1204,5.258333333333335
1205,5.258333333333335
1206,5.258333333333335
1207,5.51875
1208,4.869583333333334
1209,4.869583333333334
1210,4.869583333333334
1211,3.8987499999999993
1212,3.8987499999999993
1213,4.869583333333334
1214,4.869583333333334
1215,4.7595833333333335
1216,3.784583333333334
1217,3.8987499999999993
1218,3.8987499999999993
1219,3.583333333333333
1220,3.5420833333333333
1221,3.8987499999999993
1222,3.4862499999999996
1223,3.429583333333333
1224,3.203333333333333
1225,3.112083333333333
1226,3.045416666666666
1227,3.1045833333333333
1228,3.4570833333333337
1229,3.54875
1230,3.8987499999999993
1231,4.869583333333334
1232,4.7595833333333335
1233,4.869583333333334
1234,4.869583333333334
1235,5.258333333333335
1236,5.258333333333335
1237,4.869583333333334
1238,5.258333333333335
1239,5.258333333333335
1240,5.51875
1241,5.51875
1242,5.51875
1243,5.51875
1244,5.51875
1245,4.869583333333334
1246,4.869583333333334
1247,4.869583333333334
1248,4.869583333333334
1249,4.869583333333334
1250,4.869583333333334
1251,4.869583333333334
1252,5.51875
1253,5.51875
1254,4.869583333333334
1255,5.258333333333335
1256,4.869583333333334
1257,5.258333333333335
1258,4.869583333333334
1259,4.869583333333334
1260,4.869583333333334
1261,4.869583333333334
1262,3.8987499999999993
1263,4.237083333333333
1264,4.690416666666667
1265,4.869583333333334
1266,4.869583333333334
1267,4.059166666666666
1268,3.8987499999999993
1269,3.8987499999999993
1270,3.8987499999999993
1271,3.6329166666666666
1272,3.5449999999999995
1273,3.4454166666666666
1274,3.591666666666667
1275,3.5137499999999995
1276,3.3583333333333334
1277,3.424166666666667
1278,3.40375
1279,3.3191666666666664
1280,3.449583333333333
1281,3.6033333333333335
1282,3.7904166666666663
1283,3.7904166666666663
1284,3.8987499999999993
1285,3.8987499999999993
1286,4.869583333333334
1287,4.869583333333334
1288,4.869583333333334
1289,4.869583333333334
1290,4.869583333333334
1291,4.869583333333334
1292,4.869583333333334
1293,4.869583333333334
1294,4.869583333333334
1295,4.869583333333334
1296,3.784583333333334
1297,3.4941666666666666
1298,3.0295833333333335
1299,2.920416666666666
1300,2.920416666666666
1301,2.9829166666666667
1302,2.997916666666667
1303,3.017916666666667
1304,3.0845833333333337
1305,3.295833333333333
1306,3.08875
1307,3.0725000000000002
1308,2.8970833333333332
1309,2.9408333333333334
1310,2.6462499999999998
1311,2.4999999999999996
1312,2.468333333333333
1313,2.368333333333333
1314,2.1745833333333335
1315,2.2375000000000007
1316,2.458333333333333
1317,2.789166666666667
1318,2.6774999999999993
1319,3.4570833333333337
1320,3.419583333333333
1321,3.134583333333334
1322,3.382916666666666
1323,3.68625
1324,3.4733333333333336
1325,3.4570833333333337
1326,3.7904166666666663
1327,3.6679166666666663
1328,3.5545833333333334
1329,3.8987499999999993
1330,3.8987499999999993
1331,4.690416666666667
1332,4.869583333333334
1333,4.869583333333334
1334,4.869583333333334
1335,4.869583333333334
1336,4.869583333333334
1337,5.51875
1338,5.51875
1339,5.51875
1340,5.51875
1341,5.51875
1342,5.51875
1343,5.51875
1344,5.51875
1345,5.51875
1346,5.51875
1347,5.51875
1348,5.51875
1349,5.258333333333335
1350,5.258333333333335
1351,4.869583333333334
1352,4.869583333333334
1353,4.869583333333334
1354,4.869583333333334
1355,4.869583333333334
1356,4.869583333333334
1357,4.869583333333334
1358,3.830416666666667
1359,3.759583333333333
1360,4.237083333333333
1361,3.49875
1362,3.1154166666666665
1363,2.9483333333333333
1364,2.57125
1365,2.6245833333333333
1366,2.8687499999999995
1367,2.6462499999999998
1368,2.9891666666666663
1369,2.9370833333333333
1370,2.907916666666666
1371,2.9774999999999996
1372,2.986666666666667
1373,2.8387499999999997
1374,2.8154166666666662
1375,2.6291666666666664
1376,2.5075
1377,2.442916666666666
1378,2.4120833333333334
1379,2.61125
1380,2.5862499999999997
1381,2.8524999999999996
1382,2.5941666666666667
1383,2.485
1384,2.4375
1385,2.368333333333333
1386,2.2366666666666672
1387,2.239583333333334
1388,2.3691666666666666
1389,2.5166666666666666
1390,2.3833333333333337
1391,2.515
1392,2.502083333333333
1393,2.9616666666666664
1394,3.1045833333333333
1395,3.0545833333333334
1396,3.1045833333333333
1397,2.994166666666667
1398,2.9775
1399,3.037916666666667
1400,3.1045833333333333
1401,3.719583333333333
1402,4.690416666666667
1403,3.4387499999999998
1404,3.00625
1405,2.5745833333333334
1406,2.6429166666666664
1407,2.564583333333333
1408,2.3383333333333334
1409,2.2804166666666665
1410,2.3383333333333334
1411,2.4499999999999997
1412,2.592083333333333
1413,2.7812499999999996
1414,2.8070833333333334
1415,2.8554166666666667
1416,2.6366666666666667
1417,2.8087500000000003
1418,2.5437499999999997
1419,2.789166666666666
1420,2.860416666666666
1421,3.015833333333333
1422,2.978333333333333
1423,2.658333333333333
1424,2.642916666666667
1425,2.4658333333333333
1426,2.6141666666666667
1427,2.3279166666666664
1428,2.5949999999999998
1429,2.4658333333333333
1430,2.4924999999999997
1431,2.2608333333333333
1432,2.3529166666666663
1433,2.0883333333333334
1434,2.32125
1435,1.9783333333333337
1436,2.080416666666667
1437,2.080416666666667
1438,1.9725
1439,1.8079166666666664
1440,1.7945833333333334
1441,2.004166666666667
1442,1.7120833333333332
1443,1.7275
1444,1.7687500000000003
1445,1.846666666666667
1446,1.7370833333333333
1447,1.8266666666666664
1448,1.8216666666666668
1449,1.69125
1450,1.6816666666666666
1451,1.4841666666666669
1452,1.6425000000000003
1453,1.46125
1454,1.4675
1455,1.4962500000000003
1456,1.5341666666666667
1457,1.5537500000000002
1458,1.6575
1459,1.50375
1460,1.4958333333333336
1461,1.4666666666666666
1462,1.4695833333333332
1463,1.4691666666666665
1464,1.395
1465,1.3958333333333335
1466,1.3183333333333331
1467,1.2491666666666665
1468,1.3216666666666665
1469,1.228333333333333
1470,1.3058333333333332
1471,1.3066666666666666
1472,1.3808333333333331
1473,1.3216666666666665
1474,1.3958333333333335
1475,1.3045833333333334
1476,1.1979166666666665
1477,1.1925000000000001
1478,1.2349999999999999
1479,1.21
1480,1.1324999999999998
1481,1.1791666666666665
1482,1.1574999999999998
1483,1.1804166666666667
1484,1.25625
1485,1.3162499999999997
1486,1.4404166666666667
1487,1.4754166666666666
1488,1.4016666666666668
1489,1.1804166666666667
1490,1.1733333333333333
1491,1.1679166666666667
1492,1.2291666666666665
1493,1.1729166666666666
1494,1.2029166666666664
1495,1.2466666666666666
1496,1.2562499999999999
1497,1.2562499999999999
1498,1.3233333333333333
1499,1.18
1500,1.16875
1501,1.1783333333333332
1502,1.1775
1503,1.2279166666666665
1504,1.107083333333333
1505,1.145
1506,1.0579166666666666
1507,1.4075000000000002
1508,1.7804166666666668
1509,2.2600000000000002
1510,2.5604166666666663
1511,2.73875
1512,2.692083333333333
1513,2.5012499999999998
1514,2.295416666666667
1515,2.4158333333333335
1516,2.4158333333333335
1517,2.4033333333333333
1518,2.3183333333333334
1519,2.2158333333333333
1520,2.358333333333333
1521,2.4033333333333333
1522,2.46
1523,2.7625
1524,2.6500000000000004
1525,2.6658333333333335
1526,2.5829166666666663
1527,2.6449999999999996
1528,2.5570833333333334
1529,2.5066666666666664
1530,2.496666666666666
1531,2.2795833333333335
1532,2.068333333333334
1533,2.3012500000000005
1534,2.1950000000000003
1535,2.59375
1536,2.3091666666666666
1537,2.38125
1538,2.4775
1539,2.3091666666666666
1540,2.392916666666667
1541,2.4483333333333333
1542,2.065416666666667
1543,2.392916666666667
1544,2.4908333333333332
1545,2.2541666666666673
1546,2.2333333333333334
1547,2.010416666666667
1548,1.8729166666666666
1549,1.8116666666666665
1550,1.9679166666666668
1551,2.0620833333333337
1552,1.8854166666666667
1553,1.90125
1554,1.8983333333333334
1555,1.6837500000000003
1556,1.7070833333333335
1557,1.7245833333333334
1558,1.81
1559,2.1758333333333333
1560,2.4766666666666666
1561,2.9495833333333334
1562,3.070416666666667
1563,3.0462500000000006
1564,3.3324999999999996
1565,3.0320833333333335
1566,2.909583333333333
1567,2.392916666666667
1568,2.392916666666667
1569,2.2837500000000004
1570,2.1112500000000005
1571,1.9808333333333337
1572,1.77625
1573,2.0820833333333333
1574,2.244166666666667
1575,2.7233333333333327
1576,2.837083333333333
1577,3.5045833333333336
1578,4.869583333333334
1579,5.51875
1580,5.258333333333335
1581,4.869583333333334
1582,4.869583333333334
1583,3.8987499999999993
1584,3.8987499999999993
1585,3.8987499999999993
1586,3.6804166666666664
1587,3.71375
1588,3.4862499999999996
1589,3.3324999999999996
1590,3.3924999999999996
1591,3.3924999999999996
1592,3.418333333333333
1593,3.7262499999999994
1594,3.8987499999999993
1595,3.5279166666666666
1596,3.71375
1597,3.3945833333333333
1598,3.032916666666667
1599,2.96
1600,3.3324999999999996
1601,2.9604166666666663
1602,3.198333333333333
1603,3.054583333333333
1604,3.3324999999999996
1605,3.4899999999999998
1606,3.448333333333333
1607,3.699583333333333
1608,3.565
1609,3.54875
1610,3.5112499999999995
1611,3.54875
1612,3.2491666666666665
1613,3.112083333333333
1614,2.5883333333333334
1615,2.48625
1616,2.08
1617,2.0770833333333334
1618,1.9829166666666669
1619,1.9004166666666666
1620,1.6645833333333329
1621,1.6375000000000006
1622,1.4679166666666668
1623,1.4858333333333333
1624,1.3491666666666666
1625,1.6270833333333332
1626,1.9425
1627,2.2091666666666674
1628,2.5941666666666667
1629,2.978333333333333
1630,3.650833333333333
1631,3.7904166666666663
1632,3.8987499999999993
1633,4.869583333333334
1634,4.869583333333334
1635,3.8987499999999993
1636,3.5004166666666663
1637,3.448333333333333
1638,3.04375
1639,3.0808333333333335
1640,3.0320833333333335
1641,3.4058333333333333
1642,3.8987499999999993
1643,3.8987499999999993
1644,3.8987499999999993
1645,3.8987499999999993
1646,3.784583333333334
1647,3.5408333333333335
1648,3.4862499999999996
1649,3.47875
1650,3.3945833333333333
1651,3.424166666666667
1652,3.3825
1653,2.985416666666667
1654,2.8754166666666667
1655,3.3825
1656,3.3324999999999996
1657,2.94375
1658,2.8337499999999998
1659,2.687083333333333
1660,2.986666666666667
1661,3.3324999999999996
1662,3.3825
1663,3.0179166666666664
1664,3.3324999999999996
1665,2.9791666666666665
1666,2.995
1667,3.1029166666666668
1668,3.1604166666666664
1669,3.1054166666666667
1670,3.68625
1671,3.68625
1672,3.62375
1673,4.869583333333334
1674,4.869583333333334
1675,4.869583333333334
1676,5.51875
1677,5.51875
1678,5.258333333333335
1679,4.869583333333334
1680,5.258333333333335
1681,4.869583333333334
1682,3.8987499999999993
1683,4.869583333333334
1684,4.869583333333334
1685,4.869583333333334
1686,4.869583333333334
1687,4.869583333333334
1688,4.869583333333334
1689,4.869583333333334
1690,4.869583333333334
1691,4.869583333333334
1692,4.869583333333334
1693,3.8987499999999993
1694,3.6329166666666666
1695,3.71375
1696,3.8987499999999993
1697,3.514583333333333
1698,3.3324999999999996
1699,3.424166666666667
1700,3.3625000000000003
1701,3.3324999999999996
1702,2.9879166666666666
1703,3.14375
1704,3.424166666666667
1705,3.3625000000000003
1706,3.3324999999999996
1707,3.3324999999999996
1708,3.3625000000000003
1709,3.3825
1710,3.1254166666666667
1711,3.0262499999999997
1712,3.3324999999999996
1713,3.3324999999999996
1714,3.428333333333333
1715,3.3625000000000003
1716,3.5174999999999996
1717,3.3816666666666664
1718,3.4899999999999998
