,0
0,3.0806870531828787
1,2.9626937656432957
2,3.0682582820716577
3,3.115307932017851
4,2.914220894843572
5,2.826222188129171
6,2.5749681240109887
7,2.6818873860321677
8,2.6284829694915173
9,2.6684961289236964
10,2.640623549875456
11,2.55659267423284
12,2.660046893661035
13,2.7403346760669316
14,2.705831749949749
15,2.728172240965346
16,2.704399830274089
17,2.665726664772532
18,2.6337609590663047
19,2.7073906342633887
20,2.749621970265374
21,2.8650144118455465
22,2.881342809787451
23,2.945284843347399
24,2.929544445179742
25,2.9510503185822117
26,2.95466362708763
27,3.1495154676520123
28,3.223802189831051
29,3.1643279423371804
30,3.131672360476934
31,3.075138519283307
32,3.080613379969854
33,2.9714807485186143
34,2.954824112320859
35,2.7775843709607706
36,2.8025993893890346
37,2.6485799320894325
38,2.7584990153244746
39,2.6208406294213686
40,2.7522915668812264
41,2.734472287417151
42,2.7663438747457283
43,2.915972081251373
44,2.851234596616646
45,2.900322657612509
46,2.7951946485205714
47,2.698812556262885
48,2.6529114753904515
49,2.7175895914108574
50,2.8815282154999213
51,3.0167281047903085
52,3.289046985390584
53,3.192924942296814
54,2.338857973152462
55,2.270376549809469
56,2.180497237032084
57,2.139465540656351
58,2.33808402589194
59,2.330785575366904
60,2.3873066370277076
61,2.446609057527419
62,2.5465960461829766
63,2.5009016784936873
64,2.5099960494974076
65,2.6233743171079786
66,2.457419099084899
67,2.435099057107961
68,2.372273351965214
69,2.3508745119928043
70,2.100365379196767
71,1.9799924827646056
72,1.6417314390134248
73,1.5352187886720206
74,1.5923239486386322
75,1.516697385665006
76,1.8696484916096479
77,1.4775747854310688
78,1.4552378167861715
79,1.4334845429768177
80,1.4507322543331462
81,1.2989354136113158
82,1.3519551284462203
83,1.3173343353024336
84,1.3007453515817058
85,1.300712377906409
86,1.2317755514440847
87,1.256571178446197
88,1.2327424753398928
89,1.226939995212088
90,1.2621304140749194
91,1.3546335720189508
92,1.3465185425797945
93,1.3365240859753453
94,1.381145360772446
95,1.3259882512574659
96,1.3544130068008386
97,1.4341992030210182
98,1.4574789126117762
99,1.5721198734546287
100,1.6096043071008925
101,1.6351252172049382
102,1.6802436703608186
103,1.7792061694446357
104,1.8465304918074872
105,1.5207573883699856
106,1.5415863436176938
107,1.4773804425064776
108,1.5275827114979283
109,1.4929834649799016
110,1.5159964614409465
111,1.5322130416163366
112,1.5950726354308824
113,1.536797290787022
114,1.4160582650330795
115,1.4003156183572425
116,1.4022144957289637
117,1.5049042925121183
118,1.5042480018613191
119,1.4628859890432049
120,1.5195299432421607
121,1.5347880347064717
122,1.5576063032584464
123,1.5202999019121781
124,1.5478262326517565
125,1.4723657838728366
126,1.4828809717274778
127,1.4083434505651322
128,1.3882975450434096
129,1.3865646434973087
130,1.4033952216871002
131,1.462265818513844
132,1.4737212910289497
133,1.490033829641609
134,1.4897666824477314
135,1.4934139701969793
136,1.4730383457704592
137,1.4664311486070116
138,1.4005402628972776
139,1.3147457108670093
140,1.3080270335241069
141,1.3189889385580982
142,1.2460484733850583
143,1.24757410934984
144,1.3034104602651368
145,1.34805122678426
146,1.3309195933513764
147,1.3323589323069183
148,1.6384139819110464
149,1.372076103937117
150,1.5632429264138148
151,1.6198431948116716
152,1.5884846218299886
153,1.5666533624928154
154,1.6730270139593575
155,1.777693153287094
156,1.8816717028910193
157,1.7577367208909358
158,2.133092481031204
159,2.4284454923928305
160,2.599032324139879
161,2.271827623923766
162,1.783833276891198
163,2.493403253222948
164,2.1087118585658664
165,2.3301062616272668
166,2.331867377812765
167,2.3797349839919657
168,2.3907179561296683
169,2.36118932442638
170,2.681249692826444
171,2.445541990430069
172,2.809846983669162
173,2.7543078087423325
174,2.6507863725809893
175,2.860723194257534
176,3.0702508605565537
177,3.2958556760474234
178,3.2711960020225397
179,3.352067192773242
180,3.5173184781228057
181,3.2411594032963476
182,2.7878396038531137
183,2.7756129622198755
184,3.021567694268003
185,3.1349113658263468
186,3.1725587172537004
187,3.1154885766672553
188,3.0534817989041123
189,2.909298171142405
190,2.7826620907758977
191,2.7579094266158375
192,2.7306412008200134
193,2.7649084598345204
194,2.6935205902787605
195,2.735847497869817
196,2.7861606210617813
197,2.8507857820933737
198,3.0594899122865082
199,3.1281841910782884
200,3.182955758584615
201,3.229142195769022
202,3.2287116691176823
203,3.213034147393183
204,3.5852505803952823
205,4.1434116522035165
206,3.833704143862599
207,3.372612423773688
208,3.3520140119408506
209,3.3460718191644814
210,3.3873612009670278
211,3.3107827489696557
212,3.301484083303825
213,3.334668603270799
214,3.339515391524739
215,3.1965173806890177
216,3.261482339743835
217,3.2280948152158735
218,3.3012763755334693
219,3.377237532009743
220,3.504757957513173
221,3.4621223956324987
222,3.2756541604954723
223,3.1914592579593064
224,3.103602077791476
225,3.1531997604575084
226,3.0371099252535907
227,3.025744670471058
228,2.907256673675157
229,2.820613288132359
230,2.994003252555373
231,2.88391237809804
232,2.9307741038694584
233,2.869770595877935
234,3.068135218016729
235,3.0563733355125553
236,3.03440221581952
237,3.0177988491333436
238,3.1269112690701637
239,3.13220659064858
240,3.2376343801859795
241,3.228568638421874
242,3.200535799145406
243,3.158828298839108
244,3.2097650882756183
245,3.177844959295967
246,3.3322764556516127
247,3.2493418437175317
248,3.2920753178041897
249,3.3338607467473844
250,3.2524838034204127
251,2.6586437759755803
252,2.489768260124048
253,2.4799834823387843
254,2.467653432717161
255,2.4002162789532306
256,2.3666858859652002
257,2.365257471575888
258,2.3029983441586883
259,2.2533989414551283
260,2.250413640858155
261,2.235041560758684
262,2.096279190586823
263,2.1014999992466072
264,2.028596891234444
265,1.9755927563740039
266,1.994269333622041
267,1.879570745231956
268,1.891578989819871
269,1.830009822495271
270,1.736454811944821
271,1.6706736127018718
272,1.566576343268401
273,1.4138863213861417
274,1.3477925548236134
275,1.335058534508321
276,1.3276474881711384
277,1.3487911967237947
278,1.3518625513921654
279,1.3806237783856976
280,1.3467871968139051
281,1.3507990656828255
282,1.3710271338413347
283,1.3504100069311815
284,1.4070676295078501
285,1.4351655170282074
286,1.4817248775857843
287,1.4930333911064615
288,2.3571494348917055
289,2.3401262295629373
290,2.3219072074387674
291,2.3095258778472942
292,2.3455910346939284
293,2.378207028990148
294,2.318514998770211
295,2.1978472608124586
296,2.0726001101345073
297,2.0790028262031277
298,2.1266487038133985
299,2.1307888493685154
300,2.223942779075604
301,2.0432664773033444
302,1.6912951913412224
303,1.5871553344534302
304,1.652030787447465
305,1.621983708038375
306,1.5672390031804027
307,2.4608654856834957
308,1.7197150680568398
309,1.678199117285419
310,1.5068019600034497
311,1.3771630246528335
312,1.468362186650853
313,1.4833354161066952
314,2.3581363373748787
315,1.5785169787455966
316,1.7454469487562871
317,2.159822716057472
318,2.313770435961175
319,2.053186197962562
320,1.9903461363452297
321,2.0861855063745596
322,1.668955696058828
323,1.6496422507186883
324,1.5814900803807728
325,1.640959367388711
326,1.7258716900412003
327,1.7096269462470646
328,1.7234894062246067
329,1.831250415570497
330,1.8737229190456641
331,1.9109932371483016
332,1.798446361236036
333,2.0953564686417248
334,1.8103847528681714
335,1.8101278300066528
336,1.7719089307242069
337,1.8505203979848064
338,1.94329505757959
339,1.963239945674151
340,2.6906988234481597
341,2.78674638739498
342,2.899119607873344
343,2.705343223510037
344,2.677009277343505
345,2.635742398939065
346,2.6471213053182896
347,2.6476139830306464
348,2.2146043376072195
349,1.9109131824441212
350,1.8515718317595704
351,1.9092565893380686
352,2.0346678079688654
353,2.2214364979338037
354,2.24147560194528
355,2.3520145919655935
356,2.3507990165717807
357,2.594553832898671
358,2.6020561730063263
359,2.573469518839398
360,2.629746064018423
361,2.6996457211643508
362,2.724857050414973
363,2.7510841290238703
364,2.8741251914896377
365,2.909494564828561
366,2.9370139215427167
367,2.9157066272798073
368,2.8366319594667844
369,2.8808508696308155
370,2.900903584349303
371,2.96334000187346
372,2.4637824810321325
373,2.7102186339725125
374,2.736673907122937
375,2.2564939190317577
376,2.3248561504816556
377,2.277400214329935
378,2.3612416863392363
379,2.1041320118992464
380,2.017809499702679
381,2.6471289560548947
382,2.11630323337584
383,1.562373400321276
384,1.4999360588145147
385,1.5278398681009326
386,1.5272868751558313
387,1.5796530907630286
388,1.9215620237606958
389,1.9125055028428712
390,1.9887439126544306
391,2.1182690833350417
392,2.1554433859189333
393,2.6859050958071404
394,2.735797503701476
395,2.7911186442898264
396,2.7317739386426534
397,2.777871047621591
398,2.7875639339726086
399,2.8767673677431955
400,3.064155147899336
401,3.259609806309747
402,3.23945627531962
403,3.216117451123706
404,3.0611457427639865
405,2.918983878721833
406,2.946849701132374
407,2.872017151960574
408,3.1543693035464666
409,2.9428920937061496
410,3.0946122572127934
411,3.1282332327694737
412,3.3291747871903015
413,3.3961431065835135
414,3.440363022586666
415,3.4248074299458326
416,3.153408112096764
417,2.771251537013982
418,2.6473589808711835
419,2.646113514251702
420,2.6486026030251013
421,2.5609643249365517
422,2.5984014424276975
423,2.5390088841266105
424,2.9099488252548484
425,2.843237393268886
426,2.755822798326699
427,2.776533387124344
428,2.7492270952258346
429,2.689932007738274
430,2.742304987121739
431,2.7426303667350522
432,2.710484261175247
433,2.640050891226713
434,2.7068663052214097
435,2.7618144104120748
436,3.1256850555851834
437,2.9708563437196718
438,2.6928371311610517
439,2.667923061178116
440,2.6515913270632248
441,2.8279163931423805
442,3.0445501400721997
443,3.1708824074644584
444,3.1900354182980464
445,3.1294023407569913
446,2.9640819435447447
447,2.868428375696705
448,2.910469193259929
449,3.0547903429649574
450,2.9470629185120174
451,2.946143205086818
452,3.0691555883748083
453,2.961517661146951
454,2.9687064442091353
455,3.0083718309809933
456,2.93107479172624
457,3.0162344019323895
458,3.1367223497615293
459,3.1332615513357793
460,3.102318383906028
461,3.0974697682287093
462,3.0384307949780704
463,3.0653722794868954
464,3.0508899296025183
465,3.0295871890310297
466,3.1095836360234856
467,3.0258069201615396
468,3.042299081666037
469,3.003561650990893
470,2.9417753824308783
471,3.071745143109468
472,2.98777245314878
473,3.0192446033846383
474,3.1309479227649546
475,2.98123981342066
476,2.9755005554981007
477,2.3785399327383665
478,2.279849410521723
479,2.2038547592712083
480,2.9546833293922456
481,3.0109017046033766
482,3.0298578035599206
483,3.1381282280164666
484,3.15242748559243
485,3.069090007423168
486,3.0934914452369107
487,3.216304470078314
488,3.38420749925749
489,3.2292249559132764
490,3.253287768615866
491,3.2346219726096974
492,3.0118203360383538
493,2.9339335476512347
494,2.9972121798131006
495,3.1769827407214977
496,2.4758169299285893
497,2.6321404489083307
498,2.6890777688644287
499,2.7452708883154453
500,3.5372994630853793
501,2.6746720927510514
502,2.643945043974282
503,2.7263297691136654
504,2.631649986059158
505,2.459703148498521
506,2.4001308923940203
507,2.3689414167874365
508,2.3511413902384852
509,2.3830795117619514
510,2.253916810243562
511,2.2591944233118815
512,2.3308855310098684
513,2.9200346096169487
514,2.413571082793174
515,2.827311051458329
516,2.9027353181802757
517,2.304586889434039
518,2.252173460910046
519,2.107592846404167
520,2.087945826449946
521,2.2255175709026975
522,2.192351818520978
523,2.307156361400061
524,2.2846645700911457
525,2.3200718591917076
526,2.4408629876227543
527,2.360316474873797
528,2.289827626701685
529,2.2096791739204673
530,2.0585701348401475
531,2.054076054151398
532,1.9585842509142573
533,1.9492963267363015
534,1.9574936308986073
535,1.9963538558836555
536,2.189817937746006
537,3.427551600386745
538,3.0793853534216673
539,3.135221075622491
540,3.4441389269687672
541,3.404073931240974
542,3.4655927012926715
543,3.4444546469803092
544,3.314812405945241
545,2.3671541213416365
546,2.273770554689158
547,2.3046613037379027
548,2.3150924928920396
549,2.205128970873667
550,2.1559095532424384
551,2.251378389801894
552,2.281175139744083
553,2.2814859856246414
554,2.4193946100128634
555,2.7116148433723697
556,2.698023672460933
557,2.7481752351595903
558,2.925154118116141
559,2.8261279074418595
560,3.029915318875477
561,2.9575741369009534
562,2.841721892529274
563,2.7194404347359025
564,2.524205659773071
565,2.603380289997969
566,2.397514985760909
567,2.378545594864814
568,2.431023298308448
569,2.433560137695569
570,2.383966084485185
571,2.3995533289895903
572,2.3428409186930756
573,2.338199883326415
574,2.260624698388415
575,2.2769370770946584
576,2.265375747871736
577,2.1984052295978205
578,2.146443992828266
579,1.988411617176602
580,1.964806301426827
581,1.9488107525979521
582,1.8656714488314654
583,1.9827636133679136
584,1.9544167073743968
585,1.9103876851828747
586,1.8347020735476478
587,1.7446862120082705
588,1.7612696555701552
589,1.8353779956453935
590,1.768018649594496
591,1.9220432429380006
592,1.8694056906619658
593,1.895893419952736
594,1.8803367589467233
595,1.8610101000119863
596,1.9131605012776938
597,1.9290854301459675
598,2.04845760082031
599,2.2281921737943566
600,2.2897629103434043
601,2.369028670269623
602,2.3616852248419606
603,2.4779669525354016
604,2.4259586789292986
605,2.5247203160086635
606,2.354905798458244
607,2.193644968492531
608,2.04284295131927
609,1.7821572693444216
610,1.7070475305017734
611,1.4354562216251823
612,1.4282326442084614
613,1.4352070894359878
614,1.4306878916352752
615,1.4070976394564685
616,1.3533716395226534
617,1.349339115022548
618,1.3130128649801847
619,1.3923299307675199
620,3.2702697529759033
621,3.5432443039925943
622,3.5735833934452024
623,3.423981441729218
624,2.2396008598318446
625,1.9700564969755565
626,1.857018540066646
627,1.9265291466089751
628,1.8727069848096298
629,1.93385151990792
630,1.935201149527358
631,1.9036806247855844
632,2.0025388361192116
633,3.26205986214217
634,3.4918052151921652
635,3.5573732763372075
636,3.481678913203076
637,3.5802170924209333
638,3.428634983111526
639,2.425804926429947
640,3.2885833750479585
641,3.262172495574634
642,3.455702661999208
643,3.394220447953457
644,3.16557342975063
645,3.265869141494314
646,3.1457083506953163
647,3.130023585280255
648,2.880101292993307
649,3.2367923065381716
650,2.9569130945827675
651,2.9492522102199628
652,3.2228167306601523
653,3.2321466185609733
654,3.251241312232835
655,3.156556967340821
656,3.179005699153068
657,3.319815801976631
658,3.269781458658149
659,3.2894458412932877
660,3.291490911759427
661,3.2708802511146664
662,3.3457921341636827
663,3.295324598849009
664,3.284446560195424
665,3.2960637370973505
666,3.303083302571352
667,3.244748344784166
668,3.2430030578267277
669,3.2534693669285386
670,3.243235867152608
671,3.210157238870908
672,3.169585759517046
673,3.1509858442854846
674,3.1728370588552797
675,2.995795900140944
676,3.0749401402980028
677,3.110681777251532
678,3.1015100750651414
679,2.980597250124466
680,3.0341372154448414
681,3.174027770500711
682,3.117297108040511
683,3.0205374464651547
684,2.9703300459273914
685,3.1962023373491966
686,3.106261136908899
687,3.1751190869948993
688,3.2457650075056046
689,3.2491768068173967
690,3.2726738562314095
691,3.2049632796700958
692,3.1972178948296532
693,3.1887061600605198
694,3.0898563581855507
695,3.023059889755634
696,3.007477684731531
697,2.74293228272231
698,2.5922255549648683
699,2.510647715778994
700,2.5573980212747576
701,2.4767302452154603
702,2.4084369068017293
703,2.421789492545512
704,2.3395033858539063
705,2.345601079363719
706,2.422185839676486
707,2.4909312634185516
708,2.2075658023982427
709,3.540778017258539
710,3.9226781727695883
711,3.9699736402947208
712,3.9173597460399394
713,2.4595079420686563
714,2.2658907330862084
715,2.178128948583714
716,2.1569823583415686
717,2.1260468098442558
718,2.164013500722425
719,2.154637245145236
720,2.2490706036969224
721,2.20318726472131
722,2.2406379088785453
723,2.1807453339466107
724,2.352212370287828
725,2.116778242137555
726,2.1661139486636287
727,2.105368279396175
728,1.930355053343187
729,1.791980504842743
730,1.7277836281340826
731,1.6590063008627425
732,1.6699793323347116
733,1.7006686205525143
734,1.6473624990396973
735,1.6106433281347188
736,1.45660969745432
737,1.4667188129921338
738,1.482128743697212
739,1.5079212430459683
740,1.4537204009618439
741,1.4935241812305846
742,1.4186913022533232
743,1.483403077475188
744,1.4778759771878496
745,1.4990620486075366
746,1.524582300259985
747,1.5429051585411062
748,1.6219638626280801
749,1.7293239341200508
750,1.749197283495251
751,1.7927823977815611
752,1.7616974575825568
753,1.7478800455871915
754,1.8276848273807929
755,1.8560763713268442
756,1.920692076416026
757,1.865493704349019
758,1.8815211299310586
759,1.8156762097737345
760,1.844102672884216
761,1.8551452542144078
762,1.8628618479695749
763,1.7196998814415918
764,1.7155576157444508
765,1.7128371180113013
766,1.6609599157223935
767,1.6867100310089749
768,1.5580609044902494
769,1.579325461120911
770,1.6455334984220273
771,1.6664650073781484
772,1.573785492078105
773,1.46602465469424
774,1.4318127688554103
775,1.3746912243198819
776,1.4122929688659995
777,1.4082523387544978
778,1.3907027854169596
779,1.4012055961182568
780,1.421696737254037
781,1.425076531195137
782,1.6473427733035206
783,1.5468495943306335
784,2.259917596353596
785,1.9485726041005378
786,2.2696441878309583
787,2.21809471336381
788,2.2910427356658847
789,2.2730427767753962
790,2.943627967505086
791,3.2490832614352683
792,3.486670060180061
793,3.5659313605537526
794,3.224844615778776
795,2.948770953041991
796,3.192115951213376
797,2.8436774114695433
798,3.1292883537870253
799,3.2647939892965274
800,3.5265955466119085
801,3.4215006303589752
802,3.399051834448758
803,3.434580072280606
804,3.346242004898976
805,3.286097841817257
806,3.310824148706765
807,3.3927879131267824
808,3.3469564505437717
809,3.292111789948264
810,3.4348762205030443
811,3.4481536369650385
812,3.469077514697265
813,3.4274033845238683
814,3.457496947509503
815,3.3538148559915943
816,3.3662790765960007
817,3.326754430250339
818,3.0986284740373633
819,3.1306582129765643
820,3.127868602490471
821,2.898567480222275
822,2.884428680239083
823,2.873540600868524
824,3.053683616399308
825,3.1028895082307626
826,3.13638037867911
827,3.14486040695459
828,3.1448866218224105
829,3.1704576685334103
830,3.1381739928426207
831,3.118903919677496
832,3.1992253788713567
833,3.0456811791231373
834,3.216630305872711
835,3.040747544820197
836,2.923814215517201
837,2.9853479801928593
838,3.0555259921902396
839,2.9583715171577496
840,2.935286786479026
841,2.659317395389968
842,2.6152250406539084
843,2.564478195249609
844,2.536838044984376
845,2.521836925580451
846,2.6143637541392772
847,2.6123890232618834
848,2.599463965936701
849,2.6000546085404186
850,2.6023777940374466
851,2.8088073712102486
852,2.488032661927389
853,2.319660394090598
854,2.281190130597334
855,2.3676855467673974
856,2.4099489394150417
857,2.4742691360128495
858,2.421922700070397
859,2.340386348479112
860,2.361851471857326
861,2.240473600751146
862,2.7488090120249966
863,2.6872423110181303
864,2.553247420673272
865,2.769355962360911
866,2.895113148279035
867,2.3748875316323157
868,2.4163473954093835
869,2.3395805099219413
870,2.3531810414874714
871,2.259974997679553
872,2.074825357835992
873,2.028013794337205
874,1.9219100979297605
875,1.8709306700864423
876,1.8750022058294518
877,1.9556192168592925
878,1.9091231022957575
879,1.7631777937224675
880,1.819871401187228
881,1.9126671955297718
882,1.8264884582959584
883,1.6875248067717121
884,2.1722473784393648
885,2.313581274505651
886,2.2541644291061824
887,2.2956948980989633
888,2.346263608915972
889,1.9881283371889642
890,3.2619184883659966
891,3.3802550689416804
892,3.3122870939960127
893,3.445306781375384
894,3.430669144873508
895,3.5869963517963064
896,3.231766332003731
897,3.2472743210634087
898,3.342497972080679
899,3.5556812698421325
900,3.4320604635459224
901,3.3254819887181672
902,2.832140122214715
903,3.2853948640689086
904,2.4480012815137027
905,2.3076937270861535
906,2.8094127299993854
907,3.073491457277991
908,2.9086198673751276
909,2.7365155638771164
910,2.930184794242328
911,2.9491257544466776
912,3.0859897577713604
913,3.005969118067344
914,2.9018802271504383
915,2.84806514141738
916,2.7926008147025785
917,2.909462452324694
918,3.104820797037561
919,3.163210970580205
920,3.3233857080749254
921,2.619223790056671
922,2.5471942053597583
923,2.419918975105834
924,2.4529113881358313
925,2.3298513983510234
926,2.3775873360984274
927,2.4395827845566838
928,2.5044154479643397
929,2.639342494901341
930,2.6031325188537084
931,2.611202817080077
932,2.6308415455602114
933,2.534147583188874
934,2.5719941377235056
935,2.9446489076339293
936,2.925482441077746
937,2.7562805802216297
938,2.936236630600057
939,2.874756797518129
940,2.8661142585318324
941,2.8615534560967237
942,2.8666880932747287
943,2.7988392745087327
944,2.8544252524977436
945,2.928958564888873
946,3.204540640735332
947,3.6956580740320786
948,2.5947736925333658
949,2.525087008384801
950,2.3546021400878594
951,2.4213574322176794
952,2.34062785976844
953,2.3351672444202314
954,2.2413286997993733
955,2.2533614265622153
956,2.1647807415372404
957,1.799960342429087
958,2.0289165889562977
959,2.065873203905646
960,1.8708189179193773
961,1.9231746756984642
962,1.8275242894166046
963,1.8938383139048691
964,1.823593404115549
965,1.7911854064509973
966,1.8831771409329428
967,1.874025254844721
968,2.5677458871452545
969,1.8583607670683124
970,2.6528683104082194
971,3.1514223878695313
972,2.875253864507038
973,2.8787636630452744
974,2.996579700158098
975,2.7858151268048075
976,2.1784295250887653
977,2.908397736012564
978,2.2949015905724997
979,2.8131672733172595
980,2.8052174041170708
981,1.8363480822442577
982,1.7009378605668697
983,1.8994977866289784
984,1.511162760432557
985,1.477481153876998
986,1.5331453322348894
987,1.5668052858520822
988,1.6001856903500586
989,1.6947237098922985
990,1.7280799102205393
991,1.8984623996072283
992,2.0124874131999597
993,2.041972733129
994,2.102960663145617
995,2.0447854542686237
996,2.0951305780106013
997,2.1463873007426506
998,2.0599193353610614
999,1.9407594788379676
1000,1.8643350162571113
1001,1.804699210441588
1002,1.8127224273795806
1003,1.8486001962139993
1004,1.7596122225428479
1005,1.8315763469436168
1006,2.3804128848657347
1007,1.823007703333177
1008,1.7296848889170706
1009,1.5591417026263001
1010,1.6795101170810094
1011,2.8881085093778274
1012,3.1388564342762506
1013,3.516912435681344
1014,3.9017429234248695
1015,4.1787422665952665
1016,4.060051312643284
1017,4.124147787527336
1018,3.7183078216587853
1019,3.5523914272353854
1020,3.4246740960464996
1021,3.3934925116044585
1022,3.3417008882921
1023,3.386586517160358
1024,3.4729131626474037
