,0
0,1.780506089155202
1,1.7304258868451026
2,1.5226717565857335
3,1.4152460423063342
4,1.433690032859517
5,1.2876324873936549
6,1.422120895754585
7,1.2978591910092794
8,1.3448944921921049
9,1.2887105624169017
10,1.3247701599660704
11,1.4485232412065097
12,1.532014841095576
13,1.727677360200775
14,1.7497309867893867
15,1.6739666749537243
16,1.9888130201073133
17,1.784206413166236
18,1.8219912380836563
19,1.7377282673820893
20,1.6903724027847986
21,1.7980478758963978
22,1.8791208545614795
23,1.8749146755543111
24,1.9145304012740623
25,1.8818353802802215
26,1.8886813943438816
27,1.8971060726150608
28,1.8607488770858873
29,1.817817907672274
30,1.698145574102612
31,1.6097978797009949
32,1.5149067329094523
33,1.6052516287995866
34,1.4660880664196654
35,1.451972700164189
36,1.3851948960976714
37,1.5002398889707755
38,1.3692809419429668
39,1.2673939199461182
40,1.2812978454695199
41,1.2238472324324692
42,1.2458341852741053
43,1.2738459656413301
44,1.1952234590401636
45,1.272549580045368
46,1.2401571161360097
47,1.218579600911597
48,1.163642012033069
49,1.1702805873137416
50,1.187960499006048
51,1.1449146302366784
52,1.1689899915813973
53,1.3151441686615526
54,1.2764614024089769
55,1.3807127282727438
56,1.6594556324930148
57,1.5460635434079932
58,1.5543199418860825
59,1.6571166737462963
60,1.7033106049568931
61,1.6682946293718586
62,2.0030405425063056
63,2.2350740229666894
64,2.3266100069060167
65,2.268137963460463
66,2.3151267334558217
67,2.682522981499614
68,2.8548912145941543
69,2.8635448066764897
70,3.257261453441019
71,3.450182013720373
72,4.2933259051948465
73,4.248170622899951
74,4.3706209992791125
75,5.38561516608521
76,5.20100370944347
77,5.229000244070958
78,4.946660505759664
79,4.360239362642995
80,4.760190653676934
81,3.797058263147675
82,4.08918223435724
83,4.2057006942286455
84,3.814475610128237
85,3.8665221922620665
86,4.209434501389942
87,4.16723185427578
88,4.1514317959962925
89,3.8959015763260627
90,4.091436028475011
91,4.17120316885573
92,3.9946740800715856
93,4.051343122917135
94,4.910865011537286
95,5.057223556556958
96,5.081478480189854
97,5.097433854043324
98,5.048845640216588
99,5.111270661181849
100,5.067375853195583
101,4.7698739465956335
102,4.350289992786079
103,4.767613033697518
104,4.998873827005685
105,5.082010324905417
106,4.933489754187547
107,4.90193626232997
108,5.157161713166578
109,3.96036838176252
110,4.83038035318784
111,4.272138836509453
112,3.8878822026582642
113,3.588704919480275
114,3.5166096503711337
115,3.179748972754911
116,3.410745827515928
117,3.345311678998183
118,3.398570146101262
119,3.329535193938393
120,3.3794520194493507
121,3.3638251045460668
122,3.1662791982702037
123,3.349626805323749
124,3.3055322131888634
125,3.3017093785732117
126,3.3287016491729275
127,3.1075404546232086
128,2.931182707258921
129,3.15737208455745
130,3.3618905198546822
131,3.0820276982669212
132,3.3989615930916415
133,3.3949259006773223
134,3.410247128669931
135,3.4194001715110933
136,3.3838045595465345
137,3.492254828554879
138,3.322494338600763
139,3.2699543264303643
140,3.001802674589786
141,3.197217630491462
142,2.6915846481318786
143,2.4631975664837835
144,2.425559381732009
145,2.723787117402589
146,2.550496213699364
147,2.2430218859407054
148,2.233895992051673
149,2.1923974818132126
150,2.16436713134866
151,2.07160768966059
152,1.7678726956950441
153,1.6899368808523334
154,1.652221233201706
155,1.4979818588078295
156,1.6229565266793402
157,1.648156463058642
158,1.595165688664039
159,1.4442048886594725
160,1.4354162015790852
161,1.2948332662507398
162,1.3539384271374575
163,1.2677770625866231
164,1.2679952937652927
165,1.0764007865903575
166,1.2586719564811883
167,1.1869114946809014
168,1.2956724538832431
169,1.539486468644289
170,1.8140172384475708
171,1.7788628009483287
172,1.81260655755871
173,1.742324543737004
174,2.0036638176869084
175,1.742384002098502
176,2.027680535662869
177,1.8277101542812486
178,2.007139889031686
179,2.405748736939028
180,2.129414058509302
181,2.283781490669579
182,2.0994180983778494
183,2.082990220873221
184,2.0381011425117577
185,2.196987631586881
186,2.3156315903323326
187,2.2354611670380478
188,2.141850441187968
189,2.0604073290033114
190,2.031655867604758
191,1.86470014513028
192,2.0051494692098806
193,2.0326789944020884
194,2.061871497477479
195,1.8719405495481547
196,1.9946326232064886
197,2.238959178396207
198,2.219236899410454
199,2.1852619799561173
200,2.4417102500423624
201,2.7412793454531768
202,2.261222893244253
203,2.3832445327710348
204,2.5629020679421757
205,2.4757091208206865
206,2.445625229897427
207,2.4103097988394215
208,2.6038293619927244
209,2.478217445848393
210,2.440870611294389
211,2.4392644032861623
212,2.5204756424464683
213,2.4854260603338347
214,2.5567240879553292
215,2.5189255526904777
216,2.4866138062603467
217,2.2984693570383756
218,2.085277650992451
219,2.062602466322454
220,2.1785210641909343
221,2.062175662659654
222,2.081858160373327
223,2.0146520793068
224,1.927199822269808
225,1.9266369476767633
226,1.7927872137313463
227,1.7328158470863273
228,1.708152746037521
229,1.537931849499962
230,1.6131207441390403
231,1.5835994839170384
232,1.5088080925053358
233,1.5133164955731775
234,1.4487688240019212
235,1.5413307012531532
236,1.509010078154395
237,1.3591187576350365
238,1.509667891429122
239,1.3749739448308633
240,1.344025581673701
241,1.3758701021036959
242,1.3441161720768027
243,1.487660323702502
244,1.4932609856241252
245,1.484306071223828
246,1.443327036636888
247,1.4933268637313224
248,1.5490897582813297
249,1.5000573302398732
250,1.5084695280872815
251,1.645374021222518
252,1.6379588486011312
253,1.4380726447846932
254,1.5234981144436093
255,1.6362967960100163
256,1.4551038238100866
257,1.4405284138812573
258,1.3973072546439456
259,1.4436926931363727
260,1.5998275047969026
261,1.6976999615676462
262,1.6559667103597973
263,1.4586000920948292
264,1.5168817802618935
265,1.3498753577833875
266,1.3678529908716914
267,1.2853820764654618
268,1.2378696407311522
269,1.2145167941528277
270,1.2090431299375788
271,1.2910782635956741
272,1.1860930575169488
273,1.2340895093645932
274,1.2789305753909486
275,1.5234173514094664
276,1.6189540819449646
277,1.8588657296635576
278,1.9704627372590973
279,2.0992422710860064
280,2.3558087215552517
281,2.4479226787007486
282,2.5823385291610013
283,2.9820048852535694
284,3.226161976343304
285,2.94665245806421
286,3.216490214319963
287,2.518529079398919
288,2.4789172724577417
289,2.4589650276322095
290,2.283066589718748
291,2.282174713924803
292,2.118255588990621
293,1.9859685394941224
294,1.9143162795087287
295,1.899641982749944
296,1.7598865166197937
297,1.808003437668356
298,1.7516998654216203
299,1.72357504236071
300,1.7966349111931252
301,1.8376759176920103
302,1.6981063657912026
303,1.6897037211252663
304,1.5558440491991232
305,1.5279841101760567
306,1.5950277157775508
307,1.5129180401670947
308,1.4056219273130848
309,1.4867734751846262
310,1.4218789665812719
311,1.7806561308798357
312,1.51916344512292
313,1.5086636790962589
314,1.4619164552494308
315,1.4707090094696509
316,1.4676013212991028
317,1.378761714862069
318,1.4683398292179826
319,1.3433744095431204
320,1.3473212302708188
321,1.3466693729754855
322,1.4402663453579365
323,1.4644312074172603
324,1.4235737531540311
325,1.4173131173464077
326,1.3376900167387231
327,1.355465666184513
328,1.434407894897105
329,1.4568864919371918
330,1.6331658165082465
331,1.7891728576346264
332,1.8716373200528642
333,1.9013890430257199
334,1.8854370660460784
335,1.8816404876067376
336,1.8591927133096176
337,1.9161266635393093
338,1.7962766663313305
339,1.7179105730739808
340,1.5208442448471464
341,1.311007178928438
342,1.3220788557834293
343,1.3584451644465454
344,1.428378556721843
345,1.3055300684351474
346,1.3518655027898125
347,1.3836329743028684
348,1.4151373022346125
349,1.4593297229038684
350,1.3816552493022016
351,1.408820021375931
352,1.249021143272799
353,1.1916806628286702
354,1.1870506939050145
355,1.0775610880921938
356,1.203076708253212
357,1.1805644638151611
358,1.2613830428717758
359,1.269923662777645
360,1.367946264740252
361,1.437882113744899
362,1.4138656342437452
363,1.506124884049338
364,1.5024940408294514
365,1.4529956359668337
366,1.5040066890556942
367,1.5602070725249617
368,1.728725053960743
369,1.7328246794769233
370,1.7970565193875312
371,1.6864556215673343
372,1.7594404280988694
373,1.8301757604000275
374,1.872095542752375
375,1.9166743946011908
376,1.88930789609154
377,1.8771786783401265
378,1.8634441258970502
379,2.0134633661769974
380,1.9960567810711005
381,2.384354776508617
382,2.369791140783481
383,2.4426103988660044
384,2.4507351153460273
385,2.5188037555523177
386,2.447506244689664
387,2.5446929402217706
388,2.446385753745041
389,2.5005614744371543
390,2.191987147551227
391,2.3533182561296955
392,2.130777079091519
393,2.073566346285046
394,2.1091394553134113
395,2.3291172245827996
396,2.2857540622092007
397,2.3462963687192118
398,2.2931970679286393
399,2.26320434420205
400,2.265735965068321
401,2.274147710164252
402,2.244358013288158
403,2.1264234060055154
404,2.1846323845257922
405,2.1887966248173463
406,2.257502467568665
407,2.251663198563575
408,2.2197413928082295
409,2.367445670443073
410,2.2763555287240784
411,2.5524861917004196
412,2.4641644486842678
413,2.689614668312654
414,2.3797723010699925
415,2.4553923798704083
416,2.4658592080707638
417,2.8773901378307603
418,2.669993945417124
419,3.2078951198317176
420,2.9807163238756558
421,3.1840072514898456
422,3.3131314873383357
423,3.3329481642580077
424,2.9145609168332345
425,2.6369729280714727
426,2.866138472429173
427,2.4919214159050727
428,2.4582744155731997
429,2.405811323637078
430,2.3836912423734296
431,2.395961644959801
432,2.0625305897258848
433,2.114344087500905
434,2.1232055583994733
435,2.0526027787480867
436,1.9219731384562877
437,1.9262728644850287
438,1.734828859045601
439,1.7207110362859854
440,1.835096643498999
441,1.4884999677495958
442,1.6370867907915667
443,1.6492762556466771
444,1.6696310924574087
445,1.6453770872007616
446,1.5165510771985569
447,1.6505978174743339
448,1.4971019644415473
449,1.538244831568878
450,1.5075898444799547
451,1.5108248905170218
452,1.346792482564095
453,1.2619846590859638
454,1.2702258254672116
455,1.288280687853376
456,1.2295985765299626
457,1.180604823296035
458,1.112064221848451
459,1.1822134636119297
460,1.203006405310388
461,1.2218602508887257
462,1.2350014460189587
463,1.278956833902679
464,1.2834941953434806
465,1.415035930347553
466,1.307911640434472
467,1.2024197095120939
468,1.348958816073369
469,1.3636380237173609
470,1.3667661439247412
471,1.492263725040461
472,1.3859727170879268
473,1.3832893328982485
474,1.3465853720571856
475,1.3880923381314039
476,1.669983492085025
477,2.0971014826449923
478,2.3266356952584344
479,1.968929719043664
480,1.9598302412907251
481,1.8015941419078265
482,2.199564102683197
483,2.5772728273371754
484,2.6240589079063272
485,2.4178580074642366
486,2.461171206905775
487,2.3729575904447637
488,2.3864549646316227
489,2.3136280050222298
490,2.077018231418961
491,2.0959585790144026
492,2.118932055985099
493,2.0823235217192892
494,1.8328563605805284
495,1.917579664579491
496,1.8998367075114648
497,1.7881234894980769
498,1.811745310809422
499,1.8884496770200943
500,1.8975707722966197
501,1.8449252673244119
502,1.888816463295271
503,2.010922764385006
504,1.910880188001521
505,1.9316297389637918
506,1.855982757292865
507,1.9149384383834334
508,1.8674317216975982
509,1.8352492559197353
510,1.6190395673329834
511,1.4773586255253846
512,1.3474597610297614
513,1.5680963838584052
514,1.8624877311323462
515,1.840006887061292
516,1.845005310435696
517,1.9108406022541304
518,1.982130377679053
519,2.0353875336588176
520,2.1717023640128317
521,2.3762589567982384
522,2.865185965770548
523,2.642300501140238
524,2.5849279781883765
525,2.953031100416422
526,2.8412933676474483
527,2.572298983307501
528,2.445896255970664
529,2.4145806773917062
530,2.4296354984304385
531,2.7269480467636833
532,2.8546671768073932
533,3.1342601091491282
534,3.2099217619869194
535,3.7225255223688656
536,3.4078735506182296
537,3.5781489804022075
538,3.23949276270084
539,3.543993262868858
540,3.5480881636963475
541,3.534692402495544
542,3.1069776419120085
543,3.4250788061433988
544,3.140319219061928
545,3.1827229683428544
546,3.129765377818275
547,3.1350845738870845
548,3.12306935807994
549,3.1549352065095846
550,3.153804709593659
551,2.861426774794863
552,3.023482693823821
553,3.1016448349897785
554,2.9565323674194723
555,2.9589923922942005
556,2.9293540376254343
557,3.1802467081664934
558,3.3498128315053672
559,3.2902512227318024
560,3.3215353507794965
561,3.150162324290988
562,3.2756107365153753
563,2.9471435528529963
564,2.8634208861515815
565,2.865016174034031
566,3.0164163162928985
567,3.216816280884203
568,3.462796742236163
569,3.3274859923004176
570,3.382037954650628
571,3.384755719521984
572,2.8619894571141042
573,2.84318908250832
574,2.819543452559864
575,2.707716644501471
576,2.777001787261335
577,2.610202778318039
578,2.670063044662038
579,2.5629524633189233
580,2.4517896431333046
581,2.6163693754120168
582,2.760306247615891
583,2.6983962901610226
584,2.9055193656196083
585,3.130859801345494
586,3.1139091132594787
587,3.099796070790794
588,3.0942307175431067
589,4.019625252959945
590,4.299876826196619
591,4.392985018608398
592,4.727766575506333
593,5.219289659676625
594,5.59295269882357
595,5.6258298052185935
596,6.295354407581845
597,5.578181619445251
598,5.234728871887055
599,5.51198718531011
600,5.21069319683445
601,4.924636461200102
602,4.34045039778483
603,4.191019106711436
604,4.744523611008981
605,4.289397601152694
606,4.141365937859287
607,4.03314035791478
608,4.052884644117164
609,4.570422432263307
610,4.8446231314684205
611,4.110103000375372
612,3.9058215604907134
613,3.8420483920123907
614,3.7703660119177487
615,3.569691066458394
616,3.5726866679069462
617,3.6247095011159742
618,3.4755697436819952
619,3.4024170654705435
620,3.61553726719256
621,3.563083069539579
622,3.8228304148858605
623,4.0714131916650125
624,3.9117718556377534
625,3.8681308322198817
626,3.8966397430431567
627,3.8397312794186664
628,3.7919998749398562
629,3.870470025949592
630,4.025218978519257
631,3.8909858281773424
632,4.41117511959352
633,4.414140049480512
634,3.9596430097218343
635,4.279406163523366
636,3.80414236741385
637,3.842583526562383
638,3.838428706757792
639,3.980135810831722
640,3.8562223434614853
641,3.4379418880782744
642,3.569151316217841
643,3.371765640389809
644,3.5227462212871146
645,3.3558119168093388
646,3.5744149691105576
647,3.3932061743050204
648,3.3000201518011893
649,3.4313782899024283
650,3.524189702644554
651,3.671182884141741
652,4.002149399436565
653,4.049496455792266
654,3.9793703215669005
655,3.863933016063926
656,3.554075943709045
657,3.431774819940632
658,3.2644875778510154
659,3.3005066505919687
660,3.1580503638433073
661,3.098756306080231
662,3.110753883017055
663,2.853891767535913
664,2.5795110017108445
665,2.77395425068665
666,2.759200282247548
667,2.5080969219531295
668,2.4388878752969734
669,2.370979219230268
670,2.9984787670392405
671,3.191568158523959
672,3.186621103487685
673,3.0104762899269812
674,2.9502924125428764
675,2.8874636447537934
676,2.7317215184532877
677,2.8459419061962876
678,3.045063589187357
679,3.387201189391394
680,2.915093439682821
681,3.130169231737628
682,2.7009791709628836
683,2.9412432126504497
684,2.8940743221600274
685,2.9307465243150133
686,2.7386322409184665
687,2.8914383079509354
688,2.9158269607258482
689,3.126584083084468
690,3.2355924343156683
691,3.0989739811955856
692,2.950427635651048
693,2.88625972264274
694,2.785081301802491
695,2.8436580038809804
696,2.671634165548538
697,2.8632355941001815
698,2.5699773008118143
699,2.6424137260452314
700,2.723783059702289
701,2.5449632792501866
702,2.425730945610062
703,2.6911272031368725
704,2.5966594801848024
705,2.5554148790117432
706,2.619600855689956
707,2.7211750192687307
708,2.5747035973032637
709,2.3716286914236324
710,2.144484702244513
711,2.0245473205356666
712,2.196864540582844
713,2.4041718413523103
714,2.1844505081784127
715,2.103348595349599
716,2.0347607284690152
717,2.262808303063712
718,2.4540850896807385
719,1.9740562581657197
720,1.9772897248092576
721,1.7179897502271935
722,1.8170205379212478
723,1.8673955280798569
724,1.9003868289631118
725,1.9270851532383417
726,2.1048660738816936
727,2.4141344232150574
728,2.4368023433410686
729,2.445213438363048
730,2.611427522078996
731,2.5085127604424313
732,2.8433703300063238
733,2.809929271998184
734,3.13354862656521
735,3.19628208747747
736,3.1802165636664044
737,3.452921596506973
738,3.739030407896705
739,4.007089988174103
740,4.064512227289942
741,4.5369141078181086
742,4.535013768173928
743,4.334187574088723
744,4.1224341229056485
745,4.253007970151727
746,4.237732895052571
747,4.106063447682904
748,4.461099729999199
749,4.351830372560596
750,4.218793482106666
751,5.278994260698311
752,4.5338810642338
753,4.425925834617362
754,5.363737781623718
755,5.213647960951814
756,5.243869398336144
757,5.2405728503951465
758,5.22577675178162
759,4.312973816448016
760,4.167210664006038
761,4.041429542601895
762,3.9527740330562624
763,4.209882417151786
764,4.003611045654665
765,4.074311931401902
766,4.1548100452758385
767,4.855441176122373
768,4.211128195870898
769,4.008326428977086
770,3.995535649235562
771,4.14507540895003
772,3.8042705021902075
773,3.6033143728997503
774,3.473111291280171
775,3.639250851603005
776,3.813829172780223
777,3.902145136730319
778,3.878753976180033
779,3.7510338584320033
780,3.8367527180932934
781,3.978393622896514
782,4.024980032416847
783,4.20384094818313
784,4.711965213215906
785,4.722124643272707
786,5.002416423500434
787,3.842348127653675
788,3.606676472738733
789,3.5203480814536636
790,3.585386116039529
791,3.5337809926102026
792,3.5511050738045284
793,3.514782695208977
794,3.4281659179452184
795,3.663409362799279
796,3.976294927377224
797,3.7036039998397805
798,4.42757828966877
799,4.916643535807643
800,5.085355503684974
801,5.137781069202058
802,5.0570003068496785
803,5.064578171170033
804,5.10831576461312
805,5.055853926986743
806,5.0145701943494325
807,6.095659961744147
808,6.1208917492419355
809,5.116005398971733
810,6.032170126632171
811,6.086456787041016
812,6.134589579127616
813,6.152393335654776
814,6.060905155806051
815,5.354207342455998
816,5.3867778024181145
817,5.055744704262227
818,4.710501928337088
819,4.838509346010832
820,4.917927300269909
821,4.791176279529632
822,3.9647450039235603
823,3.91171681095466
824,3.9912099125541602
825,3.985248759920331
826,3.9952214171102085
827,4.299593757807698
828,4.308185523972501
829,4.624174999424365
830,4.354132869458332
831,4.734604745302526
832,4.936563540574235
833,4.60608735051303
834,4.516004811383703
835,4.42869240157709
836,4.4295347509733825
837,4.208009420804839
838,4.151535426403827
839,4.128183201828715
840,4.272078547395623
841,4.9527847877060465
842,4.4283433290248935
843,4.0311594747783825
844,4.088441193873133
845,3.770066742601614
846,3.834905251218762
847,3.6451179306995583
848,3.4398060833602684
849,3.450490926536201
850,3.197984512180347
851,3.364837543476109
852,3.4363074618262393
853,3.3261841831754957
854,3.2932067909112437
855,3.502764402176354
856,3.4465858982433177
857,3.3416842818881616
858,3.3769047849083647
859,3.335217435786625
860,3.2958119926266334
861,3.2740544634853017
862,3.294385662656498
863,3.3684975442428233
864,3.306565894523469
865,2.993333167072262
866,3.000951958630252
867,2.9016142056692145
868,3.2948550601521953
869,3.435076272669944
870,4.237218602831491
871,3.5092592763127115
872,3.709483437818424
873,3.5970055888908496
874,3.6481325027295193
875,3.315805050838808
876,3.530440796764323
877,3.4915532057326173
878,3.0486510948509618
879,2.7393045572906933
880,3.011009540171716
881,2.8461196333310834
882,2.936873367358699
883,2.627690580101537
884,2.7343075468365905
885,2.9734800537836734
886,2.852103272859404
887,2.5166417569519157
888,2.50865104965743
889,2.4995032224436913
890,2.2992557926695416
891,2.055619734287322
892,2.0614770415242556
893,1.9302521651996845
894,2.080424895353467
895,2.0070837528069987
896,1.8364601347547511
897,1.9832286521822067
898,1.8610418447776065
899,1.9061176025858837
900,1.8307167420933934
901,1.8590052563439317
902,1.8739217202360223
903,1.5106307782686184
904,1.5225177737373985
905,1.4697446776011616
906,1.369956427972484
907,1.3751605222246348
908,1.355404002030515
909,1.2186042860361521
910,1.1323936130532501
911,1.1581197939581194
912,1.0665395243196047
913,1.0826410439842675
914,1.043977552738476
915,1.0479299901490045
916,1.0560055514720519
917,0.9755786089975206
918,0.9649577445486393
919,0.9749583322236359
920,0.8852137543674163
921,0.8309848836622998
922,0.8118536820438683
923,0.7678219762476081
924,0.7700582473678541
925,0.6651639984366025
926,0.7570034294692322
927,0.7491135167427555
928,0.7598073860483484
929,0.7552546834239955
930,0.7832252264559723
931,0.664787693317104
932,0.6541250012501533
933,0.6526115466008832
934,0.6336002542513807
935,0.6496485902477734
936,0.8054000581141962
937,1.022250581305696
938,1.2443898703303813
939,1.8869966490213035
940,2.564734479330778
941,3.0622305272474724
942,2.845796872595214
943,3.2563320219082916
944,3.191190818716261
945,2.997162497628714
946,2.6962185910704406
947,2.6552962967865534
948,2.631935989294619
949,2.610457727828731
950,2.558957835609056
951,2.685938546948245
952,2.639236692102482
953,2.7878605323957824
954,2.5726771926768826
955,2.5759766759894682
956,2.3134599910308435
957,2.621911306933186
958,2.539280502896643
959,2.7950294199153123
960,3.3376886405845707
961,3.1461660183079396
962,3.845785883391142
963,3.4285499134318322
964,3.377247607804436
965,3.6008831544312567
966,3.8246893102937762
967,3.4872452036336417
968,3.557422596866556
969,3.901269018903257
970,3.7034353374459137
971,3.6406946934729034
972,3.7868029065125297
973,3.467753922922475
974,3.561364564995199
975,3.4574518188693766
976,3.56167222087494
977,3.4039280078922576
978,3.4790694667017905
979,3.0092967831805013
980,2.9511390655568253
981,3.363526955061456
982,3.3968494554667483
983,3.2754292787622914
984,3.1581780961316155
985,2.91315140572691
986,3.2649247270428003
987,3.121732496738636
988,3.241898019780715
989,3.25663787668857
990,3.2088285168407547
991,3.2760220361825176
992,3.5494489616846403
993,3.3667452613018534
994,3.2100554065314846
995,2.9953153294361123
996,3.0772287020569697
997,3.0553116972742833
998,3.3139483715149334
999,3.140439202670236
1000,3.1049271979742388
1001,2.9649437625251065
1002,2.9826799417111967
1003,3.0109658898995004
1004,2.869256226523953
1005,2.4819590168775227
1006,2.4539426717076025
1007,2.242354352368588
1008,2.0483830158260314
1009,2.1645814653317483
1010,2.104982037422246
1011,2.279654982409341
1012,2.035374585032245
1013,1.982226278522112
1014,1.9629559798072638
1015,1.9341579242005866
1016,2.122489768177835
1017,2.315697941630612
1018,2.5363336720438237
1019,2.7897125209526767
1020,2.793735788748637
1021,3.6877547259311845
1022,3.694887696981911
1023,3.388292382357067
1024,2.6276745818510197
1025,2.620930234539612
1026,2.869355676146781
1027,3.138292206238074
1028,2.7433485301735248
1029,2.9907985221298845
1030,3.2294090578785286
1031,3.094924285880998
1032,3.990718853796131
1033,4.03232836665234
1034,4.497853027333741
1035,4.415356445958873
1036,5.2392296994465966
1037,5.264121149030268
1038,5.408873612232774
1039,5.246301590037194
1040,5.362655856986342
1041,5.270119007901619
1042,5.292787433000943
1043,5.040564704187824
1044,6.13910195153717
1045,5.085353752157811
1046,5.306142654840766
1047,5.475400825841097
1048,5.399829206587106
1049,5.752504465474544
1050,6.136489205940102
1051,5.297243693582727
1052,4.845441200331949
1053,5.920502914890212
1054,4.856746232166064
1055,4.821532920032656
1056,4.297826651746277
1057,3.9397982975758343
1058,3.9523985935994066
1059,4.096590313481405
1060,3.817444885475313
1061,3.9410856561617407
1062,3.641361875591119
1063,3.8441865719772843
1064,3.52348179511837
1065,3.828005722691528
1066,3.587648465650464
1067,3.647260251089999
1068,3.662037538187469
1069,3.85684945352416
1070,3.852703700217238
1071,3.805687582100215
1072,3.889388481395885
1073,3.7177849904022615
1074,3.675031809193631
1075,3.5992545276565733
1076,3.999064258170997
1077,3.7727218838177294
1078,3.3700962677983948
1079,3.4826208939303935
1080,3.4365089657683656
1081,3.3469129408010114
1082,3.1282539866477714
1083,2.988499018103887
1084,2.8871528550779226
1085,2.9274491624305505
1086,2.8324917099710056
1087,2.9108631585860874
1088,2.882987926332927
1089,2.985087449958178
1090,2.9621699496759835
1091,3.0068757913741098
1092,2.863424827053571
1093,2.4916893465692547
1094,2.4420524285917096
1095,2.4705833110401727
1096,2.4122545069070234
1097,2.4489660825945436
1098,2.407663086560349
1099,2.373006918097956
1100,2.2804560585072786
1101,2.270030836762809
1102,1.9479831942821004
1103,1.9333859241123859
1104,2.0612598289013246
1105,1.9107703534705027
1106,1.9942748592565516
1107,2.4086550595261005
1108,2.8404017728656057
1109,2.7827193368974186
1110,2.9179899354867236
1111,3.061369394221832
1112,3.2256972020198105
1113,3.0051140655443844
1114,3.143463458032748
1115,2.9737213472852884
1116,2.8442497401669447
1117,2.541505728528466
1118,2.385913118066748
1119,2.18895487315856
1120,2.0732583359372487
1121,2.0986317841427793
1122,2.027628741306507
1123,2.183665291607855
1124,2.1506562115324255
1125,2.090038683367061
1126,1.9517104536281986
1127,1.9128579695785308
1128,1.6718918870153483
1129,1.7602486029090163
1130,1.6364002833034534
1131,1.606725710856012
1132,1.5406630893424256
1133,1.5246445454762882
1134,1.487268589073869
1135,1.5576622062752312
1136,1.6343110490796107
1137,1.6101644626392126
1138,1.636038391386195
1139,1.6147103310408493
1140,1.563084452177214
1141,1.5873394729975125
1142,1.6141251035313569
1143,1.72862798000635
1144,1.8613357103260209
1145,1.8586991269556747
1146,1.8437088862380178
1147,1.8222285008767456
1148,1.8595617115890397
1149,1.851276202222867
1150,1.9426763386015236
1151,1.9444270830237254
1152,2.142944358943089
1153,1.9842214360994848
1154,2.045853839381038
1155,2.0403795794178183
1156,1.7853393171574212
1157,2.056189546027375
1158,1.975414574155974
1159,1.96856120219563
1160,1.935616928744983
1161,1.8557992187157941
1162,1.8548764850076052
1163,2.0117307734386367
1164,1.9295224740846053
1165,2.046788596720453
1166,1.9175650461800235
1167,1.7700890685482382
1168,1.7652227866121895
1169,1.8162401765665686
1170,1.9072898560737483
1171,1.9136929840190806
1172,1.9215147549414684
1173,2.1384972856772917
1174,1.8774958409160412
1175,2.1392064703743894
1176,2.144374298129563
1177,2.1636693552765123
1178,2.2557227088163616
1179,2.287877505107423
1180,2.544076624542097
1181,2.909245351735044
1182,2.9679914722269456
1183,2.798734045700105
1184,3.2233971269817867
1185,2.7556432482588358
1186,3.090638686096566
1187,3.201113385590562
1188,3.3144809526419263
1189,3.5295220980563733
1190,3.1905262900392493
1191,3.284946629144978
1192,3.632498108255221
1193,3.6750900639588484
1194,3.7156878195016634
1195,3.634659848313622
1196,3.3786331803656315
1197,3.421768960882859
1198,3.5671095905919743
1199,3.615262476596526
1200,3.4814611351838627
1201,3.6633046684967905
1202,3.629306049545772
1203,3.736694615305587
1204,3.885380010765583
1205,3.7690313130301174
1206,3.7572738841132733
1207,3.932964270343171
1208,4.877161465955321
1209,4.972476627998037
1210,4.9656636955948885
1211,4.95701115112746
1212,5.135546519841814
1213,6.292166712159479
1214,5.527568193875955
1215,6.292164414591725
1216,5.568424627926535
1217,5.113153506257614
1218,5.057081530986327
1219,4.853369440595524
1220,4.841709829924081
1221,4.934738221483908
1222,4.368366765220931
1223,4.204477089804931
1224,4.180156167246056
1225,4.66358424263458
1226,4.754493151097588
1227,3.9520970151954202
1228,4.783148809871989
1229,4.217473641600302
1230,3.7825190966381586
1231,3.815733527836007
1232,4.372939653876263
1233,3.655793950417917
1234,3.7923266115451497
1235,3.9801756732474898
1236,4.33693290089561
1237,3.560247185865452
1238,4.110059875765151
1239,3.5629560301192345
1240,3.641563109322226
1241,3.393642373132665
1242,3.3858394547702235
1243,3.3917193906700716
1244,3.378773894256276
1245,3.5895953978839543
1246,3.7091246134136635
1247,3.9785637983356223
1248,3.807795048826777
1249,4.007888494548781
1250,4.131257794228594
1251,3.920128292577229
1252,3.8867576429681763
1253,4.148648499083909
1254,4.254109551333165
1255,3.930094979666639
1256,3.9853033036766368
1257,5.024010071583964
1258,4.574569810996893
1259,3.8153299014340813
1260,3.7785791654742784
1261,3.9699128614870505
1262,4.851331712517616
1263,4.8204795591048
1264,5.24288984005353
1265,5.787131287105078
1266,5.723555152939143
1267,4.982944865217038
1268,4.8846918914400845
1269,4.901389363237744
1270,4.803901543637006
1271,4.658920164990116
1272,4.17796581261831
1273,3.7794381146569007
1274,3.904028080730724
1275,3.9310906262467515
1276,4.11127888094694
1277,3.7929285857858943
1278,4.018658530823388
1279,3.904406353373813
1280,4.069732568024998
1281,3.8014337614612823
1282,3.6404968253313696
1283,3.7056812220222377
1284,3.7442020604327872
1285,4.012791837311778
1286,4.358436072483692
1287,3.9194975864156993
1288,3.9782859624313947
1289,4.149633411014273
1290,4.889347648212187
1291,4.944296671115998
1292,4.869553507471181
1293,4.41709064204131
1294,4.750495663492996
1295,4.264625429947002
1296,4.902553003150312
1297,5.112792327848746
1298,5.144376246661558
1299,5.169671073805147
1300,5.064208942074954
1301,5.24479506572744
1302,5.15871450865288
1303,5.111273778357401
1304,4.785785232499628
1305,4.725618821260529
1306,4.821679547935751
1307,4.32121289391854
1308,4.585536489134122
1309,4.936696018424838
1310,4.199775604478554
1311,4.75634292436131
1312,4.163486241486762
1313,4.281129840411102
1314,3.7877192758767952
1315,3.68614567737538
1316,3.7752667888467486
1317,3.654416733514125
1318,3.5757279731257
1319,3.5139850158560066
1320,3.426552960677446
1321,3.183992820865126
1322,3.464189249116457
1323,3.166418975478113
1324,2.885261866504975
1325,2.8377432986536277
1326,2.6284687408975937
1327,2.801968421244383
1328,2.6046449477058315
1329,2.5419764044374697
1330,2.5971638679860876
1331,2.2642925048324196
1332,2.1828774142775447
1333,2.2481703955216807
1334,2.4420328710393675
1335,2.614235000997238
1336,2.599320612120838
1337,2.734962786664961
1338,2.6591574193660925
1339,2.806534675938313
1340,2.9276448540496642
1341,3.262947473136518
1342,3.1319210096455916
1343,3.160771809818683
1344,2.973151567330322
1345,2.971732993645115
1346,3.0719237032373794
1347,3.2295694679408844
1348,3.3934109311407044
1349,3.6832279616293433
1350,4.00161194877348
1351,3.615706787772234
1352,4.082855791926349
1353,4.260944077956165
1354,4.202636799045469
1355,4.265840816303575
1356,4.133741153446651
1357,4.279666461706745
1358,4.125654855888308
1359,4.372158726311481
1360,4.132517532676008
1361,5.197584247747109
1362,5.206657761113175
1363,4.338923486379515
1364,4.984369441677145
1365,4.683094603275413
1366,4.148532723732414
1367,3.6921017724817666
1368,3.4300732092399477
1369,3.361888133331122
1370,3.3431103749195032
1371,3.10825354455595
1372,3.077731817702626
1373,3.34376197137434
1374,3.148913264217625
1375,3.589646273838474
1376,3.334762419273989
1377,3.30236881920368
1378,3.5402525766104924
1379,3.1787933365096066
1380,3.1135140367044722
1381,3.388506098014044
1382,2.7806036223340325
1383,2.987982956288491
1384,3.126074457696809
1385,3.361454280831529
1386,3.341483317567798
1387,3.3669308812435723
1388,3.338387174871921
1389,3.783940495906743
1390,3.5958838599443324
1391,3.331752501552812
1392,3.52194606116036
1393,3.347151210307319
1394,3.342656859120832
1395,2.9111058206182827
1396,2.774660325897625
1397,2.945800673143908
1398,3.0882670857499126
1399,3.1683849186217405
1400,3.193364441916264
1401,3.3653214891871013
1402,3.4062022334717885
1403,3.3652050000074714
1404,3.2007381655467984
1405,3.2216551836813316
1406,3.253698240396873
1407,3.3396635084619906
1408,3.523107460089546
1409,3.38755725316189
1410,3.533022905623565
1411,4.107128458777229
1412,4.395379127591259
1413,4.34820024435255
1414,4.594290626120367
1415,4.365787528530557
1416,4.342958614502017
1417,5.185475270499982
1418,4.940586181156681
1419,3.796849691554932
1420,3.5710334542601467
1421,3.5710522420109063
1422,3.5468951871277783
1423,3.4900659747260274
1424,3.324806858375945
1425,3.196198627641257
1426,3.2908466457289807
1427,3.199196016529297
1428,3.2830203920529777
1429,3.13892486695424
1430,3.5381560032568204
1431,3.252795379801927
1432,3.496276174241478
1433,3.5429161334584167
1434,3.346571419612063
1435,3.3616199439864376
1436,3.4237094511684045
1437,3.5330334228760223
1438,3.522475770561463
1439,3.8198701647683913
1440,3.6216797799874696
1441,3.8143503680702384
1442,3.9211858854541366
1443,3.5615931062371886
1444,3.365645906735212
1445,3.483253687044261
1446,3.378375732275846
1447,3.3028232353542695
1448,3.0616835623719956
1449,3.318796234631026
1450,3.0222710788701908
1451,3.0037234257719367
1452,2.8913277529039596
1453,2.72465527240135
1454,2.7970955816970857
1455,2.7694337247822847
1456,2.871260552722826
1457,2.954021491494218
1458,2.7506317006229475
1459,2.647894138510772
1460,2.554334532789037
1461,2.636824491317692
1462,2.5845525569222523
1463,2.4798772272376386
1464,2.726169570548799
1465,2.604053848345939
1466,2.644127614057007
1467,2.7436032551078444
1468,2.5448067099500125
1469,2.5829748309964446
1470,2.5553174847137394
1471,2.447093949685737
1472,2.454683231220414
1473,2.385750231957977
1474,2.2204003254864157
1475,2.066574468079319
1476,1.9855618908410224
1477,2.0266891367599933
1478,1.969684111250642
1479,1.9611677555787796
1480,1.9581560531593802
1481,1.9465518608644725
1482,1.8293517146999994
1483,1.7453747117857812
1484,1.8353692137240123
1485,1.7814530707293215
1486,1.813726728455433
1487,1.7009326204997717
1488,1.830963452117234
1489,1.8043695487177185
1490,1.8350752570965925
1491,1.750135816547948
1492,1.7387007974370707
1493,1.7284953822229905
1494,1.5185515899984363
1495,1.6851329502191112
1496,1.494546348717484
1497,1.6306488004148436
1498,1.7076123773670442
1499,1.5367373551883052
1500,1.4078215849235776
1501,1.5248634912276706
1502,1.4468710609573476
1503,1.341183524566322
1504,1.3412393281973645
1505,1.4215841400299136
1506,1.5074822265524088
1507,1.5215338733762966
1508,1.494675009302471
1509,1.52855695478236
1510,1.6478289986895167
1511,1.5447807753979474
1512,1.7979521142812924
1513,1.9199042768031414
1514,2.2673669720625376
1515,2.354056718955098
1516,2.4239822610676685
1517,2.5101179413900208
1518,2.3649170482003923
1519,2.4172320537886485
1520,2.324602945687472
1521,2.4217770663643856
1522,2.5917504428280638
1523,2.4892392836827084
1524,2.4042026951948463
1525,2.396418347245615
1526,2.400797941161429
1527,3.280996170470023
1528,3.6779358052206597
1529,3.6797419049486098
1530,3.8451143106775967
1531,3.6901486405586077
1532,3.153920207842255
1533,3.149712192648762
1534,3.192706143996355
1535,2.9263588148945665
1536,3.014791610150102
1537,2.9700360904679486
1538,3.3546724393371883
1539,2.8571329025023906
1540,2.985440321076698
1541,2.8222543007667404
1542,2.997609951788181
1543,2.9054737122871077
1544,3.3694893620568207
1545,2.825460538267381
1546,2.9933685451967116
1547,2.8500270157775005
1548,2.877565040035184
1549,2.734506001283721
1550,2.733261795973739
1551,3.012879123508226
1552,3.3635213793501735
1553,3.7853311611524894
1554,4.017439847231519
1555,4.204479148430461
1556,4.194530461963402
1557,3.75585691542876
1558,3.5576781637323274
1559,3.5376680960638733
1560,3.4873810273016477
1561,3.694282131491946
1562,3.5715901890480133
1563,3.1962397527161386
1564,3.8841234350073317
1565,3.4356094020861425
1566,3.627363246384958
1567,3.9013611217250395
1568,3.4477536540083475
1569,3.4161809563808525
1570,3.3155652553495165
1571,3.226366737148192
1572,3.0504840540968265
1573,2.8271309345056745
1574,3.2342862174216016
1575,3.2982508144958547
1576,3.369563233218526
1577,3.4110160647725745
1578,3.390099628688247
1579,3.329419800865989
1580,3.3934601619659466
1581,3.3227160781085363
1582,3.3533130141294643
1583,3.0332480315729153
1584,3.2194695403307674
1585,3.3456536215756887
1586,3.4219510686051273
1587,3.378041631763725
1588,3.670073730573475
1589,3.7075042592834455
1590,4.050738971593862
1591,4.167426026914437
1592,4.140856861377143
1593,4.5803923688936745
1594,5.4454274078670135
1595,6.1966929599832286
1596,6.341760191002954
1597,6.410134869515931
1598,6.262937252000345
1599,6.188623408400247
1600,5.483358598786438
1601,5.436670632572314
1602,5.160878331721909
1603,5.096305111007117
1604,5.049197098537336
1605,5.305794716081081
1606,4.477803329099335
1607,4.800522408264476
1608,4.981955386049317
1609,4.222910332782389
1610,4.168610083658473
1611,4.739292978068335
1612,5.258613624088829
1613,5.01413691970812
1614,6.246554375222843
1615,6.290956624950369
1616,6.34095083920942
1617,5.4220716255648425
1618,4.882778309082507
1619,5.473467980539802
1620,4.89462746792038
1621,5.9587137210934955
1622,4.998971164064608
1623,6.100464498926543
1624,6.152764415675912
1625,5.811859788990217
1626,6.015970385528353
1627,6.0840186571418
1628,5.249664052695841
1629,5.19320774348837
1630,4.7490565108957865
1631,4.607824328211943
1632,3.9993579033120095
1633,3.9646286549741467
1634,4.1817460046476675
1635,4.0936505987121095
1636,3.788697262981009
1637,3.78052506270094
1638,4.191903391707253
1639,4.259405878520377
1640,3.752119533454064
1641,4.550068947974447
1642,4.716667133298298
1643,4.7809192171848895
1644,4.36051744954995
1645,4.566568162723456
1646,4.347674940443585
1647,4.334937263510913
1648,3.6803028383950616
1649,3.505859847333318
1650,3.500603576339411
1651,3.4649275484422284
1652,3.4430182394309368
1653,3.580242336180032
1654,3.3771605087387506
1655,3.7727771887736683
1656,4.388941825330021
1657,4.505876763919378
1658,5.0485108914380445
1659,5.395969937711914
1660,6.15712548407801
1661,5.208335577161223
1662,5.174545720907272
1663,5.06504686935554
1664,4.974540510017991
1665,4.713332718742102
1666,4.852642782527547
1667,4.196852598934368
1668,4.140610825613893
1669,3.9238256798765945
1670,3.5844711020447058
1671,3.6055807430180598
1672,3.8933323181365536
1673,3.9356236565287417
1674,3.645910445404926
1675,3.730949152681809
1676,3.807962572820653
1677,3.7169769428287402
1678,3.6814025908822794
1679,4.355838332486252
1680,5.134675373737271
1681,4.988077031354986
1682,4.020169105386552
1683,4.216362996805342
1684,3.8717717588916005
1685,3.419916594256113
1686,3.7386991271932195
1687,3.876513708129999
1688,3.93092695059002
1689,3.7378242158829633
1690,3.876780315535512
1691,4.374717990041697
1692,3.900129788027357
1693,3.9605033379361307
1694,4.657992525432274
1695,5.091304643434819
1696,5.250033230953014
1697,5.023054383125294
1698,5.010942840940798
1699,5.009364059902736
1700,4.943890021575459
1701,4.767624738447823
1702,4.047850292744788
1703,4.073486778881228
1704,3.845574967743725
1705,4.239403196471945
1706,3.8603372523590442
1707,3.686556496070545
1708,3.959340350887105
1709,3.8281020757963535
1710,3.9624275503221584
1711,3.6114596377565045
1712,3.6038460431186867
1713,3.3850529227736192
1714,3.308612585538996
1715,2.929028589163475
1716,3.313228138829256
1717,3.001876899225557
1718,2.668852561989155
1719,2.9125182650914185
1720,2.7456452794025825
1721,2.8727730399658746
1722,2.978776866132974
1723,3.371091504112118
1724,3.514970311940089
1725,3.5218645561032886
1726,3.37661697901368
1727,3.3014240207894097
1728,3.2684981867397744
1729,3.437610720710526
1730,3.2719838347679295
1731,3.31152358131251
