,0
0,1.2147512961509153
1,1.197529400202125
2,1.2041192131878076
3,1.3171146867390924
4,1.3466398196951874
5,1.2423991450160694
6,1.2864117082768824
7,1.2579459701101345
8,1.3580611891827137
9,1.5499750257732443
10,1.3594763060512414
11,1.3499730337429896
12,1.5304816226380904
13,1.491901011085563
14,1.53536581050615
15,1.3283924977166468
16,1.4767842133143456
17,1.2997288038908605
18,1.4351808579902217
19,1.502098863790902
20,1.4010786877105748
21,1.5554049918812525
22,1.2903466713867136
23,1.3231933916111653
24,1.2627305614591062
25,1.2503482631723166
26,1.2876441036730137
27,1.302052446951387
28,1.3065154761557782
29,1.2353125855561888
30,1.1587483791807272
31,1.1685039315869705
32,1.0947732449860679
33,1.0064643680609622
34,1.007484222453073
35,0.9555885042235914
36,0.9749322207555314
37,0.9874024670719798
38,1.0078189440903307
39,0.9588924551131124
40,0.9906977384224369
41,1.0357067335824428
42,1.118555812953685
43,1.2277628683153652
44,1.2474147420597874
45,1.2235873519151033
46,1.2632630063838146
47,1.2338719433627945
48,1.2057376096334933
49,1.1966116166137157
50,1.167781212210897
51,1.2056389466145776
52,1.4153161412518558
53,1.3220810570068275
54,1.4198144624239855
55,1.6190458928079834
56,1.6126393501550038
57,1.856528693932361
58,1.9882611935827998
59,2.5073123785550973
60,2.551373618663168
61,3.0360708956550635
62,3.6131957598475033
63,4.124399037374439
64,4.599211331664763
65,4.651250413444348
66,4.835272512236798
67,5.0865931952140455
68,6.140835698556594
69,6.292623099621125
70,5.512328973019323
71,5.988980096341694
72,5.463648677459426
73,5.777352744075758
74,5.817273524480632
75,5.868038487624436
76,5.75877864778444
77,5.687642662643098
78,5.696796166637288
79,5.813273321818487
80,5.821721246221419
81,5.838914249699614
82,5.849173508958872
83,5.864382096667459
84,5.860461156496519
85,5.876825233777263
86,5.880939155734935
87,5.7358004600041825
88,5.754667794747441
89,5.793930245146873
90,5.719168006356857
91,5.683965082744154
92,5.737776039897352
93,5.6028737225002
94,5.724004775667755
95,5.333460478594268
96,5.169481649400301
97,4.883431376737487
98,4.5879689354525
99,4.162211710529159
100,4.127793787092814
101,4.055499592131541
102,3.9137403278302054
103,3.732523746355118
104,3.1071795561765434
105,3.467955508034425
106,3.3486498559468925
107,3.4671365236013103
108,3.4113527417931717
109,3.352858530090578
110,3.4615358411825627
111,3.455089641323064
112,3.467952202335528
113,3.52682967650141
114,3.5237984832854807
115,3.389524617968747
116,3.3575576329870764
117,3.391006982201091
118,3.303450553284128
119,3.303137636176817
120,3.3429368918649844
121,3.267827033951529
122,3.2594164743607594
123,3.3429090465571667
124,3.3149082770747094
125,2.8995829621418467
126,2.6491812678501168
127,2.4682301248523757
128,2.1318317524218497
129,2.1080893421559908
130,2.0039441086180974
131,1.990066631999304
132,1.74059847800693
133,1.7207294143993086
134,1.5989889695945425
135,1.5426104814358017
136,1.6317431351328695
137,1.4524638605186675
138,1.488360973989395
139,1.434997211361557
140,1.3273842971287628
141,1.306200351347195
142,1.3983144880429805
143,1.4205295211216435
144,1.4079019272222604
145,1.5569681728221358
146,1.5592981151893803
147,1.669556937381987
148,1.758105504217629
149,1.971335570531025
150,2.3122455667281328
151,2.564768292845138
152,2.890555930268751
153,2.9178152199653455
154,3.386155066353266
155,3.893897663645657
156,4.1662004467177916
157,4.313878057506482
158,4.410882865252887
159,4.365690380591935
160,4.343357093601242
161,5.422173505242929
162,6.0260174368204105
163,5.686579560478003
164,5.5448423450697675
165,5.131589591277582
166,5.310127942754554
167,5.481502299322562
168,5.698381337481489
169,5.78714964342253
170,5.699273736515509
171,5.770864902461569
172,5.8263607040762535
173,5.8141948645254535
174,5.102176097958269
175,5.037541203460948
176,5.314873360004339
177,5.249247642148027
178,5.250401721116117
179,5.25101452074689
180,5.5239967331768876
181,5.255086597640821
182,5.237989830251621
183,5.165574411825175
184,5.154995467902741
185,4.2245046316174015
186,3.8969730542188614
187,4.161719706570502
188,4.06728522041251
189,3.938562710344787
190,3.870831363119997
191,4.180255947081194
192,4.017265860442963
193,4.4029639649552985
194,4.106793837563877
195,4.353128715456728
196,3.889316982779929
197,3.7120501500106875
198,3.3014388360708953
199,3.7224028173561634
200,3.4353258401218274
201,3.1276054130210214
202,3.218643442521505
203,2.894114470344615
204,3.203739022999422
205,3.267665569069338
206,3.382023551919995
207,3.2968983794543028
208,3.309824265433762
209,2.9100374436075525
210,3.075756748872844
211,2.976043847183564
212,2.775995977284015
213,2.9103367369280275
214,2.68114670795978
215,2.667657415005344
216,2.8270443164615537
217,2.7516959264527925
218,3.1182113303928825
219,3.1379902046648196
220,2.887816315412426
221,3.0018019586557827
222,2.5652006263327123
223,2.52105107659577
224,2.5929279285096714
225,2.423659818197821
226,2.5901457668356995
227,2.486646110810925
228,2.5397454587719888
229,2.5797373175381413
230,2.5747804929286455
231,2.469394448485263
232,2.5188349820551648
233,2.5473340228831707
234,2.2692681453541286
235,2.2989201378223
236,2.247837421412404
237,2.177738550610228
238,2.031519915465518
239,1.9979280309250587
240,1.7359284348286728
241,1.6643759034166459
242,1.8047118537720521
243,1.972056661708956
244,1.8261917749707213
245,1.6981734437534546
246,1.5898377063614864
247,1.563300293854866
248,1.4807784173055512
249,1.3887085422878331
250,1.3697627068454044
251,1.3011902268588704
252,1.3138022852648317
253,1.4485262240211465
254,1.3552976146291373
255,1.4088243626240937
256,1.420694226517828
257,1.3370292436823272
258,1.1454785702478403
259,1.1325620168423982
260,1.0865835185086943
261,1.3465941055314747
262,1.462096983867105
263,1.6278277709138798
264,1.6455080187084683
265,1.8487155569322584
266,2.519702248162318
267,2.7834519116775396
268,3.2394004020751113
269,3.3947098971471696
270,3.312974256456835
271,3.0511423426638453
272,2.958789713318408
273,2.738292036561643
274,2.47308570712191
275,2.49583953686226
276,2.4399181358309776
277,2.6391265713429117
278,2.533648324572371
279,3.1386865560620243
280,2.9691845545477666
281,3.138952255918968
282,2.522006664782445
283,2.3838114622982056
284,2.519303500494007
285,2.2900705918480972
286,2.088402655367214
287,1.8522095252068183
288,2.0786056518455336
289,2.221872902210108
290,2.546545416034614
291,2.206876048756784
292,2.440088190219317
293,2.2358309640056735
294,2.2099988312993992
295,2.2523077414268107
296,2.1272385360845774
297,2.0221534375827175
298,1.891892864117364
299,2.126750963638912
300,2.151661993382447
301,2.13385958250264
302,2.0373496575297505
303,2.0489195138301
304,2.169746047984846
305,2.0443384489743535
306,1.9548220167615575
307,1.9014753927745882
308,1.6646872092546365
309,1.662998494562343
310,1.63406475413229
311,1.5701955615846024
312,1.565129981949663
313,1.5726910831011407
314,1.6492156156685671
315,1.5982461256797442
316,1.580635725578662
317,1.5275102371131943
318,1.5190995866332249
319,1.2747455497485756
320,1.3618230528077127
321,1.4712607788754883
322,1.4930743310640404
323,1.5926556476306155
324,1.6184200855670439
325,1.6033937978473405
326,1.67285197478971
327,1.6634081219564514
328,1.6697875155038429
329,1.7043945592095018
330,1.6212831752872858
331,1.553315914223918
332,1.423967548559001
333,1.4443026880768357
334,1.6715566410527465
335,1.8863874473690418
336,1.8703395404362968
337,2.154662019018187
338,2.0765995862482813
339,2.4531373215053978
340,2.3099082738731886
341,2.013663962215759
342,1.7545638127609657
343,2.0114476114328985
344,1.8542810449790672
345,1.798883932174563
346,1.8140121154090085
347,1.6977736728189297
348,1.7440243672478573
349,1.6956152051374467
350,1.8610548994995404
351,1.757095025134578
352,1.7098905601330197
353,1.8344134507181276
354,1.8543962301890027
355,1.845567167327754
356,1.9466309942550224
357,1.9335545729568833
358,1.9193096220114967
359,1.9582292780053399
360,1.9477780072735627
361,1.934500337029629
362,1.8962953262435782
363,1.8882838946027765
364,1.9645353376868393
365,1.9590552400934687
366,1.9687788534182593
367,1.8877978931336934
368,2.0292121397803844
369,2.1431621039197633
370,2.1762304790872067
371,2.1444431200427054
372,2.1562001268595443
373,2.2147005349098334
374,2.1121018912049334
375,2.3352026088838014
376,2.2072662458965877
377,2.4520602824669657
378,2.4672681717190668
379,2.644769933584117
380,2.6868249738589567
381,2.4480440047270937
382,2.2778538411166513
383,2.217752958885714
384,2.4940297490541536
385,2.422718167633346
386,2.634352209070431
387,2.6873305310636493
388,3.045417449395965
389,3.310724403546169
390,3.452365912907167
391,3.339311482697889
392,3.4526704942111444
393,3.4278223598974384
394,3.1488398382193585
395,3.0092828574788824
396,2.9246998356735654
397,2.897688695532449
398,2.9482165086482115
399,2.8777500075789018
400,2.8773306925392896
401,2.9375688322811544
402,3.045500881114754
403,3.241516024468289
404,3.2364040041756863
405,3.376341823763651
406,3.3761626666388067
407,3.274005112732615
408,3.3198453036230022
409,3.708756959406903
410,3.283957556363706
411,3.2653612710389623
412,3.0996930609751505
413,3.053667900050274
414,3.5071426195082935
415,3.473363294939471
416,3.27630823542845
417,3.461239217868794
418,3.083480459203146
419,3.0376424095159376
420,2.771330099450799
421,3.0405203209283
422,2.9458948725667184
423,3.0313261576445107
424,2.746917133174858
425,2.650642443035898
426,2.7056391934672623
427,2.719521100923227
428,2.730548652169481
429,2.435790388615204
430,2.3265236188989107
431,2.1898594420821227
432,2.204871615416298
433,2.164248954035746
434,2.1667913410631505
435,2.1125949886566513
436,2.125668462404885
437,2.156655554975042
438,2.1058997448622434
439,2.061114335983045
440,2.0405741714709396
441,2.042911091757214
442,2.0149110782194586
443,1.8769893952845078
444,1.6505771995727605
445,1.6355523470173596
446,1.8303224995139626
447,1.656009421433865
448,1.6769734637604647
449,1.7127301205759304
450,1.8895444671711865
451,1.732188874261567
452,1.9423775339436253
453,1.9418401679581128
454,1.7579098424943769
455,1.632885766174296
456,1.5080971330893373
457,1.4769249915991476
458,1.4520069580854276
459,1.465335956106167
460,1.300612387167132
461,1.2995118075717071
462,1.4165402958683913
463,1.4099890907367858
464,1.4067511232946606
465,1.4102697532909678
466,1.4569718108132557
467,1.3642205722129954
468,1.2956881323728562
469,1.0953598177992185
470,1.1191001907039226
471,1.067246095141222
472,1.1078661468326125
473,1.1208758903462985
474,1.1342102481309055
475,1.1709463452386943
476,1.1354518418394304
477,1.1576078124337112
478,1.2300455852742747
479,1.245856460601051
480,1.3600014229892592
481,1.3079519151741412
482,1.248068883941765
483,1.2775207803883077
484,1.1741125894746014
485,1.1880122564989428
486,1.2319487436288121
487,1.5131419171777847
488,1.6632817440907874
489,1.627844535564924
490,1.7364181739959055
491,1.5795659827255577
492,1.5075928516490154
493,1.491483256350942
494,1.3503979530555876
495,1.385136377311333
496,1.4885400784413974
497,1.53371719766696
498,1.5364899284356628
499,1.507060946254641
500,1.7698867736710349
501,1.9384789344890974
502,2.271201775203903
503,2.4979881320801596
504,2.2960964011948177
505,2.2808160197840466
506,2.052619167088885
507,1.976536529116742
508,2.234239247828873
509,1.9171995179865362
510,2.082372229048146
511,2.1296362150321073
512,2.1011907574390714
513,2.2522718481760924
514,2.348932168870048
515,2.492849670361631
516,2.2883287906214873
517,2.1497341390148508
518,2.402211579300351
519,2.40097884394614
520,2.5649354389229115
521,2.6971181737328225
522,2.892234028625928
523,2.9369543172532575
524,3.3445576923454534
525,3.2727089810098446
526,3.730772927671651
527,4.432105740363143
528,4.12766503096107
529,3.888573552513826
530,3.9255806130431363
531,4.452468563371207
532,4.366128033324623
533,4.425927603059322
534,4.32989226961713
535,4.750115392782137
536,4.803173299866382
537,5.401130155873389
538,5.191874318860521
539,4.946271066901611
540,4.699600694037806
541,4.085800349942447
542,4.219206147684464
543,4.149075493674272
544,3.70060234837977
545,4.143861673521496
546,4.04687036145325
547,4.3964592749759595
548,4.14139462926704
549,4.585760083566538
550,4.021805628998658
551,4.029259937089165
552,3.585748876329607
553,3.2573544099257736
554,2.8447940462049055
555,2.707861633671926
556,2.613947934740825
557,2.6907742299481723
558,2.652215568253016
559,2.8101587718900523
560,2.8916558711029463
561,2.734545425532244
562,2.9495253480868002
563,2.942627660733131
564,3.130347980862461
565,3.222586425754934
566,2.7101748332307096
567,2.880793163354058
568,2.625189945222081
569,2.5739741231381736
570,2.5637778916477365
571,2.6087290083325554
572,2.6010165903713975
573,2.52940748330866
574,2.4200781678556944
575,2.4739789447603284
576,2.659624431863966
577,2.7383288710713223
578,3.1101310121356205
579,3.376083866159739
580,4.368306515334038
581,4.609214203888892
582,4.612455231294006
583,4.067926322724853
584,4.77579708786426
585,4.888666378348341
586,4.030603570838665
587,4.2735877627427294
588,4.478953826790755
589,4.517041388344221
590,4.433092184733376
591,3.9943757153677706
592,3.936691917747082
593,4.089946008380374
594,3.8878113306498485
595,3.362743860762632
596,3.4284906774651036
597,3.2347975811831633
598,3.2287419391491836
599,3.0910393216669965
600,3.1172039101977216
601,3.0487768887143982
602,3.2677620296310117
603,3.842538673153606
604,3.8351275288629347
605,3.2772285651431843
606,2.8008087473824914
607,2.7422132926510576
608,2.841674736464512
609,3.0579136563887688
610,3.043009318061518
611,3.111629118282481
612,3.3549874731602856
613,3.314901050502612
614,3.346168722271869
615,3.0410852678532656
616,3.16680455394947
617,3.0737151102052027
618,3.0317016023123973
619,2.9177854165299446
620,2.85099561944393
621,3.0651388866114244
622,3.324141905641234
623,3.3679811356324585
624,3.731353098455208
625,3.2936544370848027
626,3.352546710907723
627,2.9933953977599144
628,3.1888262219764214
629,2.7974427258214405
630,2.8300901376439866
631,2.7644619083396025
632,2.664268849009992
633,3.0377107175948033
634,2.9224245396510895
635,3.222262245823873
636,3.352587979955359
637,3.446437927689104
638,3.455096065848004
639,3.535258843819333
640,3.1873307874178876
641,3.1599213300203717
642,2.757003848298363
643,2.493050951751924
644,2.2619349794120143
645,2.259910337263031
646,2.022750502764361
647,2.1709157880534713
648,2.226152127354365
649,2.088778198089518
650,2.028076535231158
651,2.144823049432386
652,2.0251628201729894
653,1.9712637864304563
654,1.6534944644269383
655,1.7464689393294373
656,1.6798791839555094
657,1.5529320006499365
658,1.4699649655532527
659,1.54422914468267
660,1.569178493601009
661,1.7358884063132873
662,1.595024134337635
663,1.5186363116010273
664,1.6264602956066068
665,1.539230658320803
666,1.5635296938400234
667,1.5505043850121936
668,1.7043386034670847
669,1.7259499686137312
670,1.8818850044242725
671,2.126158110266767
672,2.001712459147272
673,1.8300013163662214
674,1.673157492320943
675,1.6719746386490109
676,1.6374123376188294
677,1.6647939302503745
678,1.7927574260466035
679,2.008628859791284
680,2.2281445609159
681,2.016227420222145
682,2.004643988946987
683,2.2068424880019393
684,1.9653196244288493
685,2.24512537983475
686,2.450843249253888
687,2.3005301629180503
688,2.3291015115900593
689,2.29417160393478
690,2.092805392461636
691,2.34360203469015
692,2.3470685735402412
693,2.346126435037207
694,2.2994735595759677
695,2.1056599908875
696,2.2721268758314612
697,2.0119177252909566
698,2.1756150624213344
699,2.3407947787924575
700,2.148763503856547
701,2.006136665205285
702,2.0271204822143596
703,1.7545100193201468
704,1.807608236912796
705,1.9812932020009857
706,1.917293641937856
707,1.9073446509867555
708,1.8641268351719864
709,1.9881483111801097
710,2.0344933136909478
711,1.7813626577488977
712,1.9746459603639919
713,2.026435803900191
714,2.4774872455181036
715,2.042586500158394
716,2.0366803786789234
717,2.1580047984438497
718,2.283002362324118
719,2.3618537453709
720,2.594245063759117
721,2.75579981728294
722,2.8708899520961966
723,2.7515558162891214
724,3.109646296027119
725,3.079958816299707
726,3.375844029524651
727,3.3591101919912454
728,3.97390757267641
729,3.163445078604703
730,3.140190906177624
731,3.117466147793981
732,3.2297236211215514
733,3.22643293532422
734,3.1321725702977345
735,3.2635117551456974
736,3.2975608343040927
737,3.2835926413364636
738,3.9582474450295577
739,3.9029197866610223
740,4.336568915750532
741,4.03256473153822
742,4.0344173051904955
743,4.040097112347919
744,4.006764369733075
745,4.03565900679756
746,3.8558737088560076
747,4.015036800852631
748,3.9579148938483946
749,3.9559458092188806
750,3.5818412702068305
751,4.3813649217060116
752,4.4381174347160774
753,4.442303430860541
754,3.931149339486413
755,4.103580324773019
756,3.8015588877205335
757,3.8004608741159593
758,3.535132917096817
759,3.504870240701549
760,3.3404184680402387
761,3.5495527583328697
762,3.39813890416441
763,3.5248706741044797
764,3.491236040541156
765,3.376219088265851
766,3.336547546542865
767,3.4450432468517187
768,3.4745503229916914
769,3.3687028685990223
770,3.44779382797436
771,3.356696827750196
772,3.1890988078171523
773,3.0359495580030273
774,3.063495314499023
775,3.2325209538682547
776,3.2157975595616897
777,3.2920963441272244
778,3.42488628471411
779,3.074532480809145
780,3.4769916152737674
781,3.2011335972209594
782,3.00750659358573
783,3.267617848438354
784,3.230650014801959
785,3.1979639491398877
786,3.3212964340274427
787,3.2985806426907587
788,3.4497781988545517
789,4.106319838679225
790,4.087655112739726
791,3.9712561042677526
792,3.8555885685174927
793,3.7868979313780056
794,4.2662944461243875
795,3.918872110441636
796,4.370255081033933
797,4.569049026108257
798,4.5020769674210745
799,5.111187875399148
800,5.012667388436098
801,5.091384714061427
802,4.677536654739668
803,5.022824420950015
804,4.798599329311923
805,4.679337225552965
806,4.450549877526504
807,3.942769893997095
808,3.9257233125251565
809,3.7035781342363205
810,3.52316510458325
811,3.4190462722537296
812,3.0502895420811207
813,2.873975109816553
814,2.8956330059507693
815,2.827621510182315
816,2.89575043790555
817,2.5913424108404204
818,2.904261637434715
819,2.55435033261163
820,2.4368907534845063
821,2.7329101524214483
822,2.9731784654105677
823,2.8911440484598883
824,2.901550406420292
825,3.028657413194014
826,2.8011246975334068
827,2.841366233802713
828,2.5730611021883014
829,3.1541252419700694
830,3.1327260804927484
831,2.5718374656458263
832,2.8595673410395737
833,3.2318638564204316
834,3.0545520015481102
835,3.164332193729381
836,2.918177681695899
837,3.1215487406509252
838,3.2068331695070365
839,3.311815343071198
840,3.3837265307218747
841,3.7502549712220166
842,3.400389699008673
843,3.7787988582127747
844,3.455563377008602
845,3.3863143032834557
846,3.419493945330901
847,3.4843672176662284
848,3.588413107681282
849,3.421750638893897
850,3.3905704160635617
851,3.960104891006622
852,4.544116204415951
853,4.58888716718643
854,4.639170597196115
855,4.755097536085787
856,4.9159734989840675
857,5.046294220953793
858,3.7538054084542494
859,3.8396146100590394
860,4.003769505688739
861,3.997917434319777
862,3.8345097846094083
863,3.871013978043242
864,4.532508479894418
865,4.392786301297926
866,3.712341568874128
867,4.094081788293895
868,4.212487808997616
869,4.047238285878691
870,3.799010871644836
871,3.945416135220595
872,3.33863944997393
873,3.290271570052719
874,3.305823073398265
875,3.3572035417081127
876,3.1560888513524663
877,3.2932565040592565
878,3.3135210837135083
879,3.500090514394471
880,3.0941696950015496
881,2.777990946260784
882,2.5784697052445327
883,2.243922909793146
884,2.061776308119089
885,1.8578878226935602
886,1.578806444171776
887,1.449605195909349
888,1.2977280852792301
889,1.10422662634747
890,1.0461225623345936
891,0.9744856480097324
892,1.0095110340700726
893,0.9738314316466601
894,1.1586485870155032
895,1.0732057653120162
896,1.1208922651846993
897,1.0875592323704948
898,1.1711358920807733
899,1.208898923318177
900,1.4359222607010673
901,1.5514133767532547
902,1.6656159122854337
903,1.6600555116257756
904,1.6325518787953865
905,1.6915134609450089
906,1.5653868312440002
907,1.5647908073842356
908,1.4764522876411772
909,1.5503144987100994
910,1.607787822470066
911,2.0228722141177977
912,2.4991323273080255
913,3.1530391256211194
914,3.4297118335446855
915,3.7965244126012023
916,4.151996863977447
917,4.333356207446946
918,4.651213950536394
919,4.747702096111936
920,4.941821249670299
921,4.728948489419298
922,6.010635900197568
923,6.108392183348227
924,6.20280289372785
925,6.137376969430628
926,5.82556143388502
927,5.946807610903798
928,5.751410705775256
929,5.765282711962236
930,5.699424337116752
931,5.305082432351524
932,4.90690084712727
933,4.915184873164586
934,4.606672242759491
935,4.088041021968947
936,4.140188350046834
937,4.183172181535358
938,4.210670644849583
939,4.061782901872806
940,4.13610890234912
941,4.193913436262892
942,4.174719947772189
943,3.955388322429403
944,3.859126697350363
945,4.011499517224366
946,4.190286649741694
947,4.248002506543008
948,4.2098944951988075
949,4.445179307099506
950,4.962412538217644
951,4.355475465986821
952,4.54806854099756
953,4.5021797470837726
954,4.767155188337136
955,4.705505065952564
956,4.455417191310441
957,4.342841906044907
958,4.456503744666648
959,4.488582776723483
960,4.9219013824212094
961,5.299482953238168
962,5.224570451509082
963,5.029246190801967
964,4.910570466111934
965,4.438420333982754
966,4.523883440033265
967,3.7210346972660253
968,3.1888012318283954
969,3.253809711973419
970,3.348324944714542
971,3.210677713537173
972,3.216893427415136
973,3.0943374682949174
974,3.3716228051454142
975,3.3740430914069335
976,3.314261992892584
977,3.1805843329580403
978,2.721360888869559
979,2.7217333863249
980,2.63367044109265
981,2.527910164905762
982,2.6807634668419564
983,2.150948771706313
984,2.1495220995855577
985,2.589641771560946
986,2.6640408735417496
987,2.4637982500072937
988,2.212308182939865
989,2.176999409279012
990,2.117284983328945
991,1.9541010320299692
992,1.9727260867529737
993,1.8482017294272692
994,1.617819314221296
995,1.6172273379382684
996,1.5936934778750855
997,1.6081499967363155
998,1.611542630926167
999,1.6131687592965716
1000,1.5180968201385938
1001,1.5129993768027692
1002,1.4580352804156975
1003,1.4900017210703806
1004,1.501167474740698
1005,1.591145002591991
1006,1.656222013401753
1007,1.4980407249202263
1008,1.3530354099937743
1009,1.344097127018792
1010,1.3531634416093021
1011,1.3261383238294595
1012,1.4526953877226232
1013,1.352024096333638
1014,1.3509488526640288
1015,1.2010406465387962
1016,1.4105381296731925
1017,1.3071124331940855
1018,1.7225951098230952
1019,1.899222462818671
1020,2.6532458628180784
1021,3.4875455782800833
1022,3.9699326333592526
1023,3.9827458878271496
1024,4.244695632654648
1025,4.10660639851772
1026,4.277085295619259
1027,4.338277906544403
1028,4.887100191147741
1029,5.339644981953838
1030,5.971381573189202
1031,5.852155043568141
1032,6.001032570607719
1033,5.830390187085913
1034,5.687278534152765
1035,5.620006056382606
1036,5.75909006471555
1037,5.61107843384101
1038,5.409801485409345
1039,5.639977087244644
1040,5.402796175012057
1041,5.538178855289278
1042,5.638330803154694
1043,5.53502251075411
1044,5.474559609031064
1045,5.483140324552196
1046,5.462534103985465
1047,5.343654190476221
1048,5.437013395649565
1049,5.27120793634733
1050,5.234710912289914
1051,5.2428850057626315
1052,5.19138967912493
1053,4.5889498814658385
1054,4.866036445401584
1055,4.462362328408254
1056,5.076134918708275
1057,4.369585865304632
1058,4.536382693188183
1059,4.43957238437745
1060,4.324682536602176
1061,4.233028493235453
1062,4.202106263972947
1063,4.182096742197344
1064,4.323756945097356
1065,4.236384164251679
1066,4.200920923106362
1067,4.428031454130343
1068,3.8483860409889847
1069,3.9168455091250487
1070,3.675243505303654
1071,3.3564250455508065
1072,3.2060767485623125
1073,3.2240642562047936
1074,3.004516535616491
1075,3.1416827212580003
1076,3.089439756290972
1077,2.872660770387759
1078,2.9054912549302223
1079,2.724844800419438
1080,2.976423421619635
1081,2.96624288665757
1082,2.891720304851632
1083,2.724982688914132
1084,2.7029452210364573
1085,2.6235913459783173
1086,2.3390787830231847
1087,2.6326743092772142
1088,2.5718363790783063
1089,2.439997881719182
1090,2.8789322128892376
1091,2.760686914395933
1092,2.70832679914176
1093,2.459733624472731
1094,2.5351324687168733
1095,2.220547555149571
1096,2.1249169768051956
1097,2.1271567226812325
1098,2.138432751781301
1099,1.9327989189773804
1100,1.6952732584622385
1101,1.6289924217142795
1102,1.5890307992366415
1103,1.5075307259671702
1104,1.4913340108560582
1105,1.4038244007823557
1106,1.4040063276805002
1107,1.2752398867041543
1108,1.2630863491213613
1109,1.33157205731735
1110,1.1877778693707373
1111,1.2128907493317276
1112,1.3995528516698137
1113,1.3124781232788207
1114,1.4256492292976655
1115,1.48514487322055
1116,1.5908593505241093
1117,1.681805023556328
1118,1.6604168003121298
1119,1.4373728868801205
1120,1.4492725953503214
1121,1.4104463913043144
1122,1.3470929696972263
1123,1.3158961071431088
1124,1.4747710516528598
1125,1.4699916016502517
1126,1.5592407565251185
1127,1.5043108781997967
1128,1.5247930286317701
1129,1.6175075138079393
1130,1.5620205952647934
1131,1.6815175216568645
1132,1.6702444678832142
1133,1.6869533596914943
1134,1.7816605784010642
1135,1.7956466739760486
1136,1.904277794438446
1137,1.9583641180306939
1138,1.9113910453454912
1139,1.922678810900569
1140,1.945887399443851
1141,1.8833492124884068
1142,1.8434807687572063
1143,1.914919997523552
1144,1.9574138685575577
1145,2.10848650178805
1146,2.128970199956858
1147,2.475470582374078
1148,2.61373481881526
1149,2.6385387244766365
1150,2.7696095825815195
1151,2.9369325394557073
1152,3.1001129106028147
1153,3.295815842026327
1154,3.2290741409078354
1155,3.1358890685524203
1156,3.5277480637433736
1157,3.5742277425742763
1158,3.649832894327526
1159,3.960722295002771
1160,4.336361018558711
1161,4.3491873120640205
1162,4.328440365524709
1163,4.499643131673529
1164,5.0187862694441
1165,5.353190885747307
1166,5.394987294353707
1167,5.34833487448386
1168,4.601046806324527
1169,4.6276639108663185
1170,4.409369036394747
1171,4.52198212743942
1172,4.094789102869916
1173,4.062233015863788
1174,3.905950004608124
1175,4.016603157315438
1176,3.8363793164496265
1177,3.8677679659472504
1178,3.773223361003647
1179,3.043918305187
1180,3.084610624217234
1181,3.605778430217773
1182,3.8962818545367472
1183,3.896334656825497
1184,4.739895220048757
1185,4.424038944365753
1186,4.379801076788512
1187,4.467977988211416
1188,4.663985731329472
1189,4.815508801588777
1190,5.132456919549727
1191,5.193345534014651
1192,5.895400887523259
1193,5.629525860420123
1194,5.958539609503521
1195,6.064559711678363
1196,6.078370915490833
1197,5.995148853681103
1198,5.867829760691745
1199,5.857156999123188
1200,5.642331882384908
1201,5.520154660403155
1202,5.470817859427017
1203,5.458039265758331
1204,5.600407389942098
1205,5.483462447479579
1206,5.480485381653248
1207,5.470857405462772
1208,5.429031146844848
1209,5.50049852374878
1210,5.56537721604414
1211,5.56537721604414
1212,5.529058873892464
1213,5.549669985003575
1214,5.5856464607790715
1215,5.303379869199916
1216,5.542736802370308
1217,5.56707742471093
1218,5.035444519910047
1219,5.418867834577855
1220,4.994976598232931
1221,4.136698935450124
1222,4.465705213117062
1223,3.9568059862593192
1224,5.095434816579444
1225,4.235907387144951
1226,4.204245938570666
1227,4.021972074416903
1228,4.228359208893801
1229,3.838502363060262
1230,3.9816919686217993
1231,3.9904883871118675
1232,4.165798226721903
1233,4.037289766982864
1234,4.195833177284405
1235,4.165226118315582
1236,3.9562422884002504
1237,4.341354138705507
1238,4.452629113168719
1239,4.418759562678968
1240,5.090756782643009
1241,5.006822801582587
1242,5.236862041681937
1243,5.320758508007393
1244,5.7043547499858045
1245,5.904591490582223
1246,5.825589144699042
1247,5.801134792585304
1248,5.7149766869102026
1249,5.335346845801648
1250,5.394870280734997
1251,5.059710290757556
1252,4.984498048313189
1253,4.72066796897544
1254,4.717893161595746
1255,4.87115481759823
1256,4.775900754294637
1257,4.760383146652565
1258,5.009710075587685
1259,5.265168532510763
1260,5.291786174011557
1261,5.526906823248038
1262,5.23412718953648
1263,5.234106748542263
1264,4.397711591097914
1265,4.1730775575135475
1266,4.052566400289707
1267,3.9482837480221202
1268,4.348210737639921
1269,4.261441794815296
1270,4.685086606448244
1271,4.024785321835932
1272,4.439882459356236
1273,4.715045510418223
1274,4.430130911582299
1275,4.247450497801104
1276,4.025579992931847
1277,4.483937213756017
1278,4.053072773495313
1279,4.013908744385899
1280,3.7504856971540548
1281,3.9702501760735114
1282,4.00000928460716
1283,3.8778558581822336
1284,4.0257200417989925
1285,3.96329894254222
1286,4.011637843104148
1287,3.586700780851676
1288,3.5679401339011636
1289,3.0848738665851885
1290,3.048803985559164
1291,2.835386362284982
1292,2.9181385503247212
1293,2.9231916933142985
1294,2.8329226363273556
1295,2.9643486413325015
1296,3.0554840058664405
1297,3.384048310882475
1298,3.142741314345691
1299,2.9732447496669963
1300,3.0296407018923857
1301,2.8244196480736035
1302,3.0268711424828605
1303,2.613824845710845
1304,2.7573386231223953
1305,2.758479784303999
1306,2.740977523064278
1307,2.839789293906594
1308,2.863685770616948
1309,2.9212812213374075
1310,2.835550075786508
1311,2.847314554236475
1312,2.7781512915233115
1313,2.5851077153645874
1314,2.9477139521069096
1315,3.1682945769392723
1316,2.8221842860109874
1317,2.822128476895543
1318,2.55051633778526
1319,2.349463771260043
1320,2.440109300329764
1321,2.2533037415933075
1322,2.4089854026709605
1323,2.7989941330277643
1324,2.9311953576312515
1325,2.835186573992186
1326,2.7221190789434013
1327,2.5112879956646594
1328,2.5270852903269687
1329,2.5026959978813546
1330,2.839082299197652
1331,2.846186213955423
1332,3.2518847810915155
1333,3.3824566218923486
1334,3.3680593132269174
1335,3.9577449361671757
1336,3.591463655103982
1337,4.042943426904333
1338,4.324223495164352
1339,4.385934181809451
1340,4.854723644561296
1341,5.222339381448057
1342,4.966057651283789
1343,5.311851986658114
1344,5.214903585851308
1345,5.8332424097026445
1346,5.712830336937522
1347,5.1751215831216975
1348,5.104496262402509
1349,4.148494923771252
1350,4.394395945849574
1351,4.424443948263263
1352,4.44602134351935
1353,3.9971316039542453
1354,4.638985118318485
1355,4.6510999568627005
1356,4.507491525531212
1357,4.725101253075263
1358,5.249214524607497
1359,4.815579692784579
1360,4.602431965384037
1361,4.553781365574357
1362,4.319179294422257
1363,3.8608427728923287
1364,4.212085659892118
1365,4.31116989141986
1366,4.351372005947608
1367,4.337619413881603
1368,4.36036531142801
1369,4.351648043911598
1370,4.277341905778112
1371,4.292803514105163
1372,4.26046583785805
1373,4.168521092157269
1374,3.8503779815942196
1375,3.867038690769816
1376,3.471893836816717
1377,3.3024886357768
1378,3.293833013830464
1379,3.3183218313314553
1380,3.213625109472748
1381,3.304796695766207
1382,3.191556581292554
1383,3.3682718757699694
1384,3.168923052241445
1385,3.124531937540558
1386,3.0770625634009128
1387,3.0949482494980165
1388,3.072481020893129
1389,2.737441307302686
1390,2.7278683175884977
1391,2.6411797075676153
1392,2.733357155255031
1393,2.313599844130399
1394,2.4895472375440773
1395,2.5534582100820087
1396,2.4231713303738296
1397,2.6658672381996924
1398,2.3381895485116133
1399,2.315215017890376
1400,2.3349921107240594
1401,2.3873989684128216
1402,2.425492233334136
1403,2.3575428494033255
1404,2.220937164909196
1405,2.395515451662595
1406,2.489033283385378
1407,2.8843236585696874
1408,3.1065369001218217
1409,3.4000964726880873
1410,3.5282978688884565
1411,3.22588206304549
1412,3.091723597217607
1413,2.5528252995771976
1414,2.8344553865069764
1415,2.804745806980766
1416,3.077770668922856
1417,3.0966632788924304
1418,3.068639325579789
1419,3.4668357299076598
1420,3.8706395653480246
1421,4.273747375221707
1422,4.073189597205973
1423,3.9970699128944824
1424,3.917802893138021
1425,3.407141897947994
1426,3.181090380815422
1427,2.8913710139336484
1428,2.711537285958038
1429,2.9065921945348814
1430,3.026012792996375
1431,2.751126754856315
1432,2.7442852471532313
1433,3.1000775674866263
1434,2.7385050791473686
1435,2.5549640516596637
1436,2.636529279432057
1437,2.560128602268799
1438,2.6072793841202286
1439,2.696006592115882
1440,2.81013166021881
1441,2.679828097161323
1442,2.6855495016409776
1443,2.8852774603148856
1444,3.230559358371881
1445,3.2937732862851297
1446,3.291826522670902
1447,3.2579030312076065
1448,3.225845993722786
1449,3.2144155819018945
1450,3.4943674120688524
1451,3.2472019988980056
1452,3.7869091468113143
1453,3.222438879314661
1454,3.1966652025269413
1455,3.0852532984333854
1456,4.229135746115337
1457,4.302484682279869
1458,4.307801474360472
1459,3.7674642272103944
1460,3.610325659687686
1461,3.211617304440625
1462,3.1637641243450823
1463,3.161918819470843
1464,3.1180362121358027
1465,2.7189890010512117
1466,2.8346023597226666
1467,2.7752137170816753
1468,3.050952864542972
1469,2.9240279199623034
1470,2.4915120917086737
1471,2.436881283515037
1472,2.7087374137351494
1473,2.973780412634043
1474,2.487585618155607
1475,2.6414612332632332
1476,2.7619905602052626
1477,2.424868701864858
1478,2.2308438846052976
1479,2.2193667162579134
1480,2.258320150135888
1481,2.248098513932121
1482,2.2568075703793693
1483,2.484262152277197
1484,2.920439971084968
1485,2.786315291121171
1486,2.8603205907762277
1487,2.9367614716777335
1488,3.2463766459813153
1489,3.4624699799107517
1490,3.863191374533761
1491,4.317996790049158
1492,4.378322245210709
1493,4.5764710244871845
1494,4.53611288532361
1495,4.500777032296416
1496,4.601824681677379
1497,4.52701319101935
1498,4.585947806729356
1499,4.3039726391613655
1500,4.619899570619254
1501,4.3179029825130595
1502,3.8693849869912467
1503,3.580265024847278
1504,2.993417909884837
1505,3.1054123178295514
1506,2.6875009353510397
1507,2.3867337068470684
1508,2.1507504397429704
1509,1.95462758360575
1510,1.6029048864174846
1511,1.4310546287129862
1512,1.418625920426497
1513,1.4573473977119389
1514,1.7013170561349387
1515,1.7394687391159
1516,1.9960983010820164
1517,2.293784292941632
1518,2.1215232273661595
1519,2.3316215896177974
1520,2.4190979634941994
1521,2.524751619236669
1522,2.654300724892842
1523,2.8189806866246516
1524,2.601668265640149
1525,2.7932508270785767
1526,2.8352220155361056
1527,2.579354867101787
1528,2.9041388572799742
1529,2.8625053371800826
1530,3.061885612911013
1531,3.112985954359342
1532,2.922015948436584
1533,2.988329643680614
1534,2.5653116673574274
1535,3.0274385819773273
1536,3.0503729346044226
1537,3.0443129043950337
1538,2.9396963115649504
1539,2.9157275665946267
1540,2.7982643628170027
1541,2.661883157016681
1542,2.5435415397166086
1543,2.7329022913757544
1544,2.5157405956827326
1545,2.7555578415396846
1546,2.6439190049019285
1547,2.6915037809256637
1548,2.776567667664359
1549,2.7750072589917174
1550,2.9420973571574733
1551,3.052157958561689
1552,2.62615392160557
1553,2.6959564106613936
1554,2.513441180874643
1555,2.5132529490594973
1556,2.651102071330607
1557,2.4260094380317385
1558,2.4294044185158015
1559,2.395775648234082
1560,2.3965091249960837
1561,2.268220740376977
1562,2.2332005546305598
1563,2.235882085316877
1564,2.1537788127278485
1565,2.361180685579244
1566,2.645080992107039
1567,2.952220796982844
1568,3.046177308461013
1569,2.7805785205333287
1570,2.807864723837259
1571,2.7538945788032345
1572,2.7662162412427285
1573,2.878528201852336
1574,2.974218592313371
1575,2.9954765180783935
1576,2.8449181283625573
1577,2.8936300185881962
1578,2.471801867337534
1579,2.224404589294823
1580,2.169170420650222
1581,1.844872254557764
1582,2.302101905242843
1583,2.5284703158742396
1584,3.2300208228216256
1585,3.2290130757007827
1586,3.2331934630712404
1587,3.090861859157089
1588,3.0363245051634538
1589,2.7444237140278203
1590,2.49220159766983
1591,2.401578282090106
1592,2.396925663572453
1593,2.2646417401753838
1594,2.5852272340964744
1595,2.4193694199453883
1596,2.446701080319488
1597,2.502295390333078
1598,3.0081192476614804
1599,3.4040661562754653
1600,4.902170887549059
1601,5.9185745557009115
1602,5.509686474130145
1603,5.649774868282845
1604,6.1442814370145085
1605,5.993050789303603
1606,5.934719360930803
1607,5.74749772751625
1608,5.892377767951818
1609,5.88338064427518
1610,5.825084719449529
1611,5.8340603169969265
1612,5.830455186005279
1613,5.708002652687347
1614,5.814450208776919
1615,5.716362988353914
1616,5.637848784939192
1617,5.061299993527444
1618,5.601514125579878
1619,5.229088399337842
1620,4.922892827438649
1621,4.482683533675429
1622,4.103779163609259
1623,3.6973611081644777
1624,3.5395763529713045
1625,3.31731410097418
1626,3.2510734311855436
1627,3.0547978634019093
1628,2.9824303395545266
1629,2.8982687341139797
1630,2.612276780658822
1631,2.40218342299733
1632,2.1884553377125164
1633,2.0178943490563674
1634,1.7727928119019185
1635,1.8902508055302516
1636,1.5353200658950827
1637,1.5590656856489473
1638,1.8724149511561015
1639,2.1680654078600567
1640,2.3375572939788563
1641,2.92409469225844
1642,3.238740135957949
1643,3.3140431488970403
1644,3.9730306534993103
1645,3.994500820221745
1646,4.358257529781938
1647,4.552928354034606
1648,4.3765045258236865
1649,4.49084617973404
1650,3.8157427875560175
1651,3.791103918103691
1652,3.7231124860683353
1653,3.799125074890208
1654,4.299588167198774
1655,4.071611195701867
1656,3.5736033312900632
1657,3.4837522774220426
1658,3.5181544465354437
1659,3.075057687135884
1660,2.8497348548382755
1661,2.9474759201859992
1662,2.8104257115133993
1663,3.0262787830077467
1664,3.1179537085179527
1665,3.099404292465068
1666,2.7586975543638075
1667,2.794765945105292
1668,2.9112829819597326
1669,3.005583074370492
1670,3.142310170101402
1671,3.044506179272905
1672,3.053358630516224
1673,3.028140898636367
1674,2.6946097833269764
1675,3.0208208637644747
1676,2.7876535126627466
1677,3.1777811854461713
1678,2.928268649319493
1679,3.1667886700856887
1680,3.2176572213717973
1681,3.2663282830052616
1682,3.1836687611695
1683,3.5992804667948044
1684,4.723554311990475
1685,4.901518055199629
1686,5.4676469811186115
1687,4.486015746286869
1688,4.567588083838829
1689,4.563296281806084
1690,3.9764608558401755
1691,3.7476423562104144
1692,3.737172995401111
1693,4.372478191630254
1694,4.452899678760648
1695,5.074293842508694
1696,5.355093233099217
1697,5.456596989644298
1698,5.550708210561945
1699,5.413940079339318
1700,4.868877449608734
1701,4.48731161695443
1702,4.341484457216884
1703,3.5834941929509427
1704,3.7361298047310765
1705,3.7212839941359914
1706,3.689585709188565
1707,3.6523486045723437
1708,4.269720078993471
1709,3.835931313433222
1710,3.6632182904626927
1711,3.565977079901637
1712,3.4876442892209045
1713,3.227797785752334
1714,3.237220875458259
1715,3.262288419763301
1716,3.192048771466217
1717,3.295393111975291
1718,3.258196182311478
1719,3.224078849028011
1720,3.7896419746679917
1721,3.72356760656156
1722,3.267869016356059
1723,3.6668850934925286
1724,3.6821735271851606
1725,3.993484168479479
1726,4.176287686910961
1727,3.704754491178159
1728,3.5616575713815957
1729,3.3025225424245255
1730,3.2323712129409325
1731,3.519882179408496
1732,3.2289234863755594
