,0
0,1.5672076278960574
1,1.4698345289811323
2,1.7025166338356639
3,1.5855952272068952
4,1.5807856678986163
5,1.5661386987993582
6,1.578420690060987
7,1.5729205801022224
8,1.5928766802579017
9,1.6996419579732278
10,1.597952237009202
11,1.6143505565108371
12,1.407511732603871
13,1.427476505623978
14,1.3404248421356404
15,1.3267992635915098
16,1.4033199715081834
17,1.4165227275098407
18,1.406919258470592
19,1.345512957877016
20,1.211332193395652
21,1.246782351537578
22,1.2734448625962849
23,1.255449060456171
24,1.1344963392617127
25,1.0369024273403293
26,0.9920778279489368
27,0.915733388675535
28,0.8699044335720755
29,0.9609333109899014
30,0.9096803404808033
31,0.8890746968950753
32,0.8721917743702525
33,0.8909443703191193
34,0.844718630086256
35,0.8548651789750563
36,0.8012304469356234
37,0.7424012949941826
38,0.7968338295762045
39,0.7938879565524389
40,0.7524029721445687
41,0.812047963578942
42,0.7943761281632968
43,0.7822972716416859
44,0.8169346551909364
45,0.8131324490886546
46,0.736954752395848
47,0.800188984942051
48,0.8797062393363297
49,0.7516531188053489
50,0.8447026161596639
51,0.8297019589799395
52,0.8530734889621315
53,0.840556525595714
54,0.850099762426039
55,0.9670487663658276
56,1.1242754923849325
57,1.1341025853005149
58,1.1403436086957082
59,1.194056596051782
60,1.3495281969398083
61,1.5741150717782648
62,1.786403192162646
63,1.8958512824261857
64,2.229960589749617
65,2.2416515222728863
66,2.5082375163295407
67,2.2584232328681693
68,2.465110789348911
69,2.222223572511307
70,2.0075394094153234
71,2.049264784154651
72,1.906632440793291
73,1.7128229880464214
74,1.637356247606978
75,1.5898949143760073
76,1.5872539382589659
77,1.57422510529377
78,1.5983665144149357
79,1.5634243108911872
80,1.4326353193814734
81,1.4229957626343954
82,1.5565754345040868
83,1.3914262905120074
84,1.310054053954094
85,1.4708401557877402
86,1.3674918985166238
87,1.578457746569839
88,1.5518341525760004
89,1.655494049850436
90,1.5803990199677351
91,1.46407403427005
92,1.6485928419332578
93,2.0302668347271533
94,2.3493291636582336
95,2.280553653925259
96,2.048648262433896
97,1.9344668263604146
98,2.0159006011887315
99,1.9304946770621463
100,2.0176757485970525
101,2.0017368166668716
102,1.9891300896928898
103,1.8968258212418336
104,1.5791996326866105
105,1.636361987163244
106,1.5690204861778236
107,1.5608926943251855
108,1.6814311727918707
109,1.6302654139810555
110,1.9984637515557555
111,2.0237007621711816
112,2.0896590075693178
113,2.292917969994165
114,2.383814800931933
115,2.6257031325534754
116,2.6917503248210943
117,2.5678389534314716
118,2.7483465685926127
119,2.868306514787621
120,2.6175880640715463
121,2.5133681697979537
122,2.6296647731093983
123,2.683112783540981
124,2.6878154152103737
125,2.4032155324236646
126,2.5764496860279746
127,2.6998348062689876
128,3.1034449387788117
129,2.6886461359335305
130,3.072039866177211
131,3.0374850220228318
132,3.0793065943254896
133,2.9643484110309366
134,2.97049012638756
135,3.054592735991653
136,3.1143857221035502
137,3.3571278205973
138,3.879615596467442
139,4.174536112285671
140,4.451308748431755
141,4.474206325788907
142,4.49906894059361
143,4.45950090642459
144,4.921304647785617
145,4.851833321054799
146,4.9174944992058345
147,4.951811203734159
148,4.993436928284333
149,4.937251630058043
150,4.883738284062999
151,4.864248350838972
152,4.787054852773097
153,4.770521031893123
154,4.827713555468808
155,4.482349482881777
156,4.778833572652659
157,4.609422974391572
158,4.51322262699423
159,4.344361217242483
160,4.2285376786464814
161,4.483638982381548
162,4.34591679081672
163,4.842053723613393
164,4.72967701252816
165,4.418166246103681
166,4.35078354991242
167,4.274302028758146
168,4.525727362336365
169,4.099856020259806
170,4.017411327276871
171,3.8723653369221176
172,4.273377824145241
173,3.706901737235291
174,2.86468846358981
175,2.674948633375701
176,3.153745081068487
177,3.176260055062482
178,3.160662863765307
179,3.1467327038272632
180,3.126311101994755
181,2.8912758631717272
182,2.9294265377630717
183,3.090870268324292
184,2.9026138895782725
185,2.624066658723019
186,2.6771354866558292
187,3.0785545904176526
188,3.070764091175762
189,3.157697602736629
190,3.2691575797566084
191,3.120437356769854
192,3.1062616590297583
193,2.9571288118061396
194,2.9046707900821205
195,2.8461393233666343
196,2.691371394477429
197,2.539050521671668
198,2.4660277265828325
199,2.4598268557118494
200,2.2803478714551417
201,2.244949115570559
202,2.2158238505051906
203,2.1434492132461096
204,2.146423468399833
205,2.347496885404691
206,2.2317250621232114
207,2.165574792934926
208,2.2964612154626463
209,2.2275332250257107
210,2.146152471957706
211,2.505184362855963
212,2.0879602865702007
213,1.8302883021865728
214,1.7836953780795088
215,1.8618686172033065
216,1.8565644375324184
217,1.8172466161723981
218,1.874881506097999
219,1.8283159375803588
220,1.948506662391937
221,1.7944285081356408
222,1.743991559012117
223,1.6487017928074181
224,1.5753960390176758
225,1.526066963389026
226,1.5265024307756385
227,1.4465421531649751
228,1.6258876676129335
229,1.711708732076298
230,1.6376661856786159
231,1.724847379372934
232,2.041216709827387
233,2.0302691897314213
234,2.3123140864407064
235,2.7062817135956614
236,2.7026194068357134
237,2.850176809392915
238,2.659641567923566
239,2.6629809468402814
240,2.240588177224213
241,2.1715622102346406
242,2.1117086070656943
243,2.432643127897517
244,2.4651146672715494
245,2.811380639674592
246,2.8385611556594736
247,2.470577966506416
248,2.4103650184151872
249,2.16615612527062
250,2.0410357697895467
251,2.0767864978569786
252,1.9648038816835676
253,1.9984972667015715
254,1.8340143703027298
255,1.9964150789889488
256,1.8469606966171048
257,1.9632971397603705
258,2.015404035150105
259,2.1507919298408287
260,2.5845169389108373
261,2.624463799073416
262,2.6966744077405025
263,2.862027689558879
264,2.9053101267667496
265,2.8681496268599833
266,2.8341098969093212
267,3.1291446389027193
268,2.9715363707093965
269,2.7251533505628793
270,3.01038933520333
271,3.34170066676624
272,3.3067786235276846
273,3.3502746653265274
274,3.570612770072854
275,3.4315086287480656
276,3.0862277928266892
277,2.7455807817011464
278,3.0393053687944596
279,2.7659413873355843
280,2.5237965599619985
281,2.4664374782098597
282,2.423610835619885
283,2.235700260462424
284,2.42948951894726
285,2.165419567547718
286,1.9569269625170267
287,2.156114376662398
288,1.9446737079758716
289,1.9530308404289964
290,2.1669524852739053
291,1.8347679725354293
292,2.1475688085616165
293,2.052321099598168
294,1.7872056413998458
295,1.664926221752822
296,1.59186813091742
297,1.551817371461764
298,1.5178269598766527
299,1.387913319711962
300,1.332269777188359
301,1.4401159597513022
302,1.3829623334703263
303,1.582498951804139
304,1.4099212001240686
305,1.4149398006609304
306,1.3930599603131468
307,1.2813763640295637
308,1.3231306457886043
309,1.1586520578461559
310,1.138259921850926
311,1.1841942873168634
312,1.1057181619403709
313,1.0087171151040182
314,0.9879850260796448
315,0.9815414353330398
316,0.9313277574716268
317,0.9805811132952373
318,0.9826865442519128
319,0.895437149229047
320,0.9418282499210907
321,0.8970053956323902
322,0.8519477540433421
323,0.8211652490856765
324,0.7396442451852157
325,0.7792953167040152
326,0.7920964515107739
327,0.8088299867833617
328,0.7691284248098531
329,0.7264058861217071
330,0.7128748827126332
331,0.7267813588139219
332,0.6501074218373023
333,0.6475297404958039
334,0.6809367497581783
335,0.6115527174918739
336,0.6679398954970945
337,0.5902959722921661
338,0.6108883478171617
339,0.5913999854950804
340,0.5895863154421569
341,0.6119740316065462
342,0.6306344026417982
343,0.6351074196399018
344,0.6407459438283019
345,0.7660640861971281
346,0.8066550235464645
347,0.8164464185710144
348,0.8584525201363352
349,0.7798123064090259
350,0.6688748550513512
351,0.8152763497424445
352,0.8074221811047304
353,0.8456918081693343
354,0.8728277773634108
355,0.9544118581319829
356,0.9296176157169549
357,0.9249998890933552
358,0.9977429863473566
359,1.089614284453247
360,1.1071156380523577
361,1.3235972808840792
362,1.291924621618133
363,1.1666377775938856
364,1.029547265615783
365,1.0669921313424062
366,1.0974128633928588
367,1.0203828382258413
368,1.0234244047703547
369,0.9680615410027813
370,0.9581026325948968
371,0.8238193270664438
372,0.7588199991400539
373,0.7477598895909167
374,0.7561852831055321
375,0.7403134803358412
376,0.7288767830731097
377,0.7349749732457179
378,0.7267994424056157
379,0.7184721441047565
380,0.7284960903427461
381,0.7151972353133471
382,0.7266371423143402
383,0.732389732556103
384,0.8023234669741509
385,0.8111121462537999
386,0.7373827671287271
387,0.6657132045484502
388,0.6664807506210775
389,0.6655713168009293
390,0.6263355181780913
391,0.663909675408625
392,0.5639760153879885
393,0.5275914387451234
394,0.5283743351648296
395,0.5437663950464533
396,0.5389965402603574
397,0.5827818316274539
398,0.5904237285870626
399,0.5875785448122229
400,0.6846365368472163
401,0.7244974265925428
402,0.6705326373525731
403,0.6967116444904735
404,0.7539833366370338
405,0.8922137742671032
406,1.0352289577477038
407,1.3723747946787785
408,1.6996836966509
409,2.543511692822992
410,2.591019581994533
411,2.5788136569761484
412,2.571608981175872
413,3.031370473706881
414,2.6247067464878424
415,2.6518113130849206
416,2.5235827921006355
417,2.2452667150903847
418,2.501690853859167
419,2.504178628623764
420,2.399495104882548
421,2.130670574608013
422,2.6436016237659685
423,2.4988291485181215
424,2.903899393558373
425,2.8773129538991307
426,2.7835529084235446
427,2.5021948170517985
428,2.712125988453477
429,3.1079562404220473
430,3.0736558013114927
431,3.018450037220704
432,3.4529604699240277
433,3.1057131547564416
434,3.24235763287082
435,3.008834092230457
436,3.280200400158081
437,3.258267017296429
438,3.1951478325539324
439,3.297941328912584
440,3.9639100163299856
441,4.089388143850729
442,4.501101208008755
443,4.493043391086036
444,4.590598120196617
445,4.339041981522751
446,3.9372754568697994
447,4.343948682727527
448,4.103827616143614
449,3.962304206944143
450,3.740574017220016
451,3.6851013681483824
452,4.102869179017928
453,3.9564089817783037
454,3.9846750831142264
455,4.3973778260631855
456,4.786373002966654
457,4.433177510973625
458,4.048350854008639
459,4.016896207591688
460,3.859126213184046
461,3.7439855030061633
462,3.626194011387102
463,3.480802611781574
464,3.077763982051585
465,3.100298554883861
466,3.4026854218896587
467,3.5429331882423147
468,3.260090043299579
469,3.6122244682340163
470,3.571539539455638
471,3.185693553505508
472,3.3651882726265105
473,3.2657664599238148
474,3.160804056982039
475,2.6547285868331256
476,3.1102853403344293
477,3.1770947586064238
478,2.8256004635940797
479,3.0369251466993155
480,3.091135457425139
481,3.0696819464354164
482,2.902131138893275
483,3.0128168680994096
484,2.589981033185525
485,2.875754217620912
486,2.536727399448119
487,2.46438353139355
488,2.2067768607093647
489,2.4919225278779247
490,2.805313457335597
491,2.2105622209567595
492,2.2081412410310457
493,2.1452879735153636
494,2.167823391977172
495,2.143258407516712
496,2.095795575400546
497,1.803237002964413
498,1.9367440654729846
499,2.06203804999912
500,2.2220995765439047
501,2.196357708084225
502,2.5440671128322228
503,2.1739687802246404
504,1.9371378268411443
505,1.9110941842498632
506,1.7352176306868454
507,1.8857381946719973
508,1.814777341597813
509,1.7314953506146946
510,1.7837909129715512
511,1.7274212649429412
512,1.9769662610809358
513,2.1952120508235566
514,2.1752530668369414
515,2.183698398271611
516,1.8929436725920474
517,1.8910791235864273
518,1.964718907143749
519,1.994415232604465
520,2.0077875241435055
521,1.9487062261544723
522,1.993477140320092
523,1.945198224807698
524,1.9687841620491613
525,1.7765445633964545
526,1.8530243380993856
527,1.9774891450356278
528,1.9740953930575194
529,1.976989138016425
530,2.083680675555803
531,1.951755397590461
532,1.9590838538250257
533,1.8439038241888113
534,1.917927239691117
535,1.896730474764956
536,1.8884858622794742
537,1.710182007213954
538,1.6553639907082562
539,1.9481438171594716
540,1.8508927361550773
541,1.6559838266110591
542,1.6783996528662521
543,1.8655502672861188
544,1.9512415224420507
545,1.9094054170387995
546,1.8198190070338411
547,1.9551007759515955
548,1.8402736053067172
549,1.9822658724022058
550,1.744137520471133
551,1.6782195726015554
552,1.698164211977837
553,1.7135110722837308
554,1.6427598239091792
555,1.5051754747622559
556,1.6165597447263873
557,1.4722273530770704
558,1.5662883610429157
559,1.2504560494988743
560,1.2331614197332725
561,1.1770802617436324
562,1.1525823110899274
563,1.158724171100454
564,1.1722567646489952
565,1.0318020617550265
566,1.0146100821895914
567,1.1725283167635085
568,1.2290889826240887
569,1.186764009899696
570,1.1505821746934384
571,1.2002470056991497
572,1.294890766369494
573,1.2930192718981457
574,1.4677438691542606
575,1.8560525761766067
576,1.9285521244146897
577,1.7337936304987347
578,1.7310882095526698
579,1.6622919340164177
580,1.62385032230572
581,1.585180008932029
582,1.5801876798858983
583,1.674292506493741
584,1.7151997715830858
585,1.8776613528195838
586,1.997973987958291
587,2.0353772859025177
588,1.9096948753629215
589,1.8363944065792
590,1.851696984055364
591,2.0075546672369766
592,2.0286134209966837
593,2.0757954714019466
594,2.0898528485490817
595,2.297026836659279
596,2.0704052516153824
597,2.0398959659932983
598,2.0948993308727473
599,2.269319638027158
600,2.090290584913127
601,2.0644053920516896
602,1.9798184487983168
603,1.9934247764647604
604,1.9841918219776047
605,1.9902610313299467
606,1.8944333617255402
607,1.9896306577773002
608,1.89821009277837
609,1.7236206289061307
610,1.7331623734863366
611,1.9884704497325105
612,1.7865183437256633
613,1.7984800042909117
614,1.7493690117856076
615,1.6740878843945302
616,1.8363175332584076
617,1.5560867482238212
618,1.5510832412695734
619,1.6140615913928775
620,1.501634265315367
621,1.4231778128850137
622,1.3644416786683904
623,1.3083119440725717
624,1.305487644678021
625,1.232864209035445
626,1.5473755237276057
627,1.727398919330574
628,1.6693335793548474
629,1.3719298297001572
630,1.4734906310230365
631,1.291762064733125
632,1.3997521919231721
633,1.2844564218640657
634,1.3252683686037288
635,1.2773066484783095
636,1.2409627926380769
637,1.2655788108468382
638,1.1518788979865369
639,1.1144047198053086
640,1.0171051603568488
641,1.0053047978673963
642,1.0472461038028267
643,0.9801278246621359
644,1.0103244910748952
645,0.9726931210514462
646,0.9794435008339849
647,0.9438742831149994
648,0.9282476979146084
649,0.8744935281125275
650,0.7413723206820926
651,0.7426696475760072
652,0.7359651048739948
653,0.673928308235235
654,0.7060927464362676
655,0.7630959231691508
656,0.727018095056412
657,0.7537053756286355
658,0.7140295197984442
659,0.7167546541388654
660,0.7963844680870377
661,0.8047091349454668
662,0.8269356397001347
663,0.8337038693637757
664,0.9304487744131751
665,1.0203835113472008
666,1.3807660788687066
667,1.556328748757886
668,1.4879952984156963
669,1.3774711019733434
670,1.528646659883247
671,1.3492809066504532
672,1.5066496716641038
673,1.3128830509217813
674,1.331368475959646
675,1.5058533347230911
676,1.4558143548233067
677,1.1293337034945157
678,1.1120347773377919
679,0.9509689733447432
680,0.8535969487395761
681,0.9173812153009712
682,1.00356021251965
683,1.1291645778296595
684,1.3597705058368863
685,1.4224084303148326
686,1.653180200231428
687,1.6145753089945245
688,1.5690558219097497
689,1.6431718930166175
690,1.728436700934821
691,1.7067310114173355
692,1.692553297571588
693,1.6937670162399774
694,1.6934844200205679
695,1.654731250033303
696,1.682773549727357
697,1.6501161336263315
698,1.7394736275166522
699,1.6353224924521492
700,1.75089317860436
701,1.5977736775542208
702,1.6581359862150271
703,1.5610847576434197
704,1.6880715488700129
705,1.6566257047693231
706,1.4199401617115615
707,1.3867636335604046
708,1.3855160388004093
709,1.3684512211318853
710,1.4014927625835498
711,1.4273945471500418
712,1.4489803169429867
713,1.4108523167918772
714,1.3699830333580163
715,1.3647735001510775
716,1.3313822554497672
717,1.1690337769300785
718,1.1526379715594324
719,1.2044068881928272
720,1.2055073076316691
721,1.1853382440275655
722,1.066246517971495
723,1.0595930653265055
724,1.0117521740116449
725,0.9741953103589803
726,0.9564874064444157
727,0.9999412734965549
728,0.986024661797941
729,1.0623625246631405
730,1.1030634778287747
731,1.1558988951813562
732,1.246004864283511
733,1.3104571137685654
734,1.2366854550961315
735,1.3129280624525788
736,1.403799373386945
737,1.61219142177364
738,1.6524677787515067
739,1.6884156700009068
740,1.7088750797871122
741,1.6572244909873768
742,1.6115551016467475
743,1.5679105023241429
744,2.1303760914622254
745,2.977108290193289
746,3.4274864871087414
747,3.80698317781526
748,3.9062739218041256
749,3.8089202799736768
750,4.746638721716049
751,4.926322651167807
752,5.529239252446728
753,5.603951730942463
754,5.694879384709728
755,5.739099630222314
756,6.272225015838466
757,6.325392349749653
758,6.313469330461251
759,5.925121377117422
760,5.842790023336892
761,5.765070195698107
762,5.202822693009425
763,5.804608248914732
764,5.242301900211402
765,5.090503833216988
766,4.969491349329855
767,5.020229484188664
768,4.876439952688512
769,4.631957773025031
770,4.27721834100325
771,3.6573026068070935
772,3.046866018633608
773,3.837378505035829
774,3.856444975524727
775,3.838768458877942
776,4.603501633393181
777,4.137764380075616
778,4.36162724091609
779,3.7425246216338977
780,3.086137686777758
781,3.33454393400764
782,3.3115928376314505
783,3.3226771558901467
784,3.084105056408718
785,2.9506753708649
786,3.1087766445356784
787,2.9890796502315986
788,2.947483745632283
789,2.5584908933251396
790,2.7465689607099972
791,2.5304747894047344
792,2.2348406664520146
793,2.1526747861752726
794,1.8558827422582143
795,1.8335543426622938
796,1.5852051904637732
797,1.5564856393438715
798,1.566268666836741
799,1.5428319495023735
800,1.5550802336815168
801,1.5216746101904604
802,1.4603005391519874
803,1.7099258905963228
804,1.7412601176891023
805,1.5625341597471913
806,1.565781652937724
807,1.6817990721500227
808,1.7240903114338795
809,1.780475119777156
810,1.9416859227819507
811,1.7306592801815008
812,1.686052045742091
813,1.4682296254458675
814,1.3040075825957156
815,1.2160899695169634
816,1.1613171263305395
817,1.0569765321518887
818,1.1233945277312534
819,0.9959754843034581
820,1.1088854039214524
821,1.0176095293038272
822,0.9689241591382833
823,0.9753541469540263
824,0.9951254746080879
825,1.0666957386173637
826,1.208489158527808
827,1.2963236671663467
828,1.4652332213771293
829,1.5308004262485648
830,1.5715490214054157
831,1.6894119719327765
832,1.7064175531905053
833,1.5670989559531898
834,1.2823313128715903
835,1.2282405755546082
836,1.2210874710831077
837,1.2552570118852824
838,1.1333088829677942
839,1.1611928339993265
840,1.0629675804480723
841,1.1485934051890525
842,1.1561258085064474
843,1.2636783604786064
844,1.4499823967482297
845,1.670275887265715
846,1.7142730416770577
847,1.8905700559509964
848,2.278018797099165
849,2.3695115332020333
850,2.1140154715194304
851,2.299838262987499
852,2.0322983540150297
853,2.0448781824499003
854,2.0571419051525366
855,2.0629346635594676
856,2.2389342270377384
857,2.2339605635450863
858,2.2389702348243925
859,2.5400190666581177
860,2.248240828984973
861,2.23685371101953
862,2.255489090757714
863,2.0341040241370467
864,2.144716373606245
865,2.124003006563931
866,2.0141073511735317
867,1.821423935873435
868,1.7975154502001625
869,1.9549053994616685
870,1.8758250057053063
871,1.8687989534585079
872,1.816237480856666
873,1.827288298057742
874,1.7654903979979253
875,1.7274066301765834
876,1.720854887063495
877,1.7878390171312684
878,2.2226964949791808
879,1.9603331851374408
880,2.1128310104823904
881,1.7307876081040272
882,2.014821631098575
883,2.0006847615630527
884,1.6551733327665692
885,1.8092780430722155
886,1.753576201933545
887,2.01410359377323
888,2.0602576173311635
889,2.293730651252791
890,2.1590918120610265
891,2.208486594404661
892,1.7718825301880707
893,1.7696854808739277
894,1.7181122171172487
895,1.775701777232793
896,2.075362043541971
897,2.0476814821339198
898,1.9634162932256698
899,2.1047109668726165
900,2.262227097015962
901,2.292012963913141
902,2.083929228591959
903,2.1678409196599566
904,2.1677193405521096
905,1.9430223558587192
906,1.9268468509632324
907,1.8192534228691053
908,1.8037570874116566
909,1.8564521383947823
910,1.64598562342276
911,1.5663984729709388
912,1.578514535902694
913,1.5266425480056787
914,1.6172954006928595
915,1.7345084395238046
916,2.0134311448176185
917,2.423450788823215
918,2.9362422104209687
919,3.179976799748994
920,3.5113743364417296
921,3.194874676534638
922,2.983009015302185
923,2.7177142051973813
924,2.553500041364942
925,2.7496209089894736
926,2.596428398003633
927,2.7326254485566865
928,2.7656792532146453
929,2.814770336081452
930,2.880213320821378
931,3.0882959973548036
932,2.973036089615861
933,3.1232156527125823
934,3.057177826503702
935,2.7737281950043027
936,3.0625019328347967
937,3.3670917881039344
938,3.0868523712114073
939,3.0311931445520655
940,3.067077739699355
941,3.0186572750425538
942,2.9024700769854284
943,2.8692571518245176
944,2.6006323981535635
945,2.810668617518731
946,2.799090241778885
947,2.55830341266763
948,2.7186790550808815
949,2.6318364690699485
950,2.5417989242450996
951,2.5634010147801627
952,2.4074228060957212
953,2.37192568744465
954,2.1893917264668716
955,2.1229484919856016
956,2.1671224348750586
957,2.253807055953758
958,2.224955545002653
959,2.2555913269198666
960,2.5323935488642006
961,2.6088831563017885
962,2.8572440925408986
963,2.7884598019501867
964,3.4360656741717683
965,3.482673830697025
966,3.8389133058100415
967,3.4316767723972843
968,3.862566437425455
969,3.411983934877519
970,3.679161652790935
971,3.075494598789847
972,3.194191174407722
973,2.9005173092277947
974,3.0484258273418745
975,3.751020342773256
976,3.462179003335114
977,3.8024818488001277
978,3.7375531704490266
979,3.692149135606227
980,3.8402295118117085
981,3.8703218407461515
982,4.156343813949426
983,3.9019096081219127
984,3.836916337706131
985,3.469746665388975
986,3.7617179524499695
987,3.3508769915684056
988,3.3709987087626865
989,3.3637642244397177
990,3.5356444988275118
991,3.3160141261132474
992,3.3427176748831524
993,3.1987214594424724
994,3.0537301579623364
995,3.093938789899283
996,3.1065602132858317
997,3.08561154835744
998,3.0366057182706405
999,2.8402460968485617
1000,2.985650515279108
1001,3.1977671465734354
1002,3.1421310935956717
1003,2.901211708212251
1004,3.0332784167657616
1005,2.8926357360545643
1006,3.0122280587777523
1007,2.790539220540382
1008,2.8885278877129394
1009,2.917281715561284
1010,2.507526695964287
1011,2.7561359199351996
1012,2.5907210558378475
1013,2.668844093548916
1014,2.5212107015947
1015,2.7775593912786656
1016,2.2644134361085673
1017,2.4329275560247217
1018,2.5053407079704737
1019,2.2302432762975237
1020,2.4816098522876953
1021,2.1890728019546954
1022,1.9423147385149055
1023,2.0945600927247034
1024,1.9714955852611793
1025,1.924871121886653
1026,1.8364968111953408
1027,1.8442044673418003
1028,1.8718627729755206
1029,1.757737698042044
1030,1.7990387294221029
1031,1.6464089214779565
1032,1.7629838136173666
1033,1.5277647520466433
1034,1.4369308085061268
1035,1.5153150599221221
1036,1.5702145382534163
1037,1.5291014946492738
1038,1.4026483805015637
1039,1.3619054751922566
1040,1.5265211664290106
1041,1.5895326781859842
1042,1.6058945453826807
1043,1.6627596560056028
1044,1.7575851079925948
1045,1.8993814786238343
1046,2.0064228410690834
1047,2.004722994439228
1048,2.1136292867446613
1049,2.0005641022426355
1050,1.968853578220545
1051,2.1704782458409593
1052,2.0251343770197794
1053,1.816481494336077
1054,1.8857143502404405
1055,1.8427173984748946
1056,1.909319881423309
1057,1.9382961801012881
1058,1.9192780019488458
1059,1.9875993723782661
1060,1.7804034411250416
1061,2.2253150790775047
1062,2.0497650418693567
1063,2.5734413536174063
1064,2.369562919348727
1065,2.6046772136060143
1066,2.7105907321300777
1067,2.7628205730769606
1068,3.2703839452223424
1069,3.6482318574802113
1070,4.476364780931201
1071,4.487417146776703
1072,4.622913704031483
1073,5.049679611324443
1074,4.8184910292137015
1075,5.122422471672626
1076,5.161949028549258
1077,5.803668673568726
1078,5.269405048545848
1079,4.979071549975557
1080,4.8977779222142495
1081,4.676872458370114
1082,4.803614348500739
1083,4.528438286020501
1084,4.981943387471725
1085,5.309253417923894
1086,6.224289864224337
1087,6.711411579416172
1088,6.776973387966022
1089,6.808724340615327
1090,6.882683400328507
1091,6.778661733879967
1092,6.8041747651459055
1093,6.9262279659610675
1094,6.890531538995089
1095,6.955051254394245
1096,6.833198225274085
1097,6.790698634510757
1098,6.72521907316856
1099,6.673026166387018
1100,6.127967956200909
1101,5.942963583589396
1102,5.8442772678402175
1103,5.56609876996626
1104,5.110337473995667
1105,4.885534592938845
1106,4.6039016281805045
1107,3.9467798141986443
1108,3.683797920196741
1109,3.5402671695779273
1110,3.5769501277507705
1111,3.358066794403653
1112,3.1900632464016807
1113,3.229731217720896
1114,3.7060826280782697
1115,3.8532296496215213
1116,4.557245632007508
1117,4.407606610601926
1118,4.507562409317792
1119,4.078094508491279
1120,3.7460371250351736
1121,4.160675631810531
1122,3.6802806257597354
1123,3.803670171139339
1124,3.4680638041273903
1125,3.158155532254803
1126,2.592627929745306
1127,2.8177518702862936
1128,2.573661969076843
1129,2.665952055000723
1130,2.875558913591673
1131,2.6601094569260373
1132,2.8538144343300216
1133,2.659737740544158
1134,2.671689531841256
1135,2.6630159671311695
1136,2.7126312028926214
1137,2.5387293712984564
1138,2.4399968213392587
1139,2.4274402629529477
1140,2.8842292962545186
1141,2.9137320194746454
1142,2.6866982017777143
1143,2.687998063507275
1144,3.025939051929955
1145,2.7848345583923098
1146,2.908068890837591
1147,3.003840273325623
1148,2.958254484155901
1149,2.986746397318133
1150,3.3410717978423214
1151,3.402648635617154
1152,3.8599982409340203
1153,3.3247264291266183
1154,3.226845418331635
1155,3.28861147114301
1156,3.322441524879159
1157,3.470873512314149
1158,3.3803551094956448
1159,3.626348855103606
1160,3.4066378926956546
1161,3.8438260732791742
1162,3.711552963308989
1163,3.73749800606992
1164,3.9021476975943683
1165,3.7583652746646448
1166,3.723188254071084
1167,3.48178035884333
1168,3.5990187795681097
1169,3.579411794945982
1170,3.5450679367521
1171,3.6027908501060737
1172,3.9801256392287283
1173,4.047630866518065
1174,4.127387890318874
1175,4.383392232527997
1176,3.911075241609151
1177,3.780564493596082
1178,3.3756977437752735
1179,3.3903392718043386
1180,3.366579527501948
1181,3.33337017958944
1182,2.9023635996318817
1183,2.987351391642413
1184,3.061120553339201
1185,3.0038465808107264
1186,3.169572019523949
1187,3.19562211392961
1188,3.2794279451147035
1189,3.024659694270393
1190,3.187457805817985
1191,3.010436299838208
1192,3.193031485624459
1193,3.3832838345793856
1194,3.173015351518711
1195,3.0918666323592756
1196,3.0853398383862096
1197,2.8764381511883936
1198,3.068346395228817
1199,3.09837391195118
1200,3.1189081710333877
1201,3.028074917405502
1202,3.0361623375499898
1203,3.3009887551446164
1204,3.022954994715062
1205,2.9486679075200195
1206,2.7898146218773476
1207,2.716309022127673
1208,2.989835393259065
1209,2.746126751208474
1210,2.5187307977318314
1211,3.1345049330751236
1212,2.974747942808862
1213,2.5921211775099136
1214,2.9930290559944885
1215,2.8590018562312016
1216,2.892328416107343
1217,3.2114883699570442
1218,2.853304720938044
1219,3.170013535536993
1220,3.173168001271363
1221,3.1509837822358446
1222,3.20384709960964
1223,2.8072398682532
1224,2.8384102880674553
1225,2.9581777787245236
1226,3.3636124444667597
1227,3.5408676336088623
1228,3.6644757309207
1229,4.1601951538677255
1230,4.178411650794629
1231,4.456765516346964
1232,4.376514612191999
1233,4.050355752579145
1234,3.82038985398525
1235,3.8249578624297214
1236,3.943203489638826
1237,3.817638804067346
1238,3.7415053302947787
1239,3.509923796467351
1240,3.6931718433284635
1241,3.786940595517579
1242,4.040786493540067
1243,4.722596497699425
1244,5.568146265967009
1245,6.558313103736345
1246,7.14859155965643
1247,7.197982045239224
1248,6.658087502124751
1249,6.496667633765
1250,6.395140322006514
1251,6.260866563372701
1252,6.370559090697424
1253,6.322416250147179
1254,6.387568893533743
1255,6.4090383285553765
1256,6.410529082800415
1257,6.1646736356306535
1258,6.061460453092084
1259,5.942435598251456
1260,5.966785671829391
1261,5.906833376907478
1262,5.302167554686911
1263,5.116831405183178
1264,5.015258031899662
1265,4.928720823159818
1266,4.956650023777998
1267,4.86590837633856
1268,4.870428603716433
1269,4.861045558092345
1270,4.482586111145289
1271,4.180945872952016
1272,4.29410937471683
1273,4.105179083629149
1274,3.729612331031806
1275,3.8153085296966203
1276,3.77385659998029
1277,3.406072110708235
1278,3.4564624353615443
1279,3.641279781453838
1280,3.6772730581898965
1281,3.6154800328698626
1282,3.4012725649742923
1283,3.3002578251065806
1284,3.446795784159288
1285,3.241002183259136
1286,3.3470597974578613
1287,3.577314770307583
1288,3.6727815199298677
1289,3.43808930579253
1290,3.5719119073985963
1291,3.6504651986192034
1292,3.4979788652288866
1293,3.6452988314924326
1294,4.015667944163502
1295,3.5641905060482157
1296,3.9046878199521147
1297,3.834703511797405
1298,4.307242099792361
1299,4.403348378908295
1300,5.152951179125991
1301,5.493916718243502
1302,5.500666571197999
1303,5.1546500751966935
1304,5.105488439646972
1305,4.714968542667957
1306,4.268900738466541
1307,4.401228138128217
1308,4.431517382159777
1309,4.078165405918228
1310,4.289923250698503
1311,4.019784535402828
1312,3.8604423601868096
1313,3.877336139262572
1314,3.478389705645855
1315,3.439274940289055
1316,3.0612275364488357
1317,3.311945984922231
1318,3.35155031832623
1319,2.9901132706095277
1320,3.005095862943385
1321,3.0500749973672736
1322,2.84705056244632
1323,3.014683354232664
1324,2.555577235052075
1325,2.686541478640699
1326,2.6236314321942915
1327,2.32150694791699
1328,2.561366830675249
1329,2.3585714850736497
1330,2.8625392267809047
1331,2.568864343407304
1332,2.8156737910772596
1333,2.804270242434432
1334,3.0431334552020566
1335,2.639797896811301
1336,2.914977098038426
1337,2.826994103899405
1338,2.9347382512941196
1339,2.953023989218763
1340,2.563308811941487
1341,2.538759602849755
1342,2.469676840345814
1343,2.7482640511377596
1344,3.0268067002515173
1345,3.103939362409648
1346,3.0217554289365767
1347,2.5558921599402757
1348,2.5542325897459883
1349,2.5369402579422036
1350,2.6277043004720166
1351,2.29420902273832
1352,2.457842163047944
1353,2.396959120254748
1354,2.3011680311536478
1355,2.458773535001705
1356,2.4924739429637457
1357,2.6443726954443627
1358,3.0619618685889654
1359,3.497323402306195
1360,3.7979945969960522
1361,4.255207523811032
1362,4.689578647444274
1363,6.133887237774039
1364,6.013834958789343
1365,6.007884070728127
1366,5.080296883824356
1367,4.946112958541852
1368,4.562775911738289
1369,4.320145800961215
1370,3.9284896231068718
1371,3.419015251535813
1372,3.6986927119153212
1373,3.933186733162732
1374,3.744712586393049
1375,3.361872414804941
1376,3.34772231064556
1377,3.496957733001189
1378,3.6899933660968522
1379,3.4426917056239965
1380,3.237276441637024
1381,3.490539627184075
1382,3.500458974443188
1383,3.8764919137374574
1384,3.4012201645019156
1385,3.214263208222051
1386,2.8176592610270617
1387,2.833955798738433
1388,3.085139136645193
1389,3.140159446104821
1390,3.224370108329941
1391,3.1366128494223955
1392,3.3836666772840522
1393,3.8977755626216397
1394,3.9666902667085924
1395,3.9380465313943787
1396,3.9016553999552515
1397,3.1462014326988212
1398,3.021679497448026
1399,3.0420122988820664
1400,3.0222283122982794
1401,3.0289122443462264
1402,3.0313002780309586
1403,3.1170931948541716
1404,3.129303640535987
1405,2.887983627836723
1406,2.949432316573469
1407,2.8765957716051695
1408,3.062763073444226
1409,2.9232056577106453
1410,2.774098913219771
1411,2.9264517869749933
1412,2.5497983628589167
1413,2.420525085531791
1414,2.236727746240859
1415,2.21391834611028
1416,2.191091023940601
1417,1.821405342519311
1418,1.9021523515680163
1419,1.842365286714235
1420,1.9983799495789931
1421,1.8602124434855531
1422,1.8484460248100827
1423,1.7955082397699604
1424,2.045993676857888
1425,1.775501805894446
1426,1.7054569156905044
1427,1.6782028019417237
1428,1.5601570968175686
1429,1.734811674529196
1430,1.4572276030995057
1431,1.4116233227806494
1432,1.3234242668071259
1433,1.3420666906674716
1434,1.2487915788169124
1435,1.2246460831834216
1436,1.2066286828340804
1437,1.3060725662829142
1438,1.2768469578827446
1439,1.2302911054746821
1440,1.1255831917759038
1441,1.1085433986425466
1442,1.1873871165407928
1443,1.1084437059031305
1444,1.10885774555474
1445,1.1024671061742175
1446,1.1127841208050655
1447,1.2056313499300988
1448,1.2285635681114837
1449,1.4059461782597045
1450,1.5749221313054542
1451,1.6493391626296527
1452,1.6249304161587061
1453,1.6821968718213107
1454,1.905472733562249
1455,2.3388653979881355
1456,2.671053779831818
1457,2.7032420999387003
1458,2.5780878733749577
1459,2.604727558239088
1460,2.724431949844574
1461,2.693918398896511
1462,2.878818293380033
1463,2.6815589195838965
1464,2.7278134036449155
1465,2.6890038988397187
1466,2.651997072359799
1467,2.6270061088325556
1468,2.284425131529259
1469,2.441421884093426
1470,2.1901151933726317
1471,2.161798383976148
1472,2.1077244365385797
1473,2.1108417871362284
1474,1.9563001943522518
1475,2.1492475086299248
1476,2.170736790612926
1477,1.9965580034813015
1478,1.999117410960779
1479,1.879869713605265
1480,1.7498772764053108
1481,1.7621473008396848
1482,1.5264056556127543
1483,1.497352319414124
1484,1.3772464346827038
1485,1.2048984278823316
1486,1.1864102399852197
1487,1.3416071574945208
1488,1.3283757614504517
1489,1.2228823637138668
1490,1.0736632553542478
1491,1.0395268070215165
1492,0.9990033264317871
1493,0.9402006099746507
1494,0.8917206162274844
1495,0.9703535918260174
1496,1.0347338731312765
1497,1.173488079667944
1498,1.182237525041726
1499,1.276241511182203
1500,1.3944997407397983
1501,1.4993295081317823
1502,1.7111159040147494
1503,1.9230238196752805
1504,2.043936410632031
1505,2.002706333169811
1506,2.2314190529523814
1507,2.3165887408321573
1508,2.6905423445602015
1509,2.3224492284782308
1510,2.2821169702113546
1511,2.621726684044294
1512,2.066683670262269
1513,2.6302673175014455
1514,2.23779808852469
1515,2.84613681789449
1516,2.8450847549876572
1517,2.977745388320291
1518,3.4603887207851645
1519,3.5204251862244673
1520,3.623718759817378
1521,3.8855511684681043
1522,4.212866798582346
1523,4.736483457277477
1524,4.431751939231192
1525,4.9034178761606855
1526,4.942342063418142
1527,4.904477781225548
1528,4.8917272485846635
1529,4.90294617684045
1530,4.9571690264159995
1531,5.027551382047868
1532,5.004632185249551
1533,5.877567575903553
1534,5.068222466862041
1535,4.741598232290944
1536,4.887306227271351
1537,4.814339741914431
1538,4.4666409724370295
1539,4.577876342058865
1540,4.81562734517521
1541,4.960736858835718
1542,4.582967775279094
1543,4.7257809335156935
1544,4.817966157353724
1545,4.736561232500986
1546,4.532680956508195
1547,5.165375434554689
1548,5.015601813291683
1549,4.940173844580064
1550,4.984295407323768
1551,4.94899407354365
1552,4.793968142664614
1553,4.742543753974227
1554,4.461862940876263
1555,4.770984409992775
1556,4.570018809524982
1557,4.893068115932988
1558,4.9574394194679465
1559,5.796462511105534
1560,5.622540543440557
1561,4.877874381337616
1562,4.932811368103482
1563,4.7311501645126395
1564,4.697516219577306
1565,4.469254535383416
1566,4.365860176238328
1567,4.7943096955560724
1568,4.772236603965124
1569,4.854858509585898
1570,4.460367720792816
1571,4.28661358567237
1572,4.595165563957339
1573,4.319077580370125
1574,4.44263238410036
1575,4.363276616369772
1576,4.5498598486911375
1577,4.1290069631704975
1578,3.942402020113652
1579,3.929838133571707
1580,3.5544563571698613
1581,3.454246569302862
1582,3.4489771321040323
1583,3.1333052936957655
1584,3.5110269683857616
1585,3.3664133381842873
1586,3.152301812845028
1587,3.131201352388204
1588,2.9794325513584705
1589,2.716572085184877
1590,2.703450981328236
1591,2.5650015823267664
1592,2.4911852622257427
1593,2.2337062862582635
1594,2.4349192392126286
1595,2.4511531014697243
1596,2.4411982349077146
1597,2.479184528743879
1598,2.6518973128530092
1599,2.452268431185975
1600,2.6851122507872756
1601,2.834693598914042
1602,2.516342965126935
1603,2.228669035102631
1604,2.1728566128870637
1605,2.4468683928848374
1606,1.9270477854264683
1607,2.123863987203273
1608,1.877894145360928
1609,1.851927901327665
1610,1.8506164931880664
1611,1.8233529977273126
1612,1.692021800103826
1613,1.5575195607750942
1614,1.4523654000904644
1615,1.3477283409182963
1616,1.3346252258356417
1617,1.346262878641731
1618,1.270948919924981
1619,1.1393899141567294
1620,1.1897477473237816
1621,1.0503549999186048
1622,1.0428817479059798
1623,0.9667051052535056
1624,0.9704675821467191
1625,0.983048159826674
1626,0.9672827668755186
1627,0.9675261754098127
1628,0.9866428637122356
1629,1.0547400387993215
1630,1.1628615058539107
1631,1.0952937323665346
1632,1.8006687797331402
1633,1.569988961722397
1634,1.571940971308448
1635,1.9374379918204547
1636,2.3377556339193384
1637,2.233221740709722
1638,1.8880436483134921
1639,2.061524630411228
1640,2.4573753083356347
1641,2.1845112217721
1642,2.525643067904945
1643,2.7085823970767606
1644,2.964109162685393
1645,2.7931716614474382
1646,3.016876155496502
1647,2.7304848564511923
1648,2.4956597393933357
1649,2.2471162646895815
1650,2.0953526394160424
1651,2.076162855278291
1652,1.9100631493676907
1653,1.9196366872740247
1654,2.034842468236409
1655,2.0897207521145678
1656,1.9689159552279307
1657,1.793836503733644
1658,1.7860036849295182
1659,1.831373292787477
1660,1.767402245675032
1661,1.6368732778081707
1662,1.633867817022741
1663,1.6822342992872246
1664,1.5662354007066617
1665,1.547732069766309
1666,1.5937910868763199
1667,1.5527989816648042
1668,1.7721782897128726
1669,1.7831571392139427
1670,1.9737378102038736
1671,1.7452663628341207
1672,1.8301661843866108
1673,1.743316444656343
1674,1.7948858677862398
1675,1.4949314371569622
1676,1.4011676935040787
1677,1.5184792126991211
1678,1.4089148238776086
1679,1.443578984536002
1680,1.5890422072299946
1681,1.5334502940980934
1682,1.5038713694522474
1683,1.6616669925446848
1684,1.5385157290207685
1685,1.6495714686991219
1686,1.553931994199962
1687,1.6951467652140182
1688,1.531138189749726
1689,1.4611541496523683
1690,1.577919925768313
1691,1.5030153085336884
1692,1.536053651275634
1693,1.5493260840306224
1694,1.5197488961426424
1695,1.6097267132337298
1696,1.5883608689287931
1697,1.6125838770509102
1698,1.4339600118248177
1699,1.5649377547712273
1700,1.3634016564330615
1701,1.3826392979983748
1702,1.3654242997657502
1703,1.4624736721387495
1704,1.458507376197745
1705,1.4695776529230453
1706,1.5924031295676544
1707,1.5749992094154646
1708,1.5248305049566233
1709,1.4889255307381395
1710,1.6216991025589282
1711,1.6376968888977788
1712,1.7653140021256746
1713,1.7205007807266801
1714,1.7653361099982021
1715,2.0111877214816736
1716,2.042770499279145
1717,2.0593485572792467
1718,2.8824788505967014
1719,2.9935498105454723
1720,3.128144450679679
1721,3.685740662888884
1722,3.859802594939717
1723,3.838005707084983
1724,4.110693435464747
1725,3.6239489577879787
1726,3.9736186625787995
1727,4.435472163759099
1728,4.618937406170625
1729,4.652950705573226
1730,4.697709313022794
1731,5.560643121846288
1732,6.254761340971749
1733,5.687697670766353
1734,6.303639260539395
1735,6.320955963202171
1736,6.39976676653552
1737,6.408380757407104
1738,6.439517270714995
1739,6.396799560135295
1740,6.36958576921893
1741,6.402991370970121
