,0
0,1.6698227294890324
1,1.5592945372881202
2,1.461076633797104
3,1.474992653695312
4,1.2736410583952742
5,1.427158071065123
6,1.2793515746506046
7,1.3686705457889725
8,1.2771341190728673
9,1.3256859695939627
10,1.4360002437264228
11,1.526241380776316
12,1.6482029794998605
13,1.7002079927157256
14,1.6935409219182445
15,1.9421166510989638
16,1.8198726330332196
17,1.7943659129670158
18,1.713277323792838
19,1.704780257643903
20,1.7841833544621237
21,1.7692859374759986
22,1.8749000159567453
23,1.9068396898219704
24,1.8268408254515411
25,1.9432982461517112
26,1.9260632325069202
27,1.7742408718767195
28,1.803252507956637
29,1.7153053644288843
30,1.6693092372925031
31,1.5390911576689905
32,1.6575660602278743
33,1.5215266558332126
34,1.5038711417724848
35,1.360198465176514
36,1.5241010311835461
37,1.4069095709302324
38,1.280186082565953
39,1.271176938534351
40,1.2248006466225658
41,1.2491089448547352
42,1.2701461215009935
43,1.2061534984739304
44,1.2537784845642495
45,1.2612806736035718
46,1.2483868093696409
47,1.1888339588833867
48,1.174235155380577
49,1.2019961395491445
50,1.1752018521139174
51,1.192779037038632
52,1.3017199093905394
53,1.2825611001049215
54,1.3914438070779063
55,1.6669965076587654
56,1.5464215411702742
57,1.5588828039079927
58,1.6620016741214865
59,1.716365157992629
60,1.6792821985838928
61,1.964697706248155
62,2.0781019234972904
63,2.2117447596756543
64,2.0993535526864697
65,2.1666945181693644
66,2.5614977514897617
67,2.7299840965664766
68,2.7177277523776766
69,3.1529767449423196
70,3.270375955471847
71,4.012019725734026
72,3.9813380730991965
73,4.098288319925533
74,5.141786558064949
75,5.1058216507260905
76,5.147045115860075
77,4.998687403297785
78,4.545570487314373
79,4.790585095517853
80,3.8096715155195136
81,4.235532382676003
82,4.509605623985241
83,3.9526956801139272
84,4.048792397986977
85,4.469020692383671
86,4.436338978093596
87,4.484813473056143
88,4.012880036775089
89,4.381379742788281
90,4.508623007257875
91,4.131832632425169
92,4.3340537456806185
93,4.812359230237353
94,5.2610714140638635
95,5.276557242224403
96,5.288144844113253
97,5.1876515371410585
98,5.482859404822188
99,5.288487808642264
100,4.726045350882173
101,4.5054514277806526
102,4.736917443830391
103,5.009894723255995
104,5.266902207969236
105,5.03118319504659
106,4.821467135516778
107,5.017636262504634
108,3.9771924622031243
109,4.785918317957314
110,4.509852283401979
111,3.988125243835438
112,3.708385245898928
113,3.6398206419309096
114,3.0707711172079164
115,3.4307589351953673
116,3.4074240597356957
117,3.415100772369851
118,3.4858778833246675
119,3.465934736353553
120,3.3271648221782555
121,3.181205175725978
122,3.3394497002128456
123,3.375902432677378
124,3.3745881524383963
125,3.444449315647927
126,3.0578537362920843
127,3.00675958631324
128,3.223993066390086
129,3.411372237491849
130,3.011555462989443
131,3.41331780323931
132,3.4179657006501363
133,3.3876878926943856
134,3.4927335169830602
135,3.412462305256771
136,3.61357266405507
137,3.39994782495919
138,3.3575602223776224
139,3.057681224484653
140,3.0898101669934044
141,2.6598549441392665
142,2.4975045177666524
143,2.347246754750392
144,2.748353947722989
145,2.574482166100201
146,2.4373674673722
147,2.3305992946421883
148,2.1805399321359777
149,2.17415713322702
150,2.0710345147298814
151,1.754064720203592
152,1.7325687858374372
153,1.649709389046753
154,1.5495709596578209
155,1.6731862999699294
156,1.669174361909278
157,1.612812264006861
158,1.4882830237949412
159,1.4687321743465072
160,1.314159953650271
161,1.3821143242782514
162,1.3128756920104152
163,1.3077928920224353
164,1.082604797223501
165,1.2634127906422008
166,1.1719386203064825
167,1.2898493064229448
168,1.5437264207545336
169,1.7504756846315346
170,1.7410678303074594
171,1.8228133362106478
172,1.664083827558645
173,1.9597017919446782
174,1.712008809004004
175,2.021392433698991
176,1.8467558542104154
177,2.0335202553106058
178,2.363253816718507
179,2.171186434638732
180,2.2438525586565747
181,2.1195262831756247
182,2.164818521311164
183,2.09785623364848
184,2.214057582450719
185,2.2955542961204554
186,2.254689470423305
187,2.174785203125612
188,2.1230284330501146
189,2.0874122937634807
190,1.9309724558331496
191,1.9971962462602724
192,2.072086513144191
193,2.1137215983675626
194,1.8749484294992091
195,2.0826695535383615
196,2.241428070680914
197,2.277035099805188
198,2.2613249198409044
199,2.4787725411984507
200,2.715144738151326
201,2.414657497038442
202,2.5097717622630205
203,2.583806467882612
204,2.4769621287705137
205,2.3979397292130615
206,2.4231025443545984
207,2.600214203423094
208,2.520229058673051
209,2.415038709970667
210,2.373739227561434
211,2.514402513964851
212,2.4807589214435875
213,2.5381300213955713
214,2.520519027771933
215,2.464497916465509
216,2.318030575619002
217,2.1586085849647225
218,2.1244692294849923
219,2.1787361713004483
220,2.085444113029768
221,2.084084014718294
222,2.0436937969032085
223,1.9317821685847594
224,1.921181660087391
225,1.8718167777797703
226,1.7567357247150008
227,1.7307634749085066
228,1.5841931130761169
229,1.6407611546614869
230,1.5915956761289745
231,1.5404561006152329
232,1.507991399456184
233,1.4573023856324692
234,1.4890426676213868
235,1.501763684529238
236,1.324332782476516
237,1.5126811563516773
238,1.3985741981966275
239,1.2970121980213587
240,1.3828879183140985
241,1.3625556292494394
242,1.491211466820877
243,1.4914688311623732
244,1.4914557864200417
245,1.4382648502449438
246,1.4881967299527414
247,1.5878113330384849
248,1.543110062026312
249,1.5761872957614915
250,1.6618452036847522
251,1.6370284688044494
252,1.4757722183436872
253,1.54030901695284
254,1.6312701331329658
255,1.4794024444346705
256,1.462753336681046
257,1.414769648652926
258,1.449723755067269
259,1.6094644344778493
260,1.6705555622253645
261,1.6697949796089702
262,1.4721404635571478
263,1.4971420595363922
264,1.3438155406487162
265,1.3593620183318897
266,1.3064813645361042
267,1.2082769183629483
268,1.194060939507277
269,1.187916960469516
270,1.2605913243913953
271,1.1086811275202169
272,1.2701586240863123
273,1.2105901118345521
274,1.3729603817893632
275,1.5048387703523625
276,1.664934109381209
277,1.9328685319445356
278,1.9952569718290076
279,2.180126193568964
280,2.3869440420196915
281,2.5463847418376027
282,2.997914721755908
283,3.203341885216124
284,2.978749064431635
285,3.2756957475792605
286,2.6147101893882914
287,2.5581581053303184
288,2.3973974539122334
289,2.2347881266114777
290,2.234044542366932
291,2.1295466399873586
292,1.9880787776051858
293,1.936075115018318
294,1.9206523429470626
295,1.7923051037941018
296,1.82012835628548
297,1.7540677586463775
298,1.7349253939187934
299,1.8316098705397117
300,1.886010768239527
301,1.6696508467101807
302,1.6780147621639494
303,1.5919550861386258
304,1.537495591367594
305,1.5391188146778918
306,1.546666833957238
307,1.4363015799651104
308,1.4915489638177073
309,1.458040324170496
310,1.7191779031925918
311,1.551194499152956
312,1.5196867570894823
313,1.4432225169101447
314,1.4851970780067536
315,1.4825132497005216
316,1.4396826996635266
317,1.4802301227562995
318,1.3154475245145314
319,1.3622481651974039
320,1.3273680846173606
321,1.4419982642724432
322,1.4510449424568928
323,1.3935660383705466
324,1.4395279920284911
325,1.370082284691529
326,1.371303112234846
327,1.382853909954008
328,1.3517221889645938
329,1.4741946682820695
330,1.624112619039177
331,1.763668778791896
332,1.851627990174603
333,1.8169405607992937
334,1.848037113122241
335,1.905359076809484
336,1.9362462494109325
337,1.8203178612140154
338,1.732900591953926
339,1.6135515709481012
340,1.3988949030038527
341,1.3791497712268206
342,1.435225794257244
343,1.4538575899223105
344,1.3773809427568287
345,1.4100966620199973
346,1.4185476281768694
347,1.4147000676256933
348,1.450290950975483
349,1.409785130260155
350,1.413123085785422
351,1.2360326383076352
352,1.213977425924465
353,1.1954447078491104
354,1.1011165388173834
355,1.182498461887698
356,1.1747036458361626
357,1.252430078703839
358,1.2716275107944748
359,1.2664808770975982
360,1.3238759147182644
361,1.3622877814334586
362,1.4182393138310365
363,1.4495261014221692
364,1.4162447137410503
365,1.481967904227511
366,1.5582165052497754
367,1.7153754440302706
368,1.69395807169537
369,1.7073066478983954
370,1.6545772554607594
371,1.7145216178986264
372,1.7542250517537765
373,1.7929751010646031
374,1.8957397543774657
375,1.870179058477818
376,1.8596941776440998
377,1.916593774868546
378,1.996724173407173
379,1.9571757474335794
380,2.3342451151361674
381,2.2659380108299882
382,2.419873786460197
383,2.4357209254287326
384,2.5404196258452023
385,2.4111188463756945
386,2.562684213867125
387,2.524351687199385
388,2.5377140126302002
389,2.1782814852956527
390,2.3920812544647103
391,2.167404181655756
392,2.0798731367163916
393,2.1272687791487574
394,2.367843287265285
395,2.2843751747489565
396,2.3567525956914377
397,2.288182223541646
398,2.2726464574112613
399,2.3199257794284525
400,2.3264216947231726
401,2.1587624338010656
402,2.070061234906975
403,2.3069433822049747
404,2.206507505913199
405,2.239658933860192
406,2.3653690786096533
407,2.3834694404120245
408,2.4335602194642445
409,2.253790532955667
410,2.5485211729788837
411,2.4469579704595583
412,2.5278565583978927
413,2.4342316921915113
414,2.4276451032725297
415,2.4193249865447877
416,2.728805798463526
417,2.69451586394429
418,3.180386729954866
419,2.9509140563129677
420,3.2912799411346176
421,3.4679276411728988
422,3.433897215898759
423,2.945454903548471
424,2.6930245971876574
425,2.9565789100294952
426,2.588343506508576
427,2.535600603952819
428,2.4304347163329822
429,2.32281026180705
430,2.3717893589887513
431,2.1000603750157967
432,2.1724839212745777
433,2.1644676933942066
434,2.0708477014064766
435,1.9454272730843607
436,1.9413337006175229
437,1.7126409664826865
438,1.6594864215569962
439,1.8483873387957603
440,1.5851449033717238
441,1.6019512724605764
442,1.6122329159525677
443,1.6262160757131847
444,1.60522598749499
445,1.553009564415889
446,1.6157844715857448
447,1.5082037279850837
448,1.5396582951109232
449,1.5144056893043336
450,1.540279104337043
451,1.3973952745576046
452,1.2671988466108397
453,1.270196495765161
454,1.2677751314627228
455,1.2241238364500038
456,1.1799478718549201
457,1.1271210179820297
458,1.2123390673103578
459,1.2049987495936478
460,1.2086459427633112
461,1.232977191881748
462,1.2758005821885603
463,1.3252524322736525
464,1.4387709327003952
465,1.3177517228134756
466,1.214536700371904
467,1.3266728772582734
468,1.3647317132034353
469,1.3754474247788526
470,1.4945854597218229
471,1.3503757438981374
472,1.3808172715608598
473,1.3642828431775684
474,1.4409856464373834
475,1.5421616626207757
476,2.0101465069439417
477,2.2408356307032116
478,1.9817379273551423
479,1.9665381442341918
480,1.7843143143967068
481,2.091226183634767
482,2.4774086815161698
483,2.5608829731017146
484,2.3584242087139224
485,2.4062873066530996
486,2.3283691687246697
487,2.3357567821862864
488,2.2484810160125073
489,2.045837008731322
490,2.0929861548687416
491,2.0580372476784965
492,2.0536603054089992
493,1.8778360159253418
494,1.9101275374926967
495,1.8925840911535716
496,1.7958473594469007
497,1.7984898460632843
498,1.8954833139001825
499,1.9141283514623362
500,1.8621956200340586
501,1.8889945955956446
502,1.9740514106369795
503,1.8790542729778246
504,1.8860041249406525
505,1.8535267595661618
506,1.8822385304015963
507,1.8321615837958067
508,1.8413486967362682
509,1.6241148135575276
510,1.4532760996575964
511,1.3925424913640299
512,1.5325948283762505
513,1.8082779375748002
514,1.8022252560170156
515,1.8274542485865528
516,1.9140090028805992
517,1.9362889849236984
518,1.9658578929875075
519,2.0579811376431056
520,2.252528297106121
521,2.604558180252014
522,2.57924364970103
523,2.5396639789121074
524,2.86470311962921
525,2.7848873967063814
526,2.572368206901685
527,2.4178022321501422
528,2.3933626585686945
529,2.3897210699588745
530,2.5582407681683423
531,2.6986304871140394
532,3.0179226094813854
533,3.13027071437531
534,3.470775062304181
535,3.3316716822115127
536,3.443031940215847
537,3.1480973403791475
538,3.4238028549537307
539,3.4297472086427327
540,3.4051598052149945
541,3.119626304048573
542,3.3996186489725266
543,3.1178959180865817
544,3.246160050509545
545,3.099775658015954
546,3.2418660543908193
547,3.084355858613767
548,3.29172286446361
549,3.2475520479402493
550,2.789923225777068
551,3.0759359160862965
552,3.2143612706779523
553,2.9575183290404556
554,2.947409043778823
555,2.9160278723623274
556,3.282396819042817
557,3.385520462643327
558,3.3854996401944306
559,3.4182363602160795
560,3.2756215840478533
561,3.3631555222863914
562,3.1573880129026164
563,3.0117720179492475
564,3.122156261253549
565,3.1822998579161625
566,3.3605209227388544
567,3.587837639738328
568,3.3632734465437726
569,3.460350190112724
570,3.40135191191691
571,2.916244864175932
572,2.848126689450131
573,2.683551410250697
574,2.6158278196404825
575,2.7996598564400323
576,2.6232066734115995
577,2.635837165458468
578,2.525481752951726
579,2.3589372232841836
580,2.554094870027106
581,2.604131353003889
582,2.5658693136396944
583,2.6689910547483313
584,2.9655416881295884
585,2.977803742341989
586,2.9668007876916165
587,2.970786604880195
588,3.7044183142436284
589,4.02334507276471
590,4.169746903326896
591,4.372589628401819
592,5.11039222715899
593,5.561625996937248
594,5.5946852552695985
595,6.234946400915875
596,5.812756618893757
597,5.468006328795096
598,5.57278451630739
599,5.388625540581565
600,5.11519490504661
601,4.492303953884994
602,4.4783071069535625
603,4.961440588993523
604,4.479650824012855
605,4.447970566215764
606,4.442357810869361
607,4.433267820980585
608,4.637664779570935
609,4.918270769093304
610,4.465875593193385
611,4.089253001487007
612,3.8496875765730287
613,3.7807743144747534
614,3.497992640322968
615,3.657438309949763
616,3.6857352322338226
617,3.565435611804628
618,3.4278949364574056
619,3.7093983522969194
620,3.7483149579786708
621,3.8934178965205377
622,4.170681924937477
623,3.887466578282107
624,3.888847857343181
625,3.9020723146230387
626,3.8238003536453684
627,3.8001056697735103
628,3.8936927857164254
629,4.156903953108555
630,3.9170016380026116
631,4.57778544865004
632,4.57778544865004
633,4.107904320942704
634,4.519005738059851
635,3.8030729991794363
636,3.8795317970776506
637,4.0098990360209
638,4.103646620333804
639,4.01325567925032
640,3.521354322412386
641,3.6569941210031036
642,3.2404527378672303
643,3.633695441138865
644,3.4296740541098076
645,3.613963098214728
646,3.459743059316368
647,3.2306435457677525
648,3.429767096428467
649,3.299602733401141
650,3.450140520869557
651,3.8029940037090646
652,3.7785292994500588
653,3.9490512045606385
654,3.789636791446773
655,3.5863277895530676
656,3.4235207914173387
657,3.3026408965099803
658,3.4046450162746504
659,3.2599119927097417
660,3.0962403446248317
661,3.2347485199848878
662,2.9699641783148523
663,2.680151312104106
664,2.811695236978426
665,2.8085714192891302
666,2.612673033174639
667,2.508667273407375
668,2.421450239417072
669,2.6919742843375025
670,3.0624381198533275
671,3.062400502174458
672,3.0296377226132516
673,2.9710134928037157
674,2.900179538096068
675,2.715502707546142
676,2.9024135104215656
677,3.186938835876925
678,3.4512910311725395
679,3.0990058040960533
680,3.1764957598382324
681,2.658793011204091
682,3.088753868714218
683,2.9749555623218256
684,2.9884554438924544
685,2.705841027234206
686,2.9506833193513655
687,2.8562119717489294
688,3.1711013153161156
689,3.3666371436020794
690,3.137968314269403
691,3.0906830530540677
692,2.9968501595636328
693,2.872017630251681
694,2.932302413666281
695,2.723500795133415
696,2.86145727115505
697,2.610284423885106
698,2.5650081838945042
699,2.5902761006181922
700,2.4962844305173335
701,2.3573097415515667
702,2.6924225761843834
703,2.606084893790801
704,2.525837244526495
705,2.5024093128795646
706,2.6021266049531864
707,2.5447272524188596
708,2.466222275216613
709,2.2799259545081925
710,2.1698860076986417
711,2.2800386209013292
712,2.3761603007270016
713,2.2645251074619703
714,2.1422155338569486
715,2.063584481754873
716,2.2680054684264634
717,2.3854616987352477
718,2.0409897319142143
719,1.9779918120866788
720,1.755967137393633
721,1.829587746536479
722,1.8122867143093015
723,1.8735520138958863
724,1.8992470040568825
725,2.0690617020200643
726,2.3139655576037774
727,2.324068056234399
728,2.435334444252824
729,2.5977483971439796
730,2.526502303090631
731,2.8326701795154783
732,2.7876045355713335
733,3.0535513899867683
734,3.064605849646699
735,3.0792750263803588
736,3.4485164529857695
737,3.7137961473356302
738,3.87090311065069
739,4.075718742194721
740,4.5815630827774
741,4.561953460933596
742,4.567990841673011
743,4.292414471295762
744,4.548915183389967
745,4.498225488880607
746,4.26269268303235
747,4.5663580707351805
748,4.560127727435068
749,4.386005792865149
750,5.049568268444906
751,4.570032622545196
752,4.548915183389967
753,5.329858924934354
754,5.115602318339184
755,5.088519114579105
756,5.068468724214826
757,5.089969815931036
758,4.555396375976631
759,4.251494907984826
760,4.10921722572635
761,3.9201023183218386
762,4.527083994058544
763,4.131539372911241
764,4.27393250386274
765,4.480383892872544
766,4.817113932721396
767,4.491569525767936
768,4.136591853326403
769,4.115876213532516
770,4.480383892872544
771,3.85461406134744
772,3.657853417282129
773,3.4923326656676625
774,3.699950951603119
775,3.8541836027050285
776,3.865725640086984
777,3.9128445287743627
778,3.787646283211932
779,4.043423766879873
780,4.173273184287845
781,3.9700877563740096
782,4.131776819294666
783,4.612195707268461
784,4.595296269496929
785,4.8291548599101946
786,3.9946361891733813
787,3.71656253055055
788,3.6194111892707053
789,3.6827532852983853
790,3.6286487370771936
791,3.6419571755013704
792,3.583076981162826
793,3.4709949871231283
794,3.6747590114482125
795,4.120085841946348
796,3.779186376685135
797,4.554477509459736
798,4.795967424514666
799,5.010016286878636
800,4.9948551969065464
801,5.004794652480414
802,5.03856515580256
803,5.27412060669809
804,4.99598253899165
805,4.979585590612327
806,6.242481924731064
807,6.462982254104907
808,5.588728289274329
809,6.265528773399753
810,6.462982254104907
811,6.462982254104907
812,6.462982254104907
813,6.432399881621029
814,6.212611415846731
815,5.9668017543321605
816,5.210783757375046
817,4.793049757930422
818,4.801777410656758
819,4.879361895127503
820,4.89505071561156
821,3.979647799844271
822,3.988766251235458
823,4.144376412996472
824,4.135815630099405
825,4.147962326837589
826,4.522932344711402
827,4.5457825050911564
828,4.642641465282394
829,4.547218212524416
830,4.781739258947335
831,4.89721563309512
832,4.63223762621919
833,4.588216325600047
834,4.610621116373791
835,4.621051993323795
836,4.335957270512491
837,4.301640754925545
838,4.197921864502881
839,4.414189354031222
840,4.949028163636955
841,4.5777585375003325
842,4.1574632489270575
843,4.063956470412427
844,3.811083877364971
845,3.8828630767339325
846,3.718272347779668
847,3.497128600436851
848,3.516988324352268
849,3.152591937581491
850,3.383261490065491
851,3.525922529163548
852,3.3338651221396045
853,3.327724988622055
854,3.5613951928177996
855,3.5371949021222373
856,3.36480862121377
857,3.457677365124165
858,3.359875779804846
859,3.346094787141144
860,3.3389713774437046
861,3.339094209320345
862,3.345941835830984
863,3.3550966272140137
864,2.9412011983728754
865,3.132267259709409
866,3.1225918909448587
867,3.303414754278254
868,3.5724042728167746
869,4.1238855205207825
870,3.6615255065956087
871,3.685385640801401
872,3.6888962840149104
873,3.693337735006615
874,3.4114325963314203
875,3.595323464094239
876,3.645886728230557
877,3.0780510635312788
878,2.7720313897520805
879,3.03114911152619
880,2.881613684823927
881,3.086387834154072
882,2.6538796652878847
883,2.7755710387950163
884,3.1297102851040095
885,2.8455700086723366
886,2.6589739698738346
887,2.5403220834133298
888,2.492273211875851
889,2.4343414017339424
890,2.127497932094393
891,2.155681497156038
892,1.9717752689921904
893,2.1496832131098023
894,2.065581317595584
895,1.8635621857491218
896,2.04397126966433
897,1.9013105968818576
898,1.9494626430975546
899,1.88850225460571
900,1.890863706445911
901,1.9133281248687168
902,1.5605441720126516
903,1.5664529546231818
904,1.507067206033991
905,1.3939226508182565
906,1.3839323256276892
907,1.3279519497167205
908,1.1857795453461795
909,1.1368916855943978
910,1.1561274616640704
911,1.0881812875019237
912,1.0720656181374824
913,1.0353917650202724
914,1.0418903185664645
915,1.0569305872528443
916,0.9866252908537073
917,0.9669370016803001
918,1.0106827077748302
919,0.8836866000034398
920,0.8433026046930997
921,0.7743517709547009
922,0.7342860971368608
923,0.7290197377178036
924,0.6709889294989813
925,0.7468299168986645
926,0.7471872937896628
927,0.7517842670678796
928,0.7298568863906755
929,0.74796422608546
930,0.6759760720183194
931,0.645047455428205
932,0.6422246878228056
933,0.6195055626329123
934,0.6235899971188109
935,0.7561980008403715
936,0.9593755515855179
937,1.1481904786570012
938,1.7479184989110286
939,2.5658490921261907
940,2.976081385926612
941,2.8365480364420974
942,3.0826378374090897
943,3.091775172397495
944,3.0357749826319016
945,2.6765183472555765
946,2.6349937504252643
947,2.6366199612046732
948,2.5999173818499326
949,2.571939612628054
950,2.6118810126169723
951,2.6541472953631913
952,2.7700021370919345
953,2.590168149686073
954,2.563288796457424
955,2.4082724123130608
956,2.594193886856906
957,2.5984333047585952
958,2.94117914378392
959,3.42418746524254
960,3.174313455099462
961,3.837182248918403
962,3.4405711546195694
963,3.387011040770629
964,3.6291880420202327
965,3.8431529022572017
966,3.5456758897067906
967,3.6807384629536064
968,4.083870401375869
969,3.749480308622811
970,3.6791059031302242
971,3.7837620955750735
972,3.4768647685832725
973,3.5935783645117625
974,3.484817727435539
975,3.579030890586303
976,3.4673102368772617
977,3.5163727901633917
978,3.081669062543638
979,3.0128107425737323
980,3.4366847090360344
981,3.4515840262085735
982,3.1998372923859293
983,3.0825165759312196
984,2.816821298140869
985,3.2571958171295896
986,2.93358050587486
987,3.2108377529791596
988,3.2697873711003926
989,3.0959833446729936
990,3.244813663128236
991,3.465190956401131
992,3.4707863287553975
993,3.2728097734507746
994,3.1860108975903936
995,3.091853804515565
996,2.972005847842738
997,3.434795031189465
998,3.238027714210165
999,3.124577144822263
1000,3.008115312164612
1001,2.9566784989923214
1002,3.016469155347058
1003,2.9017167551824485
1004,2.5981555658810427
1005,2.5098892415174014
1006,2.3633728049610254
1007,2.065723595317894
1008,2.211819065744943
1009,2.1087936979754787
1010,2.156584818308313
1011,2.0203844934046353
1012,2.010682476102411
1013,1.9704644212511593
1014,1.9540136380225934
1015,2.0585608737570653
1016,2.1726236017305887
1017,2.3962544227494735
1018,2.6279074405857554
1019,2.643418072381926
1020,3.4809594658582776
1021,3.4889500434037313
1022,3.4340374044358764
1023,2.744414233814605
1024,2.7290829072924403
1025,2.9241153586130397
1026,3.0253669679612663
1027,2.7501110619844513
1028,2.9733506834765473
1029,3.1488004593245718
1030,3.1539340473761994
1031,3.882941993788955
1032,3.934490150322703
1033,4.539878859856379
1034,4.524096583337834
1035,4.989837832073976
1036,5.069017525055597
1037,5.331698947500116
1038,5.100743809937168
1039,5.0764513354720515
1040,5.0983039794884455
1041,5.343156214069304
1042,5.104716732186423
1043,6.265528773399753
1044,5.588728289274329
1045,5.566244388690605
1046,5.792919389203607
1047,6.015157935141577
1048,6.015157935141577
1049,6.319474280458885
1050,5.784465398707325
1051,5.254767849423637
1052,6.0197966443151625
1053,5.197588413247845
1054,5.1780438595035925
1055,4.478692837108182
1056,3.975226002175174
1057,3.982411764308642
1058,4.354728823055139
1059,3.821100894439988
1060,4.01040430814756
1061,3.7618575481618706
1062,3.8865650961499716
1063,3.510475650620057
1064,3.831355575560455
1065,3.6581520583783824
1066,3.695494810389654
1067,3.7562041811191897
1068,3.897995906544748
1069,3.8894760863909665
1070,3.901358754940627
1071,4.012042314060824
1072,3.7693614122372976
1073,3.7890797091844153
1074,3.706367011240546
1075,4.184376600515913
1076,3.7899752043243735
1077,3.46489477561649
1078,3.5328641313301516
1079,3.469760799182993
1080,3.2680583028814056
1081,3.195302144585421
1082,3.029662630046524
1083,2.979751054408043
1084,2.9743911973591515
1085,2.915374170880866
1086,3.122680072531817
1087,2.961385864388304
1088,3.1426424634112426
1089,2.9585595882952003
1090,3.130314218380564
1091,2.9099142988260214
1092,2.6022850430527353
1093,2.430487117408278
1094,2.5195095882833014
1095,2.4373762574787907
1096,2.3410127799550704
1097,2.331132461298201
1098,2.325390474464035
1099,2.300173781214366
1100,2.3094157422099557
1101,1.9561472566203633
1102,1.9091844131412667
1103,2.054181144102796
1104,1.9564000465842692
1105,2.0139329172943903
1106,2.383073026678857
1107,2.8812194159988893
1108,2.7306167049053354
1109,2.8936025107202794
1110,3.000820970598772
1111,3.1275809678644872
1112,2.9462566963577914
1113,3.0522142885772205
1114,2.9598969038968255
1115,2.856695523777508
1116,2.5078852356221235
1117,2.3249805152010303
1118,2.2027178061447277
1119,2.1186916702141922
1120,2.092892225645027
1121,2.03707649794815
1122,2.1927095052421834
1123,2.1701452798665493
1124,2.0857028755054925
1125,2.0115292672457237
1126,1.92413235907691
1127,1.7361959834530827
1128,1.8293116532513893
1129,1.6709861252969107
1130,1.6002878559672895
1131,1.5725686821060478
1132,1.552690600467346
1133,1.5061228777989533
1134,1.49234453133041
1135,1.55879587448463
1136,1.560673262250384
1137,1.5620430371986356
1138,1.5605691746858523
1139,1.5161113148834624
1140,1.554983218914161
1141,1.5612338763712557
1142,1.6450283148315774
1143,1.8769358103054399
1144,1.8179967146399776
1145,1.8004715048405204
1146,1.8249202333539922
1147,1.831973957698337
1148,1.8502635936414227
1149,1.9310475691931768
1150,1.981852603756352
1151,2.075262693322037
1152,1.9401015685115552
1153,2.0453443783050482
1154,2.0162970867632057
1155,1.816101471784301
1156,2.0228422524758343
1157,1.9180579018336625
1158,1.915888548071414
1159,1.9212073641563077
1160,1.8689443863487598
1161,1.8693911795136615
1162,2.0389146551740915
1163,1.9395551296756017
1164,2.058248171574087
1165,1.9392449725248269
1166,1.8266952866127568
1167,1.7823190182302162
1168,1.8192125103522871
1169,1.8817739936565248
1170,1.9160320650273048
1171,1.9402494111034907
1172,2.0695198248236304
1173,1.8896721545026938
1174,2.092036540575907
1175,2.1082392709473585
1176,2.1133146881131024
1177,2.318597072831832
1178,2.3111935394172956
1179,2.532918342379317
1180,2.9423634706686426
1181,2.992222384163352
1182,2.9358228144114684
1183,3.390411845436436
1184,2.7391734420808076
1185,3.0525315894390053
1186,3.266180459133412
1187,3.2100552676090484
1188,3.551402573527001
1189,3.0765170033102445
1190,3.2222855118175207
1191,3.6891843105570197
1192,3.671931362034486
1193,3.697569482317936
1194,3.6256294455884492
1195,3.4363157154520017
1196,3.4323368155122704
1197,3.667535078892955
1198,3.7521520543223232
1199,3.5617913748338887
1200,3.734944021912832
1201,3.7675429270601075
1202,3.8274716083822184
1203,4.190778014145282
1204,4.052791356417151
1205,4.036108329854763
1206,4.220082881123705
1207,4.8247616503028325
1208,4.945666179256627
1209,4.941114569049306
1210,4.989364223876934
1211,5.371561635751864
1212,6.095832299340959
1213,5.763815729132169
1214,6.265528773399753
1215,6.200056799920022
1216,5.088003032225077
1217,5.03251215060247
1218,4.902132991036562
1219,4.873963019976915
1220,4.954145329870954
1221,4.529501357298814
1222,4.508383918143585
1223,4.508383918143585
1224,4.637144549839233
1225,4.789069985251691
1226,4.085668427220733
1227,4.763886403905319
1228,4.540280779427074
1229,3.9548489046541846
1230,3.9881129037364627
1231,4.569308184032313
1232,3.7721753799444038
1233,3.969826232680884
1234,3.9972625615120396
1235,4.562074125517684
1236,3.771159324402048
1237,4.295584129563384
1238,3.7603336355816093
1239,3.704668536081005
1240,3.452310491043068
1241,3.476575412449636
1242,3.4745585771781746
1243,3.485710043050269
1244,3.463107372105497
1245,3.554539532943726
1246,3.814302167381646
1247,3.6227790662525847
1248,3.814712489140834
1249,3.900248190894066
1250,3.741068346939201
1251,3.810688041005834
1252,4.085299775198281
1253,4.27680674243793
1254,3.9344309508788124
1255,4.079395311252427
1256,5.008315531235935
1257,4.594682800119139
1258,3.9230060877270643
1259,4.004210249088265
1260,4.2116544051337295
1261,4.804375537516122
1262,4.918763234127568
1263,5.476106194403176
1264,5.942007836544754
1265,6.038036342801961
1266,5.114407723015592
1267,4.978642529706703
1268,4.988596741165487
1269,4.857094408555325
1270,4.727458229030322
1271,4.483998560433593
1272,3.8610872772248577
1273,4.064079773676862
1274,4.0587162698652595
1275,4.4274469088162745
1276,3.866291268909935
1277,4.2402025223589765
1278,4.136168958876526
1279,4.278774428149752
1280,3.981794287915863
1281,3.751994551397163
1282,3.7929514404887943
1283,3.8159336561535304
1284,4.124169325554529
1285,4.569308184032313
1286,4.014085601744607
1287,4.017600898492377
1288,4.282592059418237
1289,4.98684252147878
1290,4.990075950905273
1291,4.867977721746552
1292,4.545128950140364
1293,4.715809659157089
1294,4.538080223673033
1295,4.836423796988992
1296,5.023695040704572
1297,5.058746383758244
1298,5.042464541323329
1299,4.869957192690103
1300,5.039840389541782
1301,5.042186158781898
1302,5.289901952848088
1303,4.743103699656311
1304,4.654762196042352
1305,4.913522144616201
1306,4.515120721531229
1307,4.536546380993396
1308,4.904943413129468
1309,4.417404311632249
1310,4.755391549681247
1311,4.359123919729732
1312,4.497849504855778
1313,3.8807577581635404
1314,3.750857408450947
1315,3.857368816500255
1316,3.7342299457989365
1317,3.6295389554005095
1318,3.600171411346316
1319,3.4876459596643032
1320,3.207112648595514
1321,3.544138976469629
1322,3.2093584900459216
1323,2.851859084034645
1324,2.8932273294006503
1325,2.6815537270794683
1326,2.800713997458008
1327,2.6401608450451053
1328,2.556970121964759
1329,2.585895906578399
1330,2.4272241427590804
1331,2.2882845074419946
1332,2.2966880814188846
1333,2.3720996670091754
1334,2.5464587163638175
1335,2.545669253657694
1336,2.64892771707692
1337,2.586438975197071
1338,2.7004698711672024
1339,2.735317153518893
1340,3.096143187952633
1341,3.033911753152431
1342,3.0961502657025752
1343,2.913162321496292
1344,2.8873643567092646
1345,2.9791235443471487
1346,3.108602199626999
1347,3.3290839682056217
1348,3.437262949736525
1349,3.6672520936059114
1350,3.460208082636443
1351,3.755641961648
1352,4.061201992218661
1353,4.070473635466804
1354,4.422583779324667
1355,4.242135342094166
1356,4.526126224305722
1357,4.390162567686008
1358,4.5346389720263085
1359,4.50299377472146
1360,4.962723501850861
1361,4.972289586987215
1362,4.572212049210986
1363,5.004025959928349
1364,4.912904522567613
1365,4.4876129358691665
1366,3.7542183805838345
1367,3.4485009013889325
1368,3.370862298945034
1369,3.370862298945034
1370,3.1814933187488563
1371,3.13623273765345
1372,3.3494888550544717
1373,3.1965623365979647
1374,3.6430927613355117
1375,3.3870313594456554
1376,3.3979170217337273
1377,3.666630854425894
1378,3.2260256454002416
1379,3.065691528131576
1380,3.4368776693276595
1381,2.679196933292749
1382,2.9488695453224514
1383,3.117349751323431
1384,3.447967023053457
1385,3.4151617592650747
1386,3.4326308306823967
1387,3.4054508314962684
1388,3.77910972914496
1389,3.7177660226050975
1390,3.3947114280846638
1391,3.5734372012676268
1392,3.427491713902834
1393,3.4106818839201694
1394,3.0364107814245953
1395,2.840039996390003
1396,2.8985327640926406
1397,2.987000746610573
1398,3.0516499551852787
1399,3.063398779113113
1400,3.270857746801123
1401,3.471841411486728
1402,3.417132582959654
1403,3.239555274837529
1404,3.0776719003575
1405,3.073895865593101
1406,3.2269491955875207
1407,3.4615081946928763
1408,3.309534506202044
1409,3.4753482375656075
1410,3.8461361572494304
1411,4.0646216489105464
1412,4.035055160282599
1413,4.506107904080696
1414,4.192569953608261
1415,4.165878417006722
1416,5.009001028877149
1417,4.878811989795782
1418,4.06392328342134
1419,3.6912978527915383
1420,3.6528294667538805
1421,3.668674825726787
1422,3.6600082370839364
1423,3.3362997019492417
1424,3.2676117102234095
1425,3.3877421787371005
1426,3.237377377070595
1427,3.3710915846404124
1428,3.17609253346527
1429,3.6597654235949886
1430,3.3557881628647124
1431,3.6898952024578717
1432,3.584758357649429
1433,3.4000400706157934
1434,3.394079841560636
1435,3.5376753605682354
1436,3.663305507049732
1437,3.6461885806789134
1438,3.79349444989647
1439,3.7447909086997755
1440,4.046020027794379
1441,4.106290900154327
1442,3.719156702833986
1443,3.407835471436347
1444,3.5356457662231726
1445,3.4695031214219845
1446,3.437683587976733
1447,3.0496608233249667
1448,3.437527805580638
1449,3.182022543900682
1450,3.173719969163435
1451,2.886796244100052
1452,2.738753823618164
1453,2.7629885965750183
1454,2.7140614460297874
1455,2.8342289154925027
1456,2.9144984874279465
1457,2.6967346330358994
1458,2.6568858657320575
1459,2.61656202009446
1460,2.6214792679499346
1461,2.536072482132752
1462,2.484622634891954
1463,2.6325238719356316
1464,2.645155968930369
1465,2.6266990483896215
1466,2.6627167221747396
1467,2.5653415156191524
1468,2.551600555017988
1469,2.558069088191849
1470,2.448441958710336
1471,2.487322761935536
1472,2.3842589987776037
1473,2.240923594540516
1474,2.081686006142316
1475,2.0081159295003816
1476,2.0102122558036166
1477,2.0059209776898594
1478,1.9797519244127044
1479,1.9697881255025225
1480,1.9621530712163067
1481,1.8546764732346435
1482,1.7493417803206095
1483,1.7916136982362791
1484,1.7540441699714788
1485,1.7953992361823239
1486,1.6660607381969526
1487,1.8065612465598695
1488,1.7767460443722112
1489,1.780967839212346
1490,1.7532575292065549
1491,1.7435823886216961
1492,1.7307485054277922
1493,1.609913349822417
1494,1.6674344147528966
1495,1.552671923422754
1496,1.6476076438167013
1497,1.7271793186097573
1498,1.5820085551265697
1499,1.4677543663685122
1500,1.5675000781872745
1501,1.4725153237718673
1502,1.380479802628993
1503,1.3599591753872642
1504,1.4268500353324032
1505,1.4943338983673657
1506,1.487975236671591
1507,1.514916668186459
1508,1.5226667854349076
1509,1.638046009145625
1510,1.6073288173522364
1511,1.786346220247836
1512,1.9361891688885453
1513,2.2145961105225043
1514,2.2991311056927244
1515,2.3669932476824274
1516,2.513980542408506
1517,2.38117692951676
1518,2.4023426774311023
1519,2.359795027237804
1520,2.4067556686878997
1521,2.5237465722773775
1522,2.4925418391088656
1523,2.358578667847816
1524,2.390382406305798
1525,2.3583430065708537
1526,3.053971214763645
1527,3.3292254496139857
1528,3.7365354250357856
1529,3.8075706451112348
1530,3.8222368371449416
1531,3.3871100804065875
1532,3.0896307488177657
1533,3.0807739073639193
1534,2.967059816954651
1535,3.108807019624277
1536,2.9813663631363005
1537,3.416328926357229
1538,2.7846744507603933
1539,2.9561709641213376
1540,2.7802372347106883
1541,3.126642716280349
1542,2.9252972723808575
1543,3.345435416517697
1544,2.855571272634034
1545,3.0607626207245273
1546,2.9457893185083273
1547,2.9196790553613825
1548,2.76128192530875
1549,2.7683284264400143
1550,3.07512320764448
1551,3.4560750913014333
1552,3.7215230499751657
1553,3.903456503519116
1554,4.133968126057215
1555,4.268692331749683
1556,3.7828657788427256
1557,3.5874388820440766
1558,3.5873078795957936
1559,3.543603994560163
1560,3.7176209061418164
1561,3.6715892605491844
1562,3.2128888034522527
1563,3.8621476537789996
1564,3.4195970195385055
1565,3.633174477855875
1566,3.875701611241944
1567,3.4374242772564596
1568,3.4759232889456566
1569,3.3790221549386406
1570,3.2200934318089827
1571,3.142116476254711
1572,2.886453346424252
1573,2.999199999505471
1574,3.0638309374887593
1575,3.408326717445391
1576,3.389934140585151
1577,3.401398743264075
1578,3.3856564656325903
1579,3.4100805110916808
1580,3.384816718037471
1581,3.4441804957021973
1582,3.1650525900179933
1583,3.233443272571304
1584,3.4311014707779393
1585,3.5852858473548483
1586,3.3931815574241098
1587,3.668365736716083
1588,3.7461243883423263
1589,4.10336718340966
1590,4.110958593185489
1591,4.001885959839959
1592,4.615150692983611
1593,5.126249788853826
1594,6.207720948719492
1595,6.462982254104907
1596,6.462982254104907
1597,6.462982254104907
1598,6.462982254104907
1599,6.212611415846731
1600,6.015157935141577
1601,5.399116785553218
1602,5.366682280445879
1603,5.103588526337034
1604,5.53485068913971
1605,4.535393794013466
1606,4.851942472421012
1607,4.965665998287883
1608,4.2758337349037925
1609,4.501566681890405
1610,4.713307073653852
1611,5.452199909519704
1612,5.2413836424910905
1613,6.217172592590337
1614,6.462982254104907
1615,6.462982254104907
1616,6.212611415846731
1617,4.977980834127047
1618,5.9212400262426055
1619,5.331525156655034
1620,6.184674100050803
1621,5.52975185504543
1622,6.217172592590337
1623,6.462982254104907
1624,6.200056799920022
1625,6.217389590421641
1626,6.462982254104907
1627,6.212611415846731
1628,5.9668017543321605
1629,4.95887416904256
1630,4.5899435529659
1631,4.074930530404699
1632,4.101568721724635
1633,4.486355668597487
1634,4.26015363332928
1635,3.8095441033121964
1636,3.8211446576710117
1637,4.1112968833296355
1638,4.151073569812476
1639,3.5935235602360067
1640,4.508519163029809
1641,4.638217057317743
1642,4.621317619546212
1643,4.32225222041853
1644,4.621317619546212
1645,4.596427166961377
1646,4.530667507171052
1647,3.8407814796618265
1648,3.692313583978479
1649,3.5909974977852497
1650,3.4565833087437987
1651,3.442236763398622
1652,3.589968006590516
1653,3.4110983354430138
1654,3.7493038585625076
1655,4.469081081367395
1656,4.569955055087614
1657,5.1818924439638785
1658,5.918960987876065
1659,6.265528773399753
1660,5.707484772774174
1661,5.054341520089426
1662,4.991956348025181
1663,5.0346904771594705
1664,4.7251039670934905
1665,4.930424407202954
1666,4.510647923667259
1667,4.326383642682454
1668,3.9371804909317554
1669,3.740933806877869
1670,3.7213601919577295
1671,4.009329295266851
1672,4.1252174286648176
1673,3.75208070742226
1674,3.8489592762175944
1675,3.880339395136084
1676,3.7959321273561843
1677,3.7615561847141925
1678,4.621051993323795
1679,4.993487862498426
1680,4.886667689839533
1681,4.1889156252409
1682,4.40551767383536
1683,3.9320176325758367
1684,3.5267980292953127
1685,3.7457563077408484
1686,3.9089738751455525
1687,3.9175825201299905
1688,3.833579232335314
1689,4.0762410664099304
1690,4.614003266856465
1691,3.9245236515559543
1692,3.9453692671475524
1693,4.621051993323795
1694,4.998532997903959
1695,5.304011274237809
1696,5.059844539945253
1697,4.807599700111115
1698,4.935648456736367
1699,4.927793031305126
1700,4.800855740581222
1701,4.13939171349209
1702,4.185071123788692
1703,4.0089209171192
1704,4.512710724715972
1705,4.009030810136205
1706,3.7982903757204793
1707,4.080549599690044
1708,3.829554307114987
1709,4.045740650299668
1710,3.7261577918030078
1711,3.6454350376562092
1712,3.381911369694672
1713,3.4389642729195193
1714,2.907295842306062
1715,3.3203664172943737
1716,3.0153427166358413
1717,2.697600672777867
1718,2.98888472921211
1719,2.702739445821111
1720,2.8710826390996194
1721,3.1073853535732083
1722,3.3730713125311063
1723,3.614487063868258
1724,3.610278881519425
1725,3.4986071711257494
1726,3.312923513238725
1727,3.302570854277297
1728,3.506107483164213
1729,3.3084550153483363
1730,3.2086815391095564
1731,3.294110932948948
