,0
0,1.1383892517728207
1,1.2070078115994
2,1.3637024405764282
3,1.3783902003049666
4,1.2529340607562907
5,1.209660847350562
6,1.2485574917062485
7,1.2911716518666667
8,1.3531212922106775
9,1.3961948958572876
10,1.2470298487862628
11,1.2177909142193584
12,1.3510216141766414
13,1.2861034346678053
14,1.2940753383526726
15,1.3721050378791748
16,1.3288903285124958
17,1.2876489603112287
18,1.2543199855387248
19,1.253172957357827
20,1.4430149621956327
21,1.5206564405980938
22,1.3965658601888127
23,1.468915803922947
24,1.290130005901566
25,1.2889291160742529
26,1.1700562826756422
27,1.286944421896776
28,1.1414100221546213
29,1.3078933532472627
30,1.1702479939091084
31,1.1706833607922618
32,1.1804454234789978
33,1.142266169438492
34,1.1439404476851283
35,1.1305352193131537
36,0.9715380195992771
37,1.041236767848721
38,1.162029448580714
39,1.1254249948608492
40,1.3032889136389771
41,1.4473200522201817
42,1.1831059579329717
43,1.1823751667283662
44,1.210184319643141
45,1.286725331111444
46,1.2143331135233617
47,1.2192819075081882
48,1.2860020421791156
49,1.2878016397611758
50,1.2507486758634603
51,1.5074471138756396
52,1.3263439245537323
53,1.3668783547737056
54,1.1295889837365403
55,1.2822366748996745
56,1.2537526470995632
57,1.297586515693638
58,1.558765990323194
59,1.7632213271045967
60,1.6468857605480542
61,1.5369640796337618
62,1.5899349274559658
63,1.7647145970674294
64,1.6500722332597078
65,1.9105903041949053
66,1.8431718427966446
67,1.6805241341358572
68,1.5550568640031275
69,1.593678240456755
70,1.651295997153418
71,1.6997623034359899
72,1.5517034701743744
73,1.6555490850094947
74,1.7951640874980588
75,1.7013364160001863
76,1.7021678970125964
77,1.7767252295525617
78,1.8406329780217063
79,1.7879542440457556
80,1.4681362792686807
81,1.4378871980802919
82,1.3812522777652216
83,1.5146423910743116
84,1.463922826631886
85,1.4655017664186911
86,1.7767252295525617
87,1.6500242266048533
88,1.7248525318321162
89,1.8027716064306398
90,1.8814342857538893
91,1.8065076093582104
92,1.6628753966595824
93,1.6616521354361673
94,1.5143427179977589
95,1.5189626445818163
96,1.530861313931338
97,1.5452355386050953
98,1.5807133074170594
99,1.5387030416820795
100,1.6048378331733963
101,1.7992375724324663
102,1.5570309186240123
103,1.5537774528164063
104,1.5676459594756678
105,1.4624622773501654
106,1.350144946175898
107,1.418947144369282
108,1.290129183203345
109,1.2533552616918404
110,1.3265846741169534
111,1.2540860528964461
112,1.2141478156446204
113,1.1649518884133279
114,1.2825176487884515
115,1.139184001159142
116,1.2894485578932888
117,1.2182670848026698
118,1.2851701726738691
119,1.2141400387959598
120,1.0987761865343768
121,1.1556718252048326
122,1.0771891119353298
123,1.2221114375218372
124,1.2882445779715297
125,1.2897954516623769
126,1.4665160171810894
127,1.4369213265427085
128,1.2889291160742529
129,1.242695418875573
130,1.5102080588934836
131,1.6492466375112984
132,1.5976323225687774
133,1.5174492342182813
134,1.5501599728486033
135,1.3648525581424893
136,1.2879958540803167
137,1.1662465175422303
138,1.163094798237268
139,1.1252761420017596
140,0.945564357402267
141,0.9484851067305342
142,1.1561553786790102
143,1.1722168055601767
144,1.4823263042562862
145,1.9385087127582306
146,2.5702102874310215
147,2.910099703643254
148,3.1606200376105833
149,3.7057815198113633
150,4.094965537074113
151,4.7376029988584
152,4.825183699256608
153,5.49843071239929
154,4.942466629921134
155,4.672593947877665
156,4.224919322936116
157,4.12245521899554
158,3.876605497993658
159,3.8908172882507155
160,3.485478052059617
161,3.9299895307668353
162,4.089722360998667
163,4.122827192751572
164,4.481302865855512
165,4.647119652535606
166,4.223350134880014
167,4.406397891883536
168,4.135403629010804
169,4.383699256941092
170,4.396496574557347
171,3.959652500757365
172,3.8646662303708954
173,3.5832982007642844
174,3.808343735363748
175,4.080376692199815
176,4.107508065376897
177,4.308501093978744
178,4.49850876820406
179,4.4861467477915635
180,4.22695324308712
181,4.187197233247325
182,4.118961250272511
183,3.7264847375432453
184,3.781362097693628
185,4.04693944587114
186,3.586053595991652
187,3.9290564332514086
188,3.4794664097731975
189,3.6255883414721386
190,3.422942403181744
191,3.4850682682540834
192,3.240305944056806
193,3.0533521240795904
194,3.046305074294003
195,2.9582577698226324
196,2.6637572365181463
197,2.5903390998656994
198,2.612865800809629
199,2.366467748603043
200,2.208023442564172
201,2.29661385967588
202,2.2740680692113475
203,2.27546756780888
204,2.210812721571924
205,2.20785735015727
206,2.3019113296876554
207,2.2008573907202846
208,2.1234260828415037
209,2.2724155689463488
210,2.2878226566971267
211,2.284950383866809
212,2.2965074027358123
213,2.0739087526430104
214,2.025485892668083
215,2.1251314069776894
216,2.130523460625873
217,2.046677718129697
218,2.142036041777001
219,2.052835963463883
220,1.8540309800262218
221,2.044372926208269
222,1.8845490029992213
223,1.8982869664940707
224,1.945191175648887
225,1.8468219178907401
226,2.008219644054763
227,2.072165893097124
228,2.038080730512204
229,2.1406453892417248
230,2.133349909765658
231,2.285589523362454
232,2.0380888686394933
233,2.0067055368209217
234,1.8406658102131732
235,1.8004011755204539
236,1.656823344995908
237,1.8042131336033613
238,1.815820217227141
239,1.7940662505520188
240,1.8402946761521157
241,1.7950923645260926
242,1.6552020708907398
243,1.6540635092098677
244,1.716654139075045
245,1.6046316120655766
246,1.5208747536293126
247,1.5501985636730922
248,1.5523648370946552
249,1.465737149410078
250,1.4706355575591477
251,1.4737219276911344
252,1.5914129027819994
253,1.5482615610548767
254,1.5544270321291342
255,1.4559864908984164
256,1.499694599534381
257,1.2910621012718635
258,1.355622679271069
259,1.3658184296800724
260,1.3565885508086521
261,1.290130005901566
262,1.2527837317399222
263,1.132194259659982
264,1.1454167554803023
265,1.128331975042352
266,1.0678179281125875
267,1.0244010930329734
268,0.9908593960887604
269,1.0203203224850528
270,1.0576800995998379
271,1.0323053922352436
272,1.1079199562794575
273,1.2119167607301857
274,1.2663166249768114
275,1.339260066778113
276,1.496284294810816
277,1.5215004765855196
278,1.627375093231802
279,1.7347556648067588
280,1.7235132069022407
281,1.9318175344986321
282,2.0913474179411593
283,2.106531413833075
284,2.803662478933726
285,2.8904493433493545
286,3.404647133474597
287,3.8842083901893845
288,4.175650408022395
289,4.2449146556172375
290,4.656078960837463
291,4.613870603638188
292,4.676129175727346
293,5.76427370974913
294,5.838727005644166
295,6.096578254711128
296,6.05354092239476
297,5.6895891333545965
298,5.671701492905159
299,5.543231383808889
300,5.432623628462965
301,5.169098372145335
302,5.044957613150563
303,5.017599682703271
304,5.232382172373717
305,5.258399644825904
306,4.95189298179698
307,4.29262312883755
308,4.133949761744803
309,4.630397367592324
310,4.902337388785219
311,5.067904825408997
312,4.4795145903188
313,4.306662139166794
314,4.215235261126786
315,3.8345900400089556
316,3.5382035157923015
317,3.4396843759775253
318,3.5953131462012284
319,3.295090737903969
320,3.746571015080195
321,3.3021718189747413
322,4.025856601229281
323,3.904687216818226
324,4.206023205901447
325,3.927960244741458
326,3.9328807550661855
327,3.3540031817170366
328,3.281845447993749
329,2.7753658446451266
330,2.66372958351673
331,2.5566856613362527
332,2.3029451726337675
333,2.5267934965869503
334,2.567205337268037
335,2.4151667040997267
336,2.352770237071195
337,2.3080929315549983
338,2.353291709391429
339,2.374262326520085
340,2.2807514889700227
341,2.297079063906108
342,2.376945248390708
343,2.7473949245914624
344,2.6698159262261534
345,2.572593661467734
346,2.2955930166116585
347,2.2228248772186983
348,2.5580779387273025
349,2.85978889323405
350,3.305667480519274
351,3.2726319644037125
352,3.2689361567204047
353,3.3260814599520034
354,3.106099708772671
355,3.093967905899954
356,3.196569076242124
357,3.1496423047943845
358,3.169636356427883
359,3.2184306743070974
360,3.093003616577143
361,3.0405824467550233
362,2.7249080151798566
363,2.6459918917483995
364,2.299206338926765
365,2.2282620459235054
366,2.059298250268252
367,1.9195582358210639
368,1.8027797846042368
369,1.797607140826612
370,1.9096796080052603
371,1.8009948008210908
372,1.809841013306257
373,2.0340302726787782
374,2.0246007463988622
375,1.654835314068483
376,1.5545904056169306
377,1.5123747345735088
378,1.3509275606205917
379,1.2927101860276151
380,1.2511592075513316
381,1.3464363905258891
382,1.2927980293849448
383,1.2936643649730688
384,1.3664902405865424
385,1.4653398099211277
386,1.3572826512460365
387,1.2876489603112287
388,1.2532762456102013
389,0.9643744229888066
390,1.0625990116849318
391,1.0703017882363763
392,1.0771891119353298
393,1.2536776959685914
394,1.1238289250656905
395,1.2081627800119459
396,1.2072295180180097
397,1.250867892775836
398,1.1761500916974839
399,1.0943191618598878
400,1.0644071493078455
401,0.9636979891504425
402,0.9634312864658311
403,1.0547931463910887
404,1.266471268744259
405,1.34104797452817
406,1.3993313913869019
407,1.5295811643753263
408,1.6241082901578547
409,1.8860632995246132
410,1.8698672011652304
411,1.7971133418182321
412,1.9293420718613268
413,1.8873516083488233
414,1.8837587907738178
415,1.8335166822025954
416,2.077759193170119
417,2.2848641038426285
418,2.326772374427955
419,2.1617490834188686
420,2.117409097243556
421,1.8244638271519715
422,1.7234943323692453
423,1.625825524117654
424,1.5673972054589371
425,1.3506127093627525
426,1.2902178492588954
427,1.2902178492588954
428,1.3984824872856358
429,1.5739962848396636
430,1.7119000353249856
431,1.667062264959385
432,1.5556990004997664
433,1.4736627480373965
434,1.565223094760384
435,1.525824001925091
436,1.5471100477858446
437,1.368237266579653
438,1.2175777465337263
439,1.2844665739620693
440,1.1715033262290628
441,1.285594509754292
442,1.387318034095445
443,1.4039152186521366
444,1.3626867270584615
445,1.3613131680332173
446,1.2860020421791156
447,1.2808707306563385
448,1.2889291160742529
449,1.2889291160742529
450,1.347813204001274
451,1.2423410174368799
452,1.1647948323943174
453,1.163692106107742
454,1.210517068740491
455,1.1217324337500643
456,1.070341518407185
457,1.1205875876337967
458,1.0930168243411083
459,1.092308854663021
460,1.1995498187752738
461,1.1383082266992965
462,1.0557698388726346
463,1.0312772626581017
464,1.0172154869515613
465,0.8484743595619834
466,0.859034122624747
467,0.8292170010880906
468,0.845981477887717
469,0.8008484373696021
470,0.8284214631185259
471,0.8451859399181522
472,0.859034122624747
473,0.9273196786922169
474,0.9014405189637189
475,0.8072560029051825
476,0.7880014968222736
477,0.754171486850383
478,0.7550620192806854
479,0.7314010455001586
480,0.7295367015490529
481,0.7447167287064937
482,0.7289948103364604
483,0.7266433723932504
484,0.7530607212499065
485,0.7397998690653499
486,0.7485001003388613
487,0.7533083026242572
488,0.8143706373636808
489,0.815652963201787
490,0.7672533179301971
491,0.7308824263769815
492,0.8314570666706641
493,0.8666991298673777
494,0.8971066946587258
495,0.802423991427932
496,0.9614910874533628
497,1.1745037370672893
498,1.3316964606374784
499,1.388264275558434
500,1.271139041677359
501,1.4021016537504296
502,1.3341807320277337
503,1.444335480814408
504,1.5007736160751877
505,1.5710945503141795
506,1.3863684769772933
507,1.2605087586159882
508,1.28580813018808
509,1.2557231750196785
510,1.3318646052564285
511,1.4789846343979656
512,1.3881275747963875
513,1.540710678513286
514,1.335299557096877
515,1.3589500290112184
516,1.5005282097980372
517,1.552529151321468
518,1.4284499208873374
519,1.4109198505551124
520,1.521907889628015
521,1.584394189784134
522,1.541389714609738
523,1.817652038210184
524,1.8053802489092319
525,1.8056604859665792
526,1.62216822190342
527,1.8599141683652614
528,1.628444600485708
529,1.9064793695053437
530,1.8958120577990272
531,1.9356905083277554
532,1.9153043995238077
533,1.8500291525365886
534,1.8925567094549414
535,2.008650568803484
536,1.7838647866566144
537,1.8157240439197255
538,1.7885582864340601
539,1.816838328751958
540,1.7665960269752548
541,1.657700148468447
542,1.589921362174683
543,1.5672769705650582
544,1.800909044601343
545,1.7637794236998412
546,1.8076232059665607
547,1.8829196630753449
548,2.1269023150254562
549,2.2205654518621003
550,2.178488235075077
551,2.1737923225590956
552,2.3103552841242987
553,2.1728419855944745
554,2.1671382693245307
555,2.3674472081069173
556,2.396079143210853
557,2.5470680254928335
558,2.9403497068225293
559,2.6832565808818822
560,2.640429304209968
561,2.43362677827007
562,2.294714709223701
563,2.0307860590241993
564,2.0610155989472636
565,2.145806605880356
566,1.886966710296767
567,1.8750778679847429
568,1.8796663905552609
569,1.8027797846042368
570,1.8056774051883666
571,1.7788656283588682
572,1.6062294263942933
573,1.6028695434907536
574,1.7633909264306282
575,1.658530799522765
576,1.7899133709736001
577,1.7645683481358339
578,1.512563975406454
579,1.5078952153469283
580,1.5514921029989348
581,1.4634904245641072
582,1.4637608701343225
583,1.4640412171369703
584,1.5133437982901543
585,1.28601115990284
586,1.3908108164447024
587,1.2905729441119198
588,1.2876489603112287
589,1.2534670289830063
590,1.1807924867918682
591,1.2007920605243685
592,1.19933216193646
593,1.3198130283840195
594,1.397025536205533
595,1.4375591510787917
596,1.52872024286388
597,1.7288030618146375
598,1.6784205576100335
599,1.7068675138831289
600,1.6145919070522425
601,1.4988424778110077
602,1.5285846154982439
603,1.6422879278697786
604,1.8570173242033525
605,1.9690351959540098
606,2.076338239950391
607,1.9844270392764265
608,1.9211840634355184
609,2.0529403724503
610,1.8351903164696273
611,2.0368412885276164
612,2.303833186879972
613,2.6397692167883617
614,2.960764751227147
615,2.6888083124812012
616,2.641177849870804
617,2.632568394636378
618,2.701472216304244
619,2.328911573218661
620,2.598056918851202
621,2.5949924773233626
622,2.778709354094597
623,2.646815842485109
624,2.600871702397127
625,2.584848342806238
626,3.100753157023701
627,2.6417001700768803
628,2.5163783820436305
629,2.5073671583044495
630,2.5472221761528515
631,2.3019113296876554
632,2.303853146442447
633,2.267535929986927
634,2.2115329501929617
635,1.9594034997450274
636,1.808776134975069
637,1.8077093346212685
638,1.8062395294317126
639,1.6160876912543485
640,1.7944285865453826
641,1.8259292378327319
642,2.0885674258290057
643,1.8117595964320137
644,1.7831138282337469
645,1.867392432256532
646,1.8659639340291276
647,1.7789297107426079
648,1.7767973143855587
649,1.8003050022130382
650,1.7230173195745875
651,1.8017295821557442
652,1.602401220973218
653,1.5149625721755746
654,1.5976532024731152
655,1.531539116249892
656,1.5778439248718692
657,1.5606964712683964
658,1.5076298232350271
659,1.5239460778127942
660,1.4480985815122096
661,1.397863069993112
662,1.5910797596711634
663,1.8262157661923846
664,1.5508169979512216
665,1.953981611767441
666,1.9568573972116192
667,2.066183162970921
668,2.3976520796451597
669,2.5973044673839736
670,2.4001748703110573
671,2.3880452096864535
672,2.355488006742337
673,2.507765744502713
674,2.5359634737523296
675,2.5762266680639767
676,2.9272201937093296
677,3.086519753835973
678,3.0212434707847797
679,2.8931550373372628
680,2.713836037142337
681,2.56603730100006
682,2.533073457187554
683,2.384337452420247
684,2.235293245527971
685,1.8661593510322698
686,1.8156203343978237
687,1.8515726312814562
688,2.1457207047172835
689,1.7880759337710748
690,1.7830256573755883
691,1.653753922313262
692,1.6505208637982203
693,1.5549147750552028
694,1.2914260556001596
695,1.2872907753637584
696,1.1620653209612997
697,0.9436128928497296
698,0.8654090858613277
699,0.8284769399140434
700,0.796051916409354
701,0.9100258237953684
702,0.8292170010880906
703,0.8481956473970624
704,0.810182951278415
705,0.776932562306556
706,0.9292896071564009
707,1.1444602267147919
708,1.269671183554951
709,1.207355002610106
710,1.1290327187040607
711,1.0800334660730393
712,1.1770340272497135
713,0.9759313870619107
714,0.9794543783718502
715,1.1729611388662173
716,1.4295328018536708
717,1.5344405863064925
718,1.5110050580194805
719,1.6433581363452041
720,1.618689086668121
721,1.6123591952520233
722,1.6915015615199809
723,1.7928727511383065
724,1.8017196812955336
725,1.5144546333591298
726,1.3965340823091217
727,1.3655768328838083
728,1.6515578090593348
729,1.7592458657547216
730,1.7815854742650021
731,1.6536544888016187
732,1.6522272117219392
733,1.914235050002895
734,2.0551003139315243
735,2.0853601504215944
736,2.2449259509415707
737,2.6728010463083725
738,2.4362389785700422
739,2.3043702871808045
740,2.179116536811574
741,2.4511961385994527
742,2.3891786715123193
743,2.7479031536822665
744,2.872089121855635
745,2.8969894358557466
746,2.996308389262828
747,2.7296150903483327
748,2.651926230359803
749,2.6537381059792913
750,2.6475044042458413
751,2.6088748684896648
752,2.4314350269929914
753,2.5459208347429145
754,2.2985270677678504
755,2.309685280738519
756,2.2872840338463156
757,2.3019539959902686
758,2.49153238023239
759,2.5899016661736605
760,2.2740680692113475
761,2.303853146442447
762,2.579879712998885
763,2.3440270313040426
764,2.1475866837655553
765,2.1152094248895654
766,2.1356774586433573
767,2.273815067543881
768,2.209172093429082
769,2.3017411451684953
770,2.303853146442447
771,2.29661385967588
772,2.355830494340903
773,2.144971055776749
774,1.8787461405066148
775,2.035029915573672
776,1.8135517048030776
777,1.8463032061282896
778,1.9969172239594422
779,1.8510165293564815
780,2.004257022399636
781,2.0024785904497993
782,2.032421105413167
783,2.0477773941910313
784,2.1589889193184324
785,2.30560616335228
786,2.2987990424964564
787,2.29661385967588
788,2.2721689187591685
789,2.0522247447494206
790,2.226469123768412
791,2.2721689187591685
792,2.120501795558195
793,2.27051641849417
794,2.2126103429662334
795,2.2282620459235054
796,2.2721689187591685
797,2.3000121792354764
798,2.2151311131536753
799,2.2740680692113475
800,2.2878226566971267
801,1.888056906654581
802,1.8429471854688178
803,1.7702998785357504
804,1.707028093634827
805,1.6870370174119727
806,1.7278554030581292
807,1.6621305565325302
808,1.7046071645330685
809,1.6144641419179817
810,1.5572662323898299
811,1.4401509462475874
812,1.469336877726186
813,1.4029522548154356
814,1.369013917177848
815,1.291509296200302
816,1.290130005901566
817,1.2039975012310415
818,1.1399537780938964
819,1.1660631743937175
820,1.169284619966679
821,1.0778875166417108
822,1.0203360137741293
823,0.9599305229071796
824,1.061759920728521
825,1.0271668786695232
826,1.1722311834978327
827,1.1738051293633112
828,1.4457777106774359
829,1.5449722689980985
830,1.6802216445162323
831,1.9527786382493655
832,1.9168753691127427
833,2.096550651624263
834,2.196501177805555
835,2.445733191171582
836,2.6644580590860985
837,2.702529125882652
838,2.6700018290258525
839,2.487782254171134
840,2.6512164682268975
841,2.785187184712811
842,2.6942497177918088
843,2.657011773339925
844,2.61855820595782
845,2.632139209174299
846,2.4297062260341997
847,2.6245390050474557
848,2.5988314220723487
849,2.309685280738519
850,2.3046630689822916
851,2.2894729437683905
852,2.2757659133077084
853,2.194599204760302
854,2.169748002862406
855,2.3131074612924714
856,2.0997592222026182
857,2.13427400554129
858,1.9267448506023686
859,1.8374467735824238
860,1.7970980618232302
861,2.030054292756231
862,1.7983506733187078
863,1.8352080541246028
864,1.7888697449850797
865,1.6554298354091879
866,1.6550604348065572
867,1.7787309268496994
868,1.7877554601528474
869,1.7632396270161517
870,1.4680886404215174
871,1.5782281443160833
872,1.3658184296800724
873,1.4648886981694693
874,1.4664676379562744
875,1.2883206221010661
876,1.291506206105856
877,1.3812522777652216
878,1.3975061792061736
879,1.3554607227735054
880,1.4624622773501654
881,1.5065846031369052
882,1.2889291160742529
883,1.4640412171369703
884,1.3953439785976165
885,1.3975061792061736
886,1.7265907397495406
887,1.818953160795932
888,2.37210556337847
889,2.4984995092691515
890,2.607553894384803
891,2.3048332535014517
892,2.150295667457148
893,2.490443389507299
894,2.540400254283232
895,2.3000121792354764
896,2.575313527443918
897,2.578750833429963
898,2.1481599741300355
899,2.124184266589012
900,1.8151574158523542
901,2.047152942475749
902,1.6858674886778808
903,1.7885422004088984
904,2.0178077735382205
905,2.011486378117731
906,2.0701396385035618
907,2.0235426142629014
908,2.017936787227689
909,1.7307101055678995
910,1.5845669344742501
911,1.4038396465270242
912,1.5432723628955878
913,1.5202574442604218
914,1.523586436983307
915,1.61385711967242
916,1.4391227990336457
917,1.525621529833495
918,1.5150915263463982
919,1.468600104162105
920,1.579278296990638
921,1.395297951006832
922,1.4378871980802919
923,1.2509432181099638
924,1.2860020421791156
925,1.1643631402366674
926,1.2502878964632673
927,1.1881841867053893
928,1.1646822274767543
929,1.1466990709167635
930,1.2240112819364817
931,1.2026043361601533
932,1.0954058650676815
933,1.0670692762041567
934,1.0644071493078455
935,0.9616556454249872
936,0.939358978772796
937,0.9091594591540109
938,0.9436235277401389
939,0.9351736407904311
940,1.0149649375847485
941,1.0657842940008981
942,1.0613978142711673
943,1.0645077129242384
944,1.1584329281337609
945,1.1400025222878083
946,1.0768986602196038
947,1.1238046767146175
948,0.9443859079674345
949,0.9351522955499991
950,0.8330921018531818
951,0.8268500799929493
952,0.859034122624747
953,0.8247080307295727
954,0.784254728528946
955,0.7491637490487619
956,0.7438366628916596
957,0.6791044852677625
958,0.5869763947925808
959,0.6703875224255162
960,0.629996372613275
961,0.6667825278279704
962,0.900269044595579
963,0.9612621595304907
964,1.2409508680393797
965,1.5881584991526008
966,2.091247790396947
967,2.180885075302448
968,2.712533063988097
969,3.1957050733229453
970,3.7223372063803772
971,3.958393280168159
972,4.610015195657422
973,4.630034360876285
974,4.7216336404124375
975,5.337450825130754
976,4.913536453485766
977,5.8165201887676785
978,5.283205895490475
