,0
0,2.322884146944414
1,2.4305736264325906
2,2.3953765489592187
3,2.274248824915159
4,2.2497104613797254
5,2.4345645062588526
6,2.1591193551958523
7,2.313824790698431
8,2.3058522549315783
9,2.4630181155855175
10,2.8311765813886294
11,2.8244534679505553
12,2.511319386303976
13,3.053323855614714
14,2.563702414429673
15,3.116619410911543
16,2.9435468845289368
17,3.182090594490518
18,2.8144430806846814
19,3.180152715236265
20,3.0823967203397618
21,3.2866831837708186
22,3.5753899642722557
23,3.488234028126643
24,3.4515759361963254
25,3.0364371948835367
26,2.7883374962307275
27,2.635697495853707
28,2.439461675108303
29,3.3736832270219517
30,3.2773067671682106
31,2.9527696443198757
32,2.770212083841928
33,2.7638842999876454
34,2.837097156105486
35,2.7929350977737717
36,2.8094203957517063
37,3.0257640049724968
38,2.9422488347698605
39,3.063160984408546
40,3.1098979624893515
41,3.1315404293966864
42,3.0719074485072797
43,3.051119282218579
44,3.1268031751151786
45,3.2168085177007133
46,3.328131716712349
47,3.4813842578468153
48,3.5155262586964096
49,3.9270262245980323
50,3.305744976535229
51,2.948330209287681
52,2.9827518915411244
53,2.8353329589293725
54,2.9176469424690077
55,2.958158457101167
56,3.1776028131270095
57,3.1389869420538843
58,5.082830922306456
59,4.789573610739745
60,4.675505324350232
61,4.604317969477442
62,4.234330158783566
63,4.20509481317622
64,4.135045915036331
65,4.048210540489214
66,3.7200674226049775
67,3.8002440402913664
68,3.600568107745667
69,3.6333961082380646
70,3.7728118453953683
71,3.6271790888761415
72,3.7515656199625464
73,3.718576249674515
74,3.7513342375299334
75,3.7164389386440604
76,3.064919518580046
77,3.591546019816018
78,3.0088713120652817
79,3.0283040496607785
80,3.175371711566833
81,3.1482989960474006
82,3.1922198523028342
83,3.2709558878845693
84,3.1925396911581556
85,3.195238977636871
86,3.1740734314872885
87,3.1489386849842984
88,3.1359822698601088
89,3.05606488836806
90,2.9921327176338273
91,3.0295985980132287
92,3.0507114570684823
93,3.0148837659229137
94,3.0348472610752935
95,2.901377255730505
96,2.8687764058036334
97,2.9310293230105864
98,2.799233290642414
99,2.8332807070484636
100,2.901501467699627
101,2.6096176914779043
102,2.705010432015209
103,2.6589221927628226
104,2.6670159039779087
105,2.351024455613532
106,2.3769767115413636
107,2.303216995345661
108,2.1970827787709273
109,2.2962952906160967
110,2.1798610848789055
111,2.4731342615000775
112,2.361371645354989
113,2.3605063942272513
114,2.309484802093717
115,2.177002879086593
116,2.1479736700934504
117,2.227131869177304
118,2.0254369923852904
119,2.0337983149298644
120,2.3180786930295056
121,2.09494951991475
122,2.273484841343815
123,2.4380656671816654
124,2.1751790164872475
125,2.012383951152882
126,2.062651037940521
127,2.1676214113149195
128,2.182384487937587
129,2.1987483765271016
130,2.392648013254637
131,2.5745172754089722
132,2.441149217276847
133,2.6714109984434335
134,3.095443065447352
135,3.129802173856854
136,3.1532140525370096
137,3.517542205197241
138,3.0216046234633387
139,2.842981362574713
140,3.020572857124226
141,2.848950429193156
142,2.782477661187158
143,2.840412447378311
144,2.667646989896053
145,2.593944946387872
146,2.4612410528609607
147,2.4645306779571015
148,2.46574243544916
149,2.435972387561154
150,2.283265136651388
151,2.1681753252985496
152,2.045080680413072
153,2.1028575741255864
154,2.1441849040802556
155,2.1144349293524627
156,1.8785105892028036
157,1.9612815918804023
158,1.7652772121814169
159,2.5569581172472535
160,2.595631757192042
161,2.929992383435742
162,2.977392666119364
163,2.0788889417040113
164,2.7817968016210157
165,3.0855363990662097
166,3.0339590465325763
167,3.205916200192681
168,2.7686697444835504
169,2.826713759035981
170,2.9565551402793533
171,3.233907312463577
172,3.3980978412286964
173,3.551538247827364
174,3.5569377345757816
175,3.5002049869570295
176,3.6386251794170494
177,4.378841514002622
178,3.2367005869657524
179,3.256401427765374
180,3.2814925385173797
181,3.28833336245012
182,3.3923922008657987
183,3.408361149239629
184,3.35188946519994
185,3.452025469856694
186,4.481765969418687
187,3.260395368493779
188,3.1051958872250554
189,3.042424571698548
190,3.154730789185202
191,3.2145092141104
192,2.988060387422201
193,2.989909613636007
194,2.7513713245454605
195,3.053860546535328
196,2.4761967260910067
197,2.753247779675155
198,2.690136655509815
199,2.7853610632332644
200,2.7986764793825274
201,2.653934794540108
202,2.6343244589098704
203,2.7209944758194364
204,2.7301574431110476
205,2.628497399769763
206,2.584682006089252
207,2.543939399053773
208,2.5554868177213828
209,2.321342057700493
210,2.3033627817429987
211,2.347820133298545
212,2.436768266434435
213,2.2770693209966266
214,2.0802430734998945
215,2.129287163726889
216,1.9853055032169273
217,2.080907522104302
218,2.1002200165797773
219,2.1107861816799915
220,1.9981183938846705
221,2.0366372957060555
222,2.92831834712262
223,3.273500190124976
224,3.4380491175036925
225,3.441320677513231
226,3.445416509276677
227,3.3914840709646112
228,3.303630223665966
229,3.2072454469564873
230,3.1424583890317748
231,3.2950396587680157
232,2.2749786218678594
233,2.2828758456417004
234,2.4236949862421078
235,2.4508064684011233
236,2.376159531700588
237,2.322711517490554
238,2.36255517041167
239,2.523963827113337
240,2.570649226265967
241,2.308618211345584
242,2.4500654240378075
243,2.492589989064896
244,2.546353296244256
245,2.498207949402318
246,2.5213297430893413
247,2.5535076003639214
248,2.505584598967122
249,2.399436931762301
250,2.18298508185224
251,2.157498740109933
252,2.156768687305926
253,2.2032780584019664
254,2.246762281097687
255,2.197056783482931
256,2.1818055650736365
257,2.323360571707044
258,2.292183338964028
259,2.3915316230817782
260,2.3589887660996163
261,2.5014080880238114
262,2.5181258125807204
263,2.616944162739052
264,2.5654895238308093
265,2.515209724701323
266,2.6624438855835106
267,2.8561323470354334
268,2.7326876640262805
269,2.6071558401256625
270,2.7211421548834487
271,2.7319194260309296
272,2.7750592909144167
273,2.6876496168481525
274,2.50726936490175
275,2.569039789555107
276,2.414830191176655
277,2.481375670629856
278,2.0772152736617477
279,2.1518982869264054
280,1.8904279071192331
281,1.7330741939362506
282,2.020986559418815
283,1.768692225339358
284,1.8942015370913687
285,2.015476659345903
286,1.9429410932787845
287,1.9725839240471215
288,2.178356177349977
289,2.281585996902485
290,2.181903820627416
291,2.119486321093688
292,1.9443783538160768
293,2.0380964053457045
294,2.0676517892098216
295,1.9623261926202542
296,1.7761998914256014
297,1.7003240562955357
298,1.713655555866537
299,1.6334728347359158
300,1.88536773451839
301,1.662115900650561
302,1.7885933156132328
303,1.7616954653620664
304,1.8887096596235762
305,1.7705669313019792
306,1.8526372129311306
307,2.100741780884745
308,1.904967790832678
309,1.9189349812233998
310,1.935681816589261
311,2.1086716039139177
312,2.3645593502405884
313,2.603571165463377
314,2.425823259706058
315,2.473752089105886
316,2.369376997942766
317,2.356004700367178
318,2.3738683493224864
319,2.3840050951793
320,2.296917791068488
321,2.3023688967388547
322,2.3156500513642286
323,2.1987677351598136
324,2.036098474121898
325,1.9375038838560563
326,2.085438786152401
327,2.068677009794499
328,1.963897996764482
329,2.1091452573410048
330,2.7258890587777085
331,2.62448592664588
332,2.489504663587007
333,2.7574452754256473
334,2.748067340076307
335,2.9441147691010214
336,2.9528582130693417
337,2.673532407063377
338,2.5262384853275144
339,3.02682014716253
340,2.827176197824514
341,2.667546166464953
342,2.8602072276188335
343,2.865438889391278
344,2.783588115545621
345,2.620359450660142
346,2.672853150154839
347,2.654875582323236
348,2.4854530782796216
349,2.264138778793765
350,2.356759480356259
351,2.099189734816104
352,2.1200343291814834
353,2.022998925154484
354,2.0573786363552977
355,2.043805513949224
356,2.386627837579703
357,2.1468538962553785
358,2.223339875820329
359,2.1975760485460025
360,2.198034293682109
361,2.3284477218602224
362,2.70158311574368
363,2.8722106697206944
364,3.097875451904425
365,3.1864166112244257
366,3.2085211057457235
367,3.2760946297706868
368,3.2448386434232153
369,3.449226801505167
370,3.401016153853444
371,3.542061097800606
372,3.7325770918378534
373,2.976475425957618
374,2.8611640003567884
375,2.9909998355334135
376,2.9540418648045272
377,3.0421801065487983
378,2.9882772703211766
379,3.178172997276964
380,2.9870168586376447
381,2.9003517367308795
382,2.96445545112226
383,2.8375336698311155
384,2.8615068658386176
385,2.584527745348993
386,2.488072680795488
387,2.483145411313922
388,2.4559683111832533
389,2.518394134135851
390,2.4848274517221567
391,2.9218288941965915
392,3.0165004520494003
393,2.7054750924370325
394,2.623244869105734
395,3.0547944842738386
396,3.341427781548691
397,3.4625915742322415
398,3.5402199211860856
399,3.60679973443372
400,3.5734942690298093
401,3.2054664012800202
402,3.232189605317758
403,3.2310349007309007
404,3.1464497075972115
405,3.176834836858568
406,3.0905652943372726
407,3.189454476064579
408,3.240662171749325
409,3.175032337752129
410,3.0870965638101953
411,2.8294140585128127
412,2.99176501060037
413,3.0197059347484956
414,3.032088769441968
415,3.127217124684036
416,3.169980779843959
417,3.117915155096819
418,3.0752713261850753
419,2.7419078110245407
420,2.6970206900716316
421,2.9813627452689824
422,3.0455766762293797
423,3.089010852001354
424,3.192634531160589
425,3.794965383822425
426,3.641808067160428
427,4.141742500549446
428,4.0514301980540495
429,3.9526048965989204
430,3.3953156078915407
431,3.6366602409519175
432,3.3384636662993175
433,2.987420209035425
434,3.15171033092829
435,2.71745115207953
436,2.7899168570228126
437,2.668156808575529
438,2.8429539312456917
439,2.9889181515091234
440,2.665254549543932
441,2.595699834487867
442,2.654924472183191
443,2.904511645447537
444,2.6885736630902177
445,2.775592895376272
446,2.846664787299276
447,2.4920795393733712
448,2.447169430811371
449,2.423768777968886
450,2.2614479887730696
451,2.437933931329328
452,2.626650533946563
453,2.462407937062266
454,2.1740677202212106
455,2.0466689325777985
456,2.040655361816951
457,1.9221082749327876
458,2.0080301921638997
459,2.142355657183922
460,2.18020171726476
461,2.605559703162973
462,2.6418934986606564
463,2.663734695754187
464,2.925188407838203
465,2.7506731087642176
466,2.918621639708465
467,3.030216770638995
468,3.180320273980902
469,2.9976097428497672
470,3.1803630344833995
471,3.1277853103625337
472,3.6546013980699192
473,3.557784577778991
474,3.42505153533759
475,3.4733206229082927
476,3.403348560729836
477,3.406686760404362
478,3.378947084075699
479,3.36626781129038
480,2.980593667560364
481,2.940064421560263
482,2.970392164746487
483,2.903319974924246
484,2.7491185181140554
485,2.723790875976818
486,2.7290459121374737
487,2.704366092155557
488,2.6238168693346666
489,2.647023591808675
490,2.5489044643087424
491,2.603281014797176
492,2.686603333955372
493,2.689371687777526
494,2.8908195662023726
495,2.817233724214057
496,2.910245600203622
497,3.013940068988678
498,3.0331233810441325
499,2.7892839493601147
500,2.9841838612853864
501,2.7152778285655046
502,2.5728634169477465
503,2.5754906258493255
504,2.4775082458702693
505,3.259283524147277
506,3.399525320857582
507,2.6072645628440845
508,2.6633926536857406
509,2.96280888755982
510,3.698389982015929
511,3.6593996740253827
512,4.5190554148095075
513,2.745475118676758
514,3.091523366314592
515,3.515483027225002
516,3.9818804978972735
517,4.255901587749838
518,3.1706060518841324
519,3.1113037997961297
520,3.6735164060252545
521,4.113388958211952
522,5.086601936825873
523,5.387516900088398
524,5.8264006448734085
525,5.901355024128133
526,4.809230798869282
527,4.921859047861038
528,4.601817951486114
529,4.441495609291277
530,2.9248568139945985
531,2.676754778369633
532,2.486845978192165
533,2.1993413769747248
534,2.0023668952724294
535,1.9304111666480288
536,1.9690148851223142
537,2.0254597905236196
538,2.022848914219602
539,2.0489907337707187
540,2.748698463511364
541,2.143935678500628
542,2.075275438062877
543,1.9495698591037334
544,1.9953400567905506
545,1.9148303847909482
546,1.6685978117512001
547,2.021456437377707
548,2.2522483552312886
549,2.2513616325684773
550,2.102849000873643
551,1.7807544719086976
552,1.7551924915526982
553,1.7553242749515243
554,2.456423880942813
555,2.6805453549634257
556,2.828687216998825
557,2.8891548360727097
558,3.143380681522483
559,3.500780075535957
560,3.4519820101459366
561,3.7815084489701434
562,4.069821284809228
563,4.150445115584643
564,3.970570886148538
565,3.587766514555482
566,3.343756786990903
567,3.0851906071391957
568,3.1755797749614274
569,3.0435116070835524
570,2.956584307071499
571,2.9968173244841396
572,2.9785885044837586
573,2.8357879771833043
574,2.7995190361309272
575,2.7017672069126757
576,2.747746785241219
577,2.7336618532135946
578,2.783739503782874
579,2.978236919403538
580,2.6991298695817285
581,2.648101881186816
582,2.728306434413455
583,2.8505054710690496
584,2.7184860164377804
585,2.7954313975434237
586,2.8487860736560005
587,2.853254923163327
588,2.8095687811373167
589,3.124866770896167
590,2.8781074489212526
591,3.3440134787594378
592,3.351820248201386
593,3.4140368183509424
594,3.3767168231380262
595,3.4496854954380636
596,3.2787844772970893
597,2.9105448384184816
598,2.8945537063342606
599,2.901482170963432
600,2.915455080646315
601,2.831829072971293
602,2.865404540453339
603,2.8921648853211415
604,2.886587252306461
605,2.8705726981004482
606,2.869136677157432
607,2.9028375523694727
608,2.8203034007663867
609,2.859149166080258
610,2.820284871729513
611,3.149575539982632
612,2.8417733345239147
613,3.2854614023792608
614,3.296024877852549
615,3.2453111786715634
616,2.982807955365984
617,3.0502790955628583
618,3.0058165485959534
619,3.0363106271180285
620,2.9980764334331496
621,2.9730512711093917
622,2.843985602648949
623,2.7855840296943635
624,2.727228445898244
625,2.7775115918257973
626,2.7171284301418224
627,2.725702082768923
628,2.7740012625561583
629,2.662585453795473
630,2.8813874101771018
631,2.7787240866569594
632,2.7654296121563733
633,2.9406259128520125
634,2.950229432755938
635,2.947162207210682
636,3.013093941356351
637,2.8515450934853503
638,2.802626863983754
639,2.834689389149345
640,2.914373903411965
641,2.808916482766003
642,2.7187750368999946
643,2.6344967541443354
644,2.714018544744465
645,2.7044801715635107
646,2.67073581677111
647,2.6106566786864107
648,2.5860643142621247
649,2.6400112363343795
650,2.8340248436457376
651,2.4813880467105935
652,2.5217197931532658
653,2.3508083329655154
654,2.1910778263205657
655,2.3040300976630737
656,2.250063993830209
657,2.304153047814301
658,2.294120026040263
659,2.3198707311726228
660,2.144574447499275
661,2.19408402386901
662,2.267340092518541
663,2.129474335010454
664,2.1723101027678413
665,1.957056028129661
666,2.1151588729614987
667,1.9338719460450486
668,1.9694774462455154
669,1.9375996273733187
670,1.6931447149339252
671,1.8021061853164264
672,1.770571213054386
673,1.6547028802454253
674,1.6689869356536937
675,1.6484252566725321
676,1.6335507627987338
677,1.7199956598702266
678,1.7162774087814998
679,2.36248321457464
680,2.429728720532914
681,2.3761829885645325
682,2.5207274812414995
683,2.383393088526892
684,2.476264489046067
685,2.3985956034804112
686,2.58294979236099
687,2.9663408594810248
688,3.157755182335582
689,3.401001680203442
690,3.2363111021974276
691,3.5348317870242356
692,3.632860845567457
693,3.632860845567457
694,3.6042056844758745
695,3.5582223495170657
696,3.3909277044186332
697,3.1192615910459205
698,2.9906914001709723
699,2.8345489385655025
700,2.7437837848603612
701,2.875160650555886
702,2.8532395972043134
703,2.72009629542997
704,2.8862855935529934
705,2.596879240408756
706,2.5846013654806765
707,2.561449039048281
708,2.673021382995277
709,2.588405110198443
710,2.6781322560717373
711,2.6712203256972025
712,2.6474460961108366
713,2.8467523865081157
714,2.812288882308031
715,2.7386508436794887
716,2.850625318159001
717,2.870988697109979
718,2.8029517246535938
719,2.754641445124514
720,2.7473556461697544
721,2.8925840997537144
722,2.88819462941849
723,2.9488108786677056
724,2.9393540031446306
725,2.8566228882091353
726,2.8950344647139055
727,2.9889598924188108
728,2.9683072268018775
729,2.8288101642185235
730,2.5911118994117506
731,2.7872815002431963
732,2.8824887169405193
733,2.815281743986317
734,2.790557447891653
735,2.5211378768069976
736,2.51313758605616
737,2.584981989407689
738,2.400853491635074
739,2.4692981217212484
740,2.8250094004678385
741,2.7659006457897135
742,2.662918149654123
743,2.623683662512065
744,2.645925616658802
745,2.7083514463872413
746,2.5540994581227037
747,2.531638486336192
748,2.5362996120213004
749,2.6491960168618456
750,2.5641942763767096
751,2.7502590659137924
752,2.485558737463403
753,2.7423114817952796
754,2.559954559077012
755,2.4650198074588716
756,2.4026320902605747
757,2.411431118175965
758,2.385384089199779
759,2.696833890151
760,2.850179140654196
761,2.4243469028458424
762,2.5391461873653776
763,3.008806131952017
764,2.9427398153632764
765,3.006858445994292
766,2.957457393277365
767,2.839713525386267
768,2.9198750412444068
769,2.8726904420536834
770,3.053939487639321
771,2.8699330334451085
772,2.9403505030101393
773,2.8356450921300587
774,2.7229252255518683
775,2.833174406708078
776,2.6985962470008618
777,2.6548685782962638
778,2.711206420210511
779,2.361930910945572
780,2.4097912707130655
781,2.3858437095745915
782,2.485487315702792
783,2.4000389615287845
784,2.323836118707539
785,2.35135033093205
786,2.6989709041743244
787,2.3690411863641043
788,2.3352725259526848
789,2.8391295326312798
790,3.051070475093452
791,3.5224086011048477
792,2.8245626436537803
793,4.037408680256854
794,4.15034163812336
795,4.108724295041131
796,4.383281286682435
797,4.547448417860797
798,4.727045197229603
799,3.646153157725785
800,3.181716148308012
801,2.887427702673153
802,2.5765693225120883
803,2.63671874779209
804,2.4817507688134137
805,2.481687969038196
806,2.4288106660208943
807,1.8888391409682577
808,2.442654631187179
809,2.2885413301617255
810,2.219072494180411
811,1.8731305583184126
812,2.281129929124746
813,1.9570856049361898
814,1.9822249507224268
815,1.9969089193372191
816,2.0414792714659304
817,1.9631543177587238
818,1.9560337966725783
819,2.1343683790954042
820,1.9490126944838153
821,1.7074982621126165
822,2.01717432188709
823,1.7047834699856295
824,1.7621742446913744
825,1.7359133206332225
826,1.8960394876938904
827,1.8670969617211803
828,2.1779461416377286
829,1.874964968616276
830,2.1281312746607175
831,2.361388135527902
832,2.3729642309033614
833,2.374807911603445
834,2.3855486769875967
835,2.4098061675464306
836,2.295296936992565
837,2.277812022204857
838,2.3358300029509986
839,2.2272437367925
840,2.0176280641816335
841,1.9917805599333542
842,2.1719615934677368
843,2.1137392663290746
844,2.4830362480274393
845,2.389489292562229
846,2.308766558734077
847,2.6592667796158804
848,1.8195362995220623
849,1.701397708615572
850,1.6053615333748203
851,1.7092136665947542
852,1.6357850996507695
853,1.7279135843670659
854,1.6783730937792187
855,1.8468233880526357
856,1.7261597695373676
857,2.07845667272606
858,1.853321211218052
859,1.8194957058972583
860,1.774642222363285
861,1.6259815813563976
862,1.8814290839893926
863,1.482810038689217
864,1.5402567707695094
865,1.5914721281317075
866,1.9858745286824748
867,2.0430518679360024
868,2.0651429676491477
869,2.1008915752308437
870,2.115858560125835
871,2.2817799825965297
872,2.3036118064598323
873,2.19314579030154
874,2.3885778090483503
875,2.5032991128399074
876,2.3774823238235228
877,2.3682191207648366
878,2.306382063657684
879,2.276816742257893
880,2.496388756949097
881,2.2819656603479386
882,2.345790206117039
883,2.338054998283721
884,2.7598635414628934
885,2.2804931414381535
886,2.2326826082306983
887,2.433659762112325
888,3.108457262884655
889,3.2433751414732184
890,3.075805465835136
891,3.3825562946788112
892,3.385054439832065
893,3.2751610340359854
894,3.1880065281517833
895,3.009706503412158
896,2.9763869057440733
897,3.080996287537079
898,3.1105252825521026
899,3.0265047845688944
900,3.0646765477659272
901,2.986694442308099
902,2.9031841271723366
903,2.6953839055714006
904,2.674912497215287
905,2.757928005010473
906,2.886172642349687
907,2.972159266720666
908,3.3633824022294965
909,3.6784371187181555
910,3.772977234903516
911,3.2487813953676863
912,3.025880072370431
913,3.0293485277146606
914,3.0911797631250697
915,3.2045479681505564
916,3.0746427833079903
917,3.0629711184292474
918,2.797222683419208
919,2.824304566171908
920,2.9485102499149733
921,3.0827072185475206
922,3.0701046621668
923,2.939420856623101
924,3.034080002911943
925,2.775590059622427
926,2.8164630748460833
927,2.7832655680721716
928,2.795616697814529
929,2.612948831933412
930,2.6415312803597732
931,2.686137412170961
932,2.810568896787358
933,2.8535037805744463
934,2.99347318985888
935,2.9878781936439007
936,3.054123667625332
937,3.081546763674858
938,3.106683121090336
939,2.900871807724846
940,2.9797761047412163
941,2.9711829702502772
942,2.93284144123928
943,2.828236042363876
944,3.0441965099174624
945,3.1454284888757984
946,3.110982269408547
947,3.1644864265381063
948,3.0971062318361895
949,3.085548321925646
950,3.0889182949404486
951,3.1937448010005296
952,2.97188726241119
953,3.3237144493525865
954,3.052604458276803
955,3.138187432539363
956,3.0753286560158686
957,3.020334195239416
958,3.0825895678277937
959,3.088967647619901
960,3.015473315623239
961,3.064294215277269
962,2.9055144363404555
963,2.880103916982989
964,2.8923479183047114
965,2.7784489439145377
966,2.9022572937883786
967,2.832848358836812
968,2.855338551705562
969,2.940650451286789
970,3.198578966538889
971,2.944945841776851
972,3.3012903405371388
973,2.905472744273614
974,2.84137370559356
975,2.907531907236166
976,3.071208364191296
977,3.1375705312855127
978,2.9839549883496828
979,3.011413180684902
980,3.014217678621729
981,3.1052167275047187
982,3.0314813892127614
983,2.8352738616705815
984,3.484208079018546
985,3.2937314621530285
986,3.265055327034138
987,3.051789960846003
988,2.6144798145717343
989,2.7077138666595646
990,2.4001086812244745
991,2.509264100254623
992,2.3663842134885846
993,2.2653778792215062
994,2.3259518775183645
995,2.3068328702854086
996,2.5143773930428877
997,2.2314713098484447
998,2.4416373849016946
999,2.429621368404372
1000,2.228598159450069
1001,2.164593480780221
1002,2.065881442091895
1003,2.1415892102242178
1004,2.1402141853174537
1005,2.0857494716268996
1006,2.2428824075987603
1007,2.8648909164462313
1008,2.4243282686486602
1009,2.276792696123236
1010,2.4164196948561547
1011,2.2409921315468213
1012,2.244599184396502
1013,2.1042118283953504
1014,2.4955353405859886
1015,2.2240834121144615
1016,1.982774754953368
1017,2.073475926588173
1018,2.1596816148041755
1019,1.969712907543186
1020,1.8693818720884856
1021,1.9455754017715012
1022,1.9286164951347085
1023,2.030357455290052
1024,1.981965886522834
1025,1.9820451396891727
1026,2.002468456042807
1027,2.0798264377232205
1028,2.3597106418116747
1029,2.4371091320929694
1030,2.450143652011667
1031,2.543879694712871
1032,2.56860648842947
1033,2.5316472651122512
1034,2.605357096407732
1035,2.7038445094023675
1036,2.109283986882095
1037,2.304731127534132
1038,2.4386854413311454
1039,2.467287938005512
1040,2.777026351759713
1041,2.231746527044841
1042,2.6859039292580733
1043,2.5852363892037604
1044,2.4876443789917744
1045,2.514716627411193
1046,2.561627066062901
1047,2.5140601391581527
1048,2.2740123699792285
1049,2.2871716839094387
1050,2.467607973987864
1051,2.1182122430109964
1052,2.739564297172567
1053,2.9324509897409383
1054,2.253012595333517
1055,2.951517576285472
1056,3.0840422175194804
1057,3.2284059462537447
1058,3.0519374309197005
1059,3.0795739267917175
1060,3.1574548242282825
1061,3.041383596201646
1062,3.206062955792245
1063,3.005254524313024
1064,3.129913014467892
1065,3.1495507580436817
1066,3.099574387935933
1067,3.0496882528448435
1068,3.013428431561671
1069,3.0083927550911853
1070,3.0154613940056794
1071,3.0823326150274415
1072,2.8151036912236673
1073,3.0293174008274137
1074,3.034550875248778
1075,2.999780849107952
1076,3.114707182628624
1077,3.04220009130168
1078,3.040823257270471
1079,3.0737553312040897
1080,3.0631865431572853
1081,3.0294120892769234
1082,3.0411919266850718
1083,2.7759948662798193
1084,2.797821931513852
1085,2.811222738162346
1086,2.7329156935708507
1087,2.3234253675539933
1088,2.6137860975981364
1089,2.5738161913723263
1090,2.6629924393561994
1091,2.6824995567120813
1092,2.4350178468649375
1093,2.670106027795167
1094,2.377721767790836
1095,2.320236621167795
1096,2.184134323729328
1097,2.6256657113471555
1098,2.565005703301427
1099,2.3101894309389026
1100,2.3002275573878492
1101,2.284288565191757
1102,2.533852357979049
1103,2.739977607430896
1104,2.724727755040153
1105,2.4554262751831923
1106,2.355418887583721
1107,2.6441828165861736
1108,2.3628750461762444
1109,2.5050040415066914
1110,2.554886033505184
1111,2.441309272496076
1112,2.3958285797589856
1113,2.3503251374059126
1114,2.756043666575579
1115,2.9457687474477754
1116,2.933493678602161
1117,2.6964695382619355
1118,2.803823211618568
1119,2.6506455405136164
1120,2.6393837028296114
1121,2.592235602885296
1122,2.699493141485559
1123,2.666479694385194
1124,2.9371724196806
1125,2.911876275822132
1126,3.0900016383911875
1127,3.079987232037206
1128,3.277048497015176
1129,3.1538895780728278
1130,3.0989974419756288
1131,3.360737591146596
1132,3.3396783846831855
1133,3.377134802730603
1134,3.096654574257138
1135,3.0567555714654224
1136,3.0102754374432528
1137,2.8643238690444255
1138,2.884461771751423
1139,2.925771804142134
1140,3.0707986605583537
1141,2.9767517060020006
1142,2.9619376399277337
1143,2.8488430482783134
1144,2.867766023246336
1145,2.673734147637627
1146,2.6491655415314836
1147,2.599789518719563
1148,2.5597800922481
1149,2.6526562149141175
1150,2.523644109206849
1151,2.4356358908798996
1152,2.3440140126931115
1153,2.3603563185236895
1154,2.2426586743569668
1155,2.3478563631256333
1156,2.442171820294289
1157,2.789332203232931
1158,2.51691191278391
1159,2.443501591678884
1160,2.5631167702433406
1161,2.9999789205956757
1162,3.07148129881631
1163,2.956780482030494
1164,3.1254201293274044
1165,3.152816810245943
1166,3.169062725743278
1167,3.1645859876472997
1168,3.144754028430235
1169,3.096283789309887
1170,3.157219147169879
1171,3.1882650803944617
1172,2.910351096889516
1173,3.095227815130154
1174,3.014319796785285
1175,3.167145422302912
1176,2.845170244011025
1177,2.847241604918077
1178,2.9251685462141737
1179,2.9632876534804296
1180,3.0616634438083254
1181,2.8161104856424863
1182,2.7198729137433553
1183,2.840063777413464
1184,2.9435066290570346
1185,2.8648621789040027
1186,2.8990989193878813
1187,2.825978775459552
1188,2.8476148510796144
1189,2.895219611665754
1190,2.9945703679348776
1191,2.9755355279884257
1192,2.73592194272503
1193,2.515060108490168
1194,2.6773837381862813
1195,2.47599540976951
1196,2.7247061005343007
1197,2.7699050439828317
1198,2.8580700756766917
1199,2.854950002803464
1200,2.9161317949854455
1201,3.087717018107216
1202,3.0440787041419295
1203,3.033626575214507
1204,2.984789455662049
1205,3.062062700626884
1206,3.121163614344269
1207,3.159156282228222
1208,3.1182902326382633
1209,3.0900863663547664
1210,3.1015340992813814
1211,3.11766118799596
1212,3.1051053784069924
1213,2.761077844544232
1214,3.0035412258508427
1215,2.9556107965328193
1216,2.8913232607207333
1217,2.993434898241433
1218,2.9187703253678436
1219,2.885606976746579
1220,3.0939074515211593
1221,2.8436603527177855
1222,2.806542879530505
1223,2.9778322522539615
1224,3.462632809951967
1225,3.6473414722698676
1226,4.143338089671083
1227,4.4554333599416776
1228,4.362020059864755
1229,4.471073115870777
1230,4.1792110982753705
1231,3.5640943871430784
1232,4.269025494090347
1233,3.037034469994385
1234,3.3745333810083222
1235,3.2311763672064444
1236,3.033924837296067
1237,3.082217498449137
1238,2.8235160628111715
1239,3.2749879702148226
1240,3.3674594476912465
1241,3.6913074368124734
1242,5.143147617077697
1243,5.9643104731039625
1244,6.174751932362861
1245,6.0986327158819424
1246,5.986680497851592
1247,4.706333676062612
1248,3.9696076467892882
1249,3.5401596390342327
1250,3.0643021043899945
1251,2.821190732785803
1252,2.7571285622197643
1253,2.7345401609185114
1254,2.724823021433472
1255,3.1558273582763614
1256,3.1243167349879233
1257,3.186324152851554
1258,3.650459960607762
1259,3.9088206775727183
1260,4.909093071315606
1261,5.218107925136709
1262,3.2307038387372518
1263,2.6398821093687372
1264,2.6250757709995027
1265,2.882328984078351
1266,2.4721573835751576
1267,2.5523163675413185
1268,2.645550709385878
1269,3.126411192493974
1270,2.7684784828648477
1271,2.649092991593743
1272,2.989775240981669
1273,2.5437066546649674
1274,2.73913466876344
1275,2.7649964841970913
1276,2.7149405167973577
1277,2.6640343344248647
1278,2.525293580363684
1279,2.488484969676339
1280,2.5460402804074875
1281,2.38426475013046
1282,2.566929595924529
1283,2.4604618844774406
1284,2.4910157287884584
1285,2.868313353729942
1286,2.8812168357358297
1287,2.8373358025947644
1288,2.680088844631014
1289,2.7438754495307394
1290,3.155466165061928
1291,3.2179605345884887
1292,3.2609032432288383
1293,3.1976456768152137
1294,3.1236743427657063
1295,3.070650650989244
1296,3.471515910339442
1297,3.236179216182446
1298,3.570343170167663
1299,3.6079891285183536
1300,3.9328974329435242
1301,3.8598494511318426
1302,4.078997627540745
1303,4.7196238199121625
1304,4.653971591245692
1305,4.884865716040341
1306,4.6726688985515255
1307,4.557930247801731
1308,4.535039642077521
1309,4.57913595600496
1310,4.728839378202715
1311,3.8904727369613767
1312,3.727528462709964
1313,3.4871460003599126
1314,3.699257511270753
1315,3.9581589868590243
1316,3.8879498936400476
1317,4.100769198503693
1318,4.179734174216092
1319,4.073445181396375
1320,4.169057068455038
1321,3.878537348170444
1322,4.062769685519789
1323,4.044805944409949
1324,3.1948399520032766
1325,3.9116165203671636
1326,3.443730404084868
1327,2.8164872074965017
1328,5.176370428342778
1329,5.164813312401553
1330,4.957042231560615
1331,5.035703055545839
1332,5.11132204758087
1333,5.022004545836685
1334,5.035613069127971
1335,4.805369073392403
1336,4.773559463754074
1337,4.6567444541084
1338,4.552996556485948
1339,4.572691181416751
1340,4.4576862299261055
1341,4.498499347740193
1342,4.567315130162458
1343,4.230844472120361
1344,4.2599254815326475
1345,4.3734601958160075
1346,4.315486190173394
1347,4.864781967535677
1348,3.6788334707687245
1349,3.4436244031222962
1350,3.168653747072933
1351,3.209408846756296
1352,3.051048334603211
1353,3.046751095375774
1354,2.9475538178899767
1355,3.0256993504674305
1356,4.2987826135937235
1357,3.787512661422155
1358,3.912314453948741
1359,3.6996867294178766
1360,4.154756806545057
1361,3.377373421457391
1362,3.6187300336089594
1363,3.3522622649470457
1364,3.3491125603934075
1365,3.306743657935074
1366,3.3061498944834256
1367,3.4717216623697458
1368,3.5488745786061835
1369,3.6548770191226567
1370,3.7031121769558775
1371,3.6129695564359197
1372,3.664012018152438
1373,3.7324882452991637
1374,3.736507576591397
1375,3.593443861557433
1376,3.64136461934481
1377,3.3896794818328564
1378,3.3186567974362875
1379,3.226780998052312
1380,3.204426902945679
1381,3.1704831141508873
1382,3.2022616178889596
1383,3.224334869907594
1384,3.320524337000691
1385,3.3527061130471423
1386,3.3527061130471423
1387,3.3527061130471423
1388,3.3143390598607643
1389,3.4280061016472336
1390,3.3797442010376315
1391,3.349725435033913
1392,3.3195276702276706
1393,3.3316692714822738
1394,3.032250999543333
1395,2.9960124018430974
1396,2.9201190376896906
1397,2.9662657825459493
1398,2.996992526060483
1399,3.0759151804819256
1400,3.0810021227053057
1401,3.4635472940370287
1402,3.318635537538226
1403,3.1607750588400263
1404,3.1500221206446906
1405,3.4397905270983062
1406,3.2082866660596556
1407,2.9326740978392007
1408,3.120333457079792
1409,3.581763763450453
1410,3.260742637418307
1411,3.316845328191403
1412,3.355348581129841
1413,3.3748424023828925
1414,3.2406332394814235
1415,3.1904187695856865
1416,3.2968892537731365
1417,3.3331835507949616
1418,3.3216916896487323
1419,3.281586014428609
1420,3.6545817379287735
1421,3.894213133148484
1422,3.893753973644156
1423,3.7987337183241614
1424,2.928920421740735
1425,3.011575987091152
1426,3.0811287402279843
1427,3.1310248035865267
1428,2.9138680983102083
1429,3.0896613551951786
1430,2.825233235809783
1431,2.7081420016001823
1432,2.338093457172778
1433,2.295872383483242
1434,2.462058139616174
1435,2.3153174815138837
1436,2.513833403342527
1437,2.565315284419481
1438,2.759289313785216
1439,2.419748121981719
1440,2.5541222715289202
1441,3.1110229704559638
1442,2.4768805830842386
1443,2.782280676365388
1444,2.545709027694304
1445,2.4337735427832397
1446,2.3011464089666926
1447,2.4032427523792963
1448,2.55860046894992
1449,2.600461358614324
1450,2.6590494572574572
1451,3.517013043526906
1452,3.5522451855256256
1453,3.406860758750709
1454,3.2571250412637487
1455,4.245422932034586
1456,3.938065300169226
1457,3.4567300515689117
1458,2.872540877003018
1459,3.2507788943866736
1460,3.650004425041367
1461,3.1465234258888337
1462,3.413471590600544
1463,3.574526686859095
1464,3.5613813621788006
1465,3.513870369987319
1466,3.7033443745471244
1467,3.5315253435776053
1468,3.0431119570087217
1469,4.351701572228656
1470,5.397720769565299
1471,4.566535606924241
1472,5.169078997618482
1473,4.892918465732401
1474,5.028950752845796
1475,4.929019439688128
1476,4.658081399770485
1477,4.7412255490530155
1478,4.54903558455613
1479,4.529251381240384
1480,4.385637887294631
1481,3.7244857059768046
1482,3.7241579554437174
1483,3.092633231567082
1484,3.179628697073404
1485,3.2199139887441097
1486,3.021481799772265
1487,3.0640831433269837
1488,3.308088919571307
1489,3.5325070378656163
1490,3.515634801399898
1491,3.7040983222287154
1492,3.861943971911476
1493,3.432940100355094
1494,3.597941870119849
1495,2.953503970856673
1496,2.912466411405833
1497,2.7831110934145884
1498,2.5959997286783647
1499,2.3805871362609055
1500,2.317982425600606
1501,2.490860658151891
1502,2.327459881927379
1503,2.194226741139377
1504,2.1091273403456463
1505,2.35620817597369
1506,2.2333739020925476
1507,2.209302104106306
1508,2.6967001578469465
1509,3.1169664404355406
1510,2.2589323140574757
1511,3.360730220674349
1512,3.135981243824303
1513,3.048046586567742
1514,3.759965590591309
1515,4.170888037906032
1516,4.222360062213412
1517,3.8822271912965816
1518,4.374635820258417
1519,4.285361073609982
1520,4.065048345172121
1521,3.8332237025906863
1522,3.7901069765975306
1523,3.776294967870325
1524,3.6253595251201687
1525,3.7009591423579495
1526,3.593228230129142
1527,3.617450562897872
1528,3.3492763242349493
1529,3.3204801359848672
1530,3.1391046984121673
1531,3.057250618082667
1532,3.095764159211702
1533,3.062616896861223
1534,3.0217387202284614
1535,3.021727293775498
1536,3.0164579704519903
1537,3.049138546764275
1538,2.8711323635771713
1539,2.8476770331359598
1540,2.707899838749563
1541,2.7980655988781953
1542,2.6864487474473946
1543,2.691633037741663
1544,2.7664242395804877
1545,2.675278334449636
1546,2.647598898284949
1547,2.6592071538530218
1548,2.7738659906379644
1549,2.788302252814715
1550,2.755516159040818
1551,2.8137307612919673
1552,2.7778256220662403
1553,2.8399197820433293
1554,2.816400613763009
1555,2.602265107332002
1556,2.6650618847020935
1557,2.64044825420011
1558,2.585590751047836
1559,2.790175954678891
1560,2.6789859063060164
1561,2.5915619449873852
1562,2.6275329080299934
1563,2.7260803897316617
1564,2.627714027662669
1565,2.640548615969456
1566,2.44688466015533
1567,2.5675206602596594
1568,2.4421901590699044
1569,2.20550300987463
1570,2.1111745503599173
1571,2.010506186624959
1572,2.165930213904704
1573,2.0388440937284047
1574,2.09335848820837
1575,2.079871612417729
1576,2.131059449795729
1577,2.248964557120532
1578,1.9495612886914462
1579,2.609894097145238
1580,2.567767424959425
1581,2.09003519202977
1582,2.303039463265011
1583,2.2230871930033587
1584,2.1383181803374547
1585,2.2162484029885063
1586,2.319683618368499
1587,2.587936301773986
1588,2.330211189383958
1589,2.323009581665501
1590,2.4478080902479546
1591,2.445607477351277
1592,2.6947187484212174
1593,2.544896409230176
1594,2.5074229810161848
1595,2.3821105780785863
1596,2.2588482687553335
1597,2.326401669638794
1598,2.410524642538069
1599,2.503592077099309
1600,2.6498435240410636
1601,2.103623449098102
1602,2.11737350560528
1603,2.1106079668589905
1604,2.0362011238321656
1605,2.1532921187508465
1606,2.136706253360858
1607,2.2286040124235784
1608,2.727548256328171
1609,2.847251719605538
1610,2.870643974763287
1611,3.1351753212227447
1612,3.4679136821922567
1613,3.910353105403367
1614,4.309041761728123
1615,4.356877042846353
1616,3.1255438003380425
1617,2.945845558499607
1618,2.35808838000021
1619,2.2826796315937807
1620,2.307641106275075
1621,2.347391583922266
1622,2.172908765796468
1623,2.4390323188545446
1624,2.555770950071505
1625,2.4587772597955735
1626,2.538846772928547
1627,2.6381536294041354
1628,2.6150102542982276
1629,2.646930546197376
1630,2.460821012477456
1631,2.2588229755587097
1632,2.3118084019942673
1633,2.3229142642009144
1634,2.006520393855885
1635,2.0656623243283785
1636,2.053166975357411
1637,2.122591808058904
1638,2.0777813868208685
1639,2.3727306507003263
1640,2.419753977981205
1641,2.9655173178638217
1642,2.9299754738756634
1643,2.920582873878221
1644,3.066319608307526
1645,3.0732600532703502
1646,3.110947777143177
1647,3.157618781532786
1648,3.1249354294836165
1649,3.137809145810916
1650,3.260291853493522
1651,3.649753339611468
1652,3.2191903601232856
1653,2.891644866757674
1654,3.0242396890633536
1655,2.7610978767508527
1656,3.0616292946636796
1657,3.1809660320414346
1658,3.187251357194666
1659,3.230270720132792
1660,3.3601981805562753
1661,3.4390062535620913
1662,3.382995406577427
1663,3.2281640250808423
1664,3.0602254296552633
1665,2.986670300085384
1666,3.0937229907444506
1667,2.8268789734142388
1668,3.3949074115317313
1669,3.349216301995375
1670,3.509611051168721
1671,3.2924775556049
1672,3.480650948652794
1673,3.879617348003606
1674,2.9599049256425123
1675,3.230297958108454
1676,3.1982919182576723
1677,3.1029200751540293
1678,2.809832746241553
1679,2.7409302110023623
1680,2.3180186013717736
1681,2.3429965434437126
1682,2.3399188452766166
1683,2.165125090817039
1684,2.364283150143466
1685,2.3164308674818277
1686,2.39147027679167
1687,2.1766624367230767
1688,2.2892571738515097
1689,2.3998488875640236
1690,2.4307214994602577
1691,2.535012573993653
1692,2.51007445619414
1693,2.785797464960249
1694,2.5860263182222343
1695,2.7834161732320286
1696,3.179752671481271
1697,2.5672518614493325
1698,2.772325548559185
1699,2.6718870962553805
1700,2.266469447468772
1701,2.1997613822280053
1702,2.070267161342754
1703,2.0939912738758526
1704,2.5387216545668063
1705,2.292298011205316
1706,2.7938376787059593
1707,2.5286790766723475
1708,2.441962284166618
1709,2.99717288399433
1710,3.3036593996030494
1711,3.1594913285053257
1712,2.8806309532583576
1713,2.9226527332986447
1714,2.966650721765439
1715,2.974531123522581
1716,3.112141729628226
1717,3.1302695772284386
1718,3.342916517606647
1719,3.2395091057643683
1720,3.118046563613565
1721,3.260560845134896
1722,3.2543962169768585
1723,3.1202315959801656
1724,3.250584315811754
1725,3.4900947235144084
1726,2.8498706629318407
1727,3.1174434638286
1728,2.97433712505391
1729,2.372166363874029
1730,2.408478678047979
1731,3.0371355004065244
1732,3.0629924942649915
1733,3.077240480103158
1734,2.996936620825186
1735,3.4271318304278715
1736,3.4389349631187467
1737,3.637591182045135
1738,3.341812482197125
1739,3.3061286825692084
1740,2.9217711959956114
1741,4.660237089627073
1742,3.204113548880853
1743,3.357886931907737
1744,3.6794489966922708
1745,3.654105196727541
