,0
0,1.9585399897580242
1,2.1023815089586697
2,1.8254065489653544
3,1.6657900911400352
4,1.5375686665607367
5,1.4233099538782894
6,1.3892469065581317
7,1.309111592849104
8,1.3678971232731634
9,1.2984849442641677
10,1.3572055231705977
11,1.300930045575966
12,1.353803335047965
13,1.4548672512844538
14,1.5328432802225282
15,1.6322783943993313
16,1.7526900555570504
17,1.6315465535946547
18,1.9473937578319276
19,1.8108433851663042
20,1.7841898117869999
21,1.7485701939108929
22,1.7427460669970718
23,1.773096387174854
24,1.8923734590987284
25,2.0001569374431893
26,1.9469798187316856
27,1.9054730492305436
28,1.9496013777811378
29,1.9853091340020805
30,1.7770035528206747
31,1.7640193055891757
32,1.7237942309301504
33,1.6445502201936777
34,1.5070033520132757
35,1.5823307671824394
36,1.4760236035446945
37,1.4910855549916824
38,1.4054311784758111
39,1.4965306659960684
40,1.3513683264717324
41,1.2725730499027514
42,1.2517207318536392
43,1.1848988998231345
44,1.2540681296991867
45,1.2670436509917946
46,1.1703249611459432
47,1.2266035858933808
48,1.2047660078556988
49,1.1756372540171907
50,1.1328044017193994
51,1.1544496860610691
52,1.1888643241256163
53,1.1212709977029987
54,1.1404561144976813
55,1.2513188504414208
56,1.2728700668981041
57,1.3236441951163898
58,1.5872724408581858
59,1.5363319438233947
60,1.6001385809876976
61,1.7244682638774322
62,1.8149930370563694
63,1.7826081898509598
64,2.0821923982917654
65,2.253233820509145
66,2.5049837789640823
67,2.249931701235692
68,2.41858825653528
69,2.7474498011836834
70,3.0559854816968017
71,3.062150375724775
72,3.522630873650541
73,3.539358590450211
74,4.420883066201809
75,4.347516445324712
76,4.271456729549287
77,5.159357221233293
78,5.147349143254627
79,5.214993299527474
80,5.031069795231677
81,4.203448880096109
82,5.031069795231677
83,3.70876017749922
84,3.9176432471817186
85,4.211355622120683
86,3.7438488470716167
87,3.7792469579728065
88,4.020247653783139
89,3.9967267505474346
90,4.051839543715181
91,3.7726505993905457
92,3.909846242338313
93,4.014766774609105
94,3.851920341355941
95,3.898635814605568
96,4.628334125521965
97,5.220391726213858
98,5.233830738182282
99,5.224637927724765
100,5.110259027800935
101,5.302167121414673
102,5.32362026210786
103,4.932381135744152
104,4.584442144511673
105,4.942042307905324
106,4.99799015506413
107,5.346503705061358
108,4.99799015506413
109,4.942042307905324
110,4.99799015506413
111,3.7968273967142814
112,4.942042307905324
113,4.166608747789327
114,3.7840965283175936
115,3.581671874471019
116,3.46633636166993
117,2.8760510447154592
118,3.348431547751844
119,3.3291868652798797
120,3.2985759766320313
121,3.297342550553021
122,3.3246786652562528
123,3.256225956067415
124,2.956296107302362
125,3.2783746022899747
126,3.2860359929665277
127,3.3098863966105116
128,3.3070595912361136
129,2.9418230839074364
130,2.9054871103921664
131,3.185430241878225
132,3.315768523944825
133,2.9521508791683484
134,3.318624089360212
135,3.299394615042069
136,3.2941028818807006
137,3.3342074238953776
138,3.335022243288906
139,3.4535630235343677
140,3.3331433377990773
141,3.330631487622853
142,2.9322310583854656
143,2.9344256488708527
144,2.659269107501166
145,2.3707699719959305
146,2.387637906704965
147,2.6905440128986107
148,2.5387880999211925
149,2.2392290260206025
150,2.3126548179684923
151,2.133215989773485
152,2.1126005338047547
153,1.9795457714105835
154,1.7105342745781091
155,1.6822194085298374
156,1.570227594442537
157,1.5261960540937336
158,1.5717784942825788
159,1.5539007465230834
160,1.5166109797979617
161,1.4481695438042037
162,1.422225640706786
163,1.284572515101351
164,1.330214652076198
165,1.237639272221774
166,1.2359861422051672
167,1.094890363421708
168,1.2324423890352374
169,1.1667668314357058
170,1.3014743340855746
171,1.521829977774137
172,1.7816541698584842
173,1.7638059209377357
174,1.809864977334548
175,1.6550676791742085
176,1.8519664765119175
177,1.729038189400006
178,1.8870909118196342
179,1.8203255919292107
180,1.8766985926266895
181,2.3740464253412297
182,1.988939020907557
183,2.2863611287644185
184,2.06878145902782
185,2.1268441582972173
186,1.9284535335620445
187,2.233385839435685
188,2.3117770586053044
189,2.2552569315625406
190,2.155464541541181
191,2.0801721984813244
192,1.9535924956425226
193,1.8180776131866487
194,1.9756509481703364
195,2.0059633053010373
196,2.0923390806063273
197,1.808410836793532
198,2.0098746386981667
199,2.2167798847280555
200,2.209964343020963
201,2.219439564209104
202,2.461048961928655
203,2.638609233065438
204,2.3195278914736535
205,2.4486339812402225
206,2.6482136040943063
207,2.4040067246964223
208,2.418967259638825
209,2.4103097827154705
210,2.722358901813923
211,2.4646302106679783
212,2.412275532125879
213,2.408745966862421
214,2.483547550836417
215,2.4192954013343013
216,2.5593071684051947
217,2.540661498684209
218,2.421599026923464
219,2.2871705110892475
220,2.1806574148472153
221,2.158888552245589
222,2.1319133544678306
223,2.037793031470771
224,2.120567575696212
225,2.0731733568097557
226,1.9354023500326254
227,1.9199762762982842
228,1.7927621868829169
229,1.7283181452448875
230,1.6886330750507363
231,1.5211868504143793
232,1.5646361259981691
233,1.5462514146157844
234,1.4957501192966016
235,1.4997236518665595
236,1.4247420643339692
237,1.5027629971774672
238,1.5028437718982337
239,1.3286138726326404
240,1.5065615659055367
241,1.3761909462340445
242,1.3114902205216763
243,1.359618070576144
244,1.369876113575928
245,1.477611851212851
246,1.4881332959981035
247,1.4862141555019488
248,1.4710141900589941
249,1.5054993367802227
250,1.5388254378896526
251,1.522229835028988
252,1.5339780792580844
253,1.712555613382302
254,1.608095219661583
255,1.4138082640324185
256,1.5416231908895737
257,1.5629585189985316
258,1.4088631118741983
259,1.3996829940633422
260,1.3646018655371606
261,1.4032937059186201
262,1.554446845517485
263,1.700194743981161
264,1.584462310303687
265,1.415142526551664
266,1.4676469279866478
267,1.3599947272041502
268,1.347358192352307
269,1.3038686347848534
270,1.2342402657919402
271,1.2221895974550336
272,1.2081737704885882
273,1.2642564439719546
274,1.2488274828247683
275,1.3769333056130693
276,1.372140658375828
277,1.5521318793518606
278,1.7675060988171554
279,1.8606788397883776
280,2.0267258510672246
281,2.195982968638372
282,2.3704170864808116
283,2.616710724217272
284,2.6967715810393784
285,3.0429815401471494
286,3.07755680940522
287,2.8838308253128595
288,3.1444335962189918
289,2.5784716266574437
290,2.477997593934921
291,2.4667952049361523
292,2.2258913903514923
293,2.22618193808907
294,2.1703234779546774
295,1.9297391844522727
296,1.8996373166233742
297,1.8371891415233577
298,1.7319288761356908
299,1.7786345481282286
300,1.7514048270743348
301,1.7586762217492025
302,1.8044670162708616
303,1.8636510633717291
304,1.6031509013452856
305,1.694237607844715
306,1.5433126865978297
307,1.5293327453937755
308,1.6344190941916803
309,1.5222004985828934
310,1.3749291581690077
311,1.486431848755804
312,1.4320543877715748
313,1.722582776937153
314,1.5164664335803357
315,1.5082626398176782
316,1.3993610518711146
317,1.4341114889849127
318,1.467448905491041
319,1.3663479880181975
320,1.4537165070735927
321,1.3219889773705646
322,1.3137227757554797
323,1.333459115193408
324,1.4016396707168515
325,1.4257451540066874
326,1.3890657314088388
327,1.3925258033650196
328,1.365655611939713
329,1.419934515286976
330,1.528812652306711
331,1.5318482940397784
332,1.7676095355191972
333,1.8607591514239508
334,1.998194516004663
335,2.001556182033723
336,1.977190676212482
337,1.9317075035386988
338,1.886681198774644
339,2.041361057025604
340,1.8459181914827045
341,1.7470157090946692
342,1.5375609877053253
343,1.386930845158134
344,1.3658089133345457
345,1.3821211188293565
346,1.4043196780372655
347,1.3281978980805118
348,1.3295893401595082
349,1.3544647852225484
350,1.3431225657801136
351,1.3848448158638165
352,1.3186427919448007
353,1.3224770542025253
354,1.2171502082237482
355,1.1752476164291612
356,1.184337648501786
357,1.1255128185781056
358,1.1760361274841313
359,1.1645173674894553
360,1.2057249730851007
361,1.203845926470907
362,1.3249815915780019
363,1.5202046157590394
364,1.5933488533162832
365,1.609206048595319
366,1.672750464693924
367,1.6071893359266574
368,1.5711001915992517
369,1.667679153429931
370,1.779753745403609
371,1.73230577275055
372,1.7790480951571832
373,1.7623891942750807
374,1.824287182688779
375,1.9129146307593843
376,1.9058374597939116
377,1.9418240905680841
378,1.902199886330787
379,1.8451783858914548
380,1.8525574000623204
381,2.0002391312066834
382,2.0035202728984824
383,2.5115869112476927
384,2.4067955563689916
385,2.4887732521545325
386,2.4634287243922333
387,2.5299252974767055
388,2.497088713230875
389,2.706557934698793
390,2.4574978173794872
391,2.520432531267853
392,2.203599697520671
393,2.416212257947647
394,2.155141536621169
395,2.152887974417179
396,2.1487480673852946
397,2.3768779738623556
398,2.215478261166065
399,2.3741660399610356
400,2.226288921567445
401,2.21763886816594
402,2.2764804599930675
403,2.3274826407992166
404,2.2689356137899446
405,2.129627825177255
406,2.3331374438948447
407,2.179827790175804
408,2.332430620634231
409,2.3780886853510017
410,2.3919529991639954
411,2.4368868959491055
412,2.3011314903676388
413,2.676555862038014
414,2.4425817612382024
415,2.5532657495154334
416,2.4550599600506366
417,2.486578291547234
418,2.472267371458129
419,2.9748014136754666
420,2.822714779628805
421,3.234728471442587
422,3.0618879535870827
423,3.190530051561419
424,3.294748170620222
425,3.324190306120351
426,2.905598405213718
427,2.659942206833654
428,2.923016618787898
429,2.477698184347426
430,2.5932431996825507
431,2.3616897470255305
432,2.3296019615466887
433,2.349145818085495
434,2.092419097662012
435,2.0934270919243074
436,2.0865686582992855
437,2.0686999059978652
438,1.940106250023809
439,1.9600871682336927
440,1.7902772567317018
441,1.6752856183284905
442,1.84027422879815
443,1.544550986262503
444,1.6068111562989698
445,1.6142369293736274
446,1.64140352962101
447,1.5978271929635537
448,1.537844933059683
449,1.5898209525424443
450,1.4454763427021429
451,1.5408309915283034
452,1.4923446623527727
453,1.5190580213334288
454,1.3511374406736987
455,1.2818767039557226
456,1.2894627412781103
457,1.3028776129914952
458,1.2475593698280332
459,1.1639096908333222
460,1.1237715588563073
461,1.1879958164044195
462,1.175566410433701
463,1.224829698130781
464,1.2473621752647708
465,1.24994525631864
466,1.3236250975714616
467,1.3647784657217148
468,1.284120934131647
469,1.1799196572598765
470,1.31943812641933
471,1.3425073029770744
472,1.3221171572902888
473,1.4846659705623837
474,1.331600782684756
475,1.347745019516613
476,1.330639233990482
477,1.3731118663885733
478,1.729665125169727
479,2.1428410410115326
480,2.3112683543764976
481,2.0299789919811113
482,2.084745138953924
483,1.7763607452284162
484,2.1911824641444233
485,2.505519594744793
486,2.531061168969517
487,2.4016376767414007
488,2.455981315946849
489,2.3535602924319066
490,2.365514700070917
491,2.2829876472608186
492,2.1234333182192464
493,2.169504449795211
494,2.1458514966714595
495,2.166509920427605
496,1.7993648882068112
497,1.9157195932908941
498,1.8710542351366148
499,1.772554838015097
500,1.7933875799043435
501,1.9293748390052676
502,1.9563747275834564
503,1.786955207749555
504,1.8677163382605524
505,1.9186824764085497
506,1.9038477093229424
507,1.9824176342870008
508,1.877842995452317
509,1.9499493033608835
510,1.8896580858336616
511,1.8602660851801753
512,1.7170887506410408
513,1.6195471342484988
514,1.4497681217084444
515,1.6670179817285737
516,1.9324220611511205
517,1.9428891167201474
518,1.9589048409118472
519,1.9078992783442958
520,2.0590768350040864
521,2.0763091658086883
522,2.2603116112765527
523,2.446562549509921
524,2.7047841976980407
525,2.6456007567819757
526,2.616339957529621
527,3.2007232278361117
528,2.931447860371372
529,2.607880378608087
530,2.517713089363584
531,2.4493909927437505
532,2.4326414242414414
533,2.5260287742650473
534,2.9989098919227355
535,3.3211291924674464
536,3.341879176360307
537,3.9974811565186896
538,3.655777293021235
539,3.8025449472793085
540,3.5219223029634135
541,3.844809034363695
542,3.8514257868449624
543,3.8460692571631316
544,3.241029518038942
545,3.7191398027060893
546,3.3200733216016904
547,3.305947877249242
548,3.151958441463568
549,3.3557020313465324
550,3.370312353736358
551,3.2860766266672723
552,3.322124831699305
553,3.0040612557205764
554,3.243662728374358
555,3.2089532885312786
556,3.1085129365039377
557,3.1610182308956483
558,3.098377217970372
559,3.259772719014315
560,3.315371684741948
561,3.23724396572783
562,3.2885627691226182
563,3.1784149019701777
564,3.19144486379214
565,2.7799578993429566
566,2.754845425269009
567,2.765402433432536
568,3.047681194472588
569,3.2286980154943783
570,3.4082712284945487
571,3.359476365031281
572,3.3961005655156296
573,3.3926090199849535
574,2.7840217576603705
575,2.72703461877525
576,2.8580264517626692
577,2.778069158191178
578,2.8374670693496915
579,2.6487867910981318
580,2.6640357751477666
581,2.4467520043789457
582,2.496535923170984
583,2.623341018723172
584,2.895428911289157
585,2.675818410253914
586,3.016028500412279
587,3.0905199964789825
588,3.1117698052733016
589,3.062772704515109
590,3.269450618322904
591,4.347021601308761
592,4.39182992610519
593,4.3375099209969195
594,4.420447928244228
595,5.101115137714581
596,5.541893489786887
597,5.603211713230109
598,5.554305119827168
599,5.506340683792676
600,5.43993119984998
601,5.500056172008164
602,5.461099328114605
603,5.299509775289875
604,4.456097150759499
605,4.015292714317562
606,4.826306689130526
607,4.187263678460113
608,3.982716118743084
609,3.988957253494857
610,3.9766925572715404
611,4.648838755151594
612,4.721483443859231
613,4.011043783289408
614,3.8338865434991267
615,3.768588934976102
616,3.5896664883988927
617,3.3953998344381193
618,3.5417169865203384
619,3.629694713451049
620,3.4505270075633447
621,3.3504847029749922
622,3.616976581264474
623,3.6073016005776313
624,3.777922687335877
625,3.861385726794355
626,3.7964285172008876
627,3.784450844030115
628,3.786749905350184
629,3.6185673763058563
630,3.6105315034334717
631,3.7740117561222397
632,3.8916096109349056
633,3.819595812378511
634,4.241875812870771
635,4.261760157293209
636,3.8477143850468174
637,4.201656088779714
638,3.580999903947279
639,3.7394611291705404
640,3.801662541408896
641,3.8632902225709858
642,3.808631352108059
643,3.5285789955371594
644,3.680585378450412
645,3.2302351373933105
646,3.566298394124642
647,3.4299282462369467
648,3.50167902586954
649,3.272432379794604
650,3.244860754695675
651,3.6158614597862164
652,3.7824057840944496
653,4.2464980949017885
654,4.362410897720712
655,4.106911251085402
656,3.9507445271979678
657,3.631456858740487
658,3.4274400475463995
659,3.2977858048845494
660,3.2540632046727387
661,3.263998103491082
662,3.19344507180536
663,3.030982254647938
664,3.1560107515621154
665,2.8626843343843533
666,2.588803391209123
667,2.6176877654587196
668,2.606447806624123
669,2.4474665030831253
670,2.3927668612433055
671,2.3655008632944092
672,3.0353369758861324
673,3.318970806167971
674,3.056636488665191
675,2.9984465496153634
676,2.8966952514949824
677,2.7985232888540206
678,2.695807858545799
679,2.780417552791488
680,3.0204399329267844
681,3.3871742981860176
682,2.841539884234027
683,3.1116524028444843
684,2.677374598488213
685,2.845776166495186
686,2.8463314525429744
687,2.8459126631684235
688,2.676756033087214
689,2.928462708707018
690,2.844513829005991
691,3.0738307480528237
692,3.1671497593418323
693,3.061877517987343
694,2.860761304513076
695,2.8427502188546057
696,2.6379027490854465
697,2.8012962285857483
698,2.6121769985819623
699,2.780809599920137
700,2.6089621813319193
701,2.6307496462241255
702,2.730257175200106
703,2.4289027341262885
704,2.33195990691359
705,2.6913217853867164
706,2.7265757492387213
707,2.484755728012617
708,2.5479488060674433
709,2.6713980598446305
710,2.5565437692799464
711,2.361942204631861
712,2.2123130447169177
713,2.0399526335093086
714,2.176417923503304
715,2.4460282484484113
716,2.2116642557712103
717,2.0891859483244097
718,2.004177480925751
719,2.164046059738819
720,2.3573127400375924
721,1.8974570008323186
722,1.9301062396106636
723,1.7125262932157956
724,1.804810685311996
725,1.9015091018730157
726,1.9273813331058236
727,1.913827950096901
728,2.1864663852962383
729,2.345112681472189
730,2.362696953163517
731,2.4334003138565623
732,2.705694668974004
733,2.501738003005008
734,2.8513306798916096
735,2.8830612233088275
736,3.068135323504636
737,3.0911256626086905
738,3.1113659222751178
739,3.3997786638362313
740,3.70366863295094
741,3.7672172337476186
742,3.7360825525211134
743,4.662922889101742
744,4.6319320530496615
745,4.249157870765112
746,3.9854538422114794
747,4.180534471517373
748,4.130051500928628
749,3.8735606364408692
750,4.42157514848017
751,4.1203418998415025
752,4.049856047043776
753,5.175780694557807
754,4.691303056808626
755,4.442892875650032
756,5.386174187728869
757,4.942157688975223
758,4.99751422167114
759,4.991171494022179
760,4.990882664446671
761,4.1268417616074515
762,3.9719485749527768
763,3.9073447668597407
764,3.8435786669858527
765,4.051812745966488
766,3.8622065659567513
767,3.9139184899417216
768,4.035303863829744
769,4.6456443515854575
770,4.049844743527832
771,3.9253947842939168
772,3.9150124264896835
773,4.076748691162638
774,3.698827946767369
775,3.579004299730337
776,3.4867955514938678
777,3.6121307849251463
778,3.741817615437421
779,3.675210548515287
780,3.668716965429427
781,3.557526150050155
782,3.74941473590337
783,3.8523668390249677
784,4.30572473781703
785,4.305650978406414
786,4.580666933445403
787,4.569234860616271
788,4.964166025876043
789,3.744588877690282
790,3.534151033658902
791,3.4377645809644446
792,3.4944469948579684
793,3.484865169864322
794,3.50511778753227
795,3.5115420686310608
796,3.4519536973135136
797,3.55546961856966
798,3.787014983879888
799,3.5881296780756404
800,4.177560808007098
801,4.946461609022471
802,4.91774527180859
803,4.838342641613235
804,5.197129730961812
805,4.974268680555777
806,5.211398667237433
807,4.742733395897225
808,4.691786003772085
809,5.306617343861196
810,5.375668699149042
811,5.309104941127614
812,5.410729238450766
813,5.513788755975209
814,5.488425574470723
815,5.513788755975209
816,5.513788755975209
817,5.513788755975209
818,5.549125508940192
819,5.311904119739995
820,4.793735826740002
821,4.729132086913082
822,4.735217658962784
823,4.735217658962784
824,3.7860288965321396
825,3.783032912408973
826,3.8553717532570086
827,3.8686078788715323
828,3.8718503994314495
829,4.401916553650935
830,4.09198258832142
831,4.756483884092641
832,4.099726537926319
833,5.019082645070087
834,5.084691664390066
835,4.469232976321137
836,4.650658127260615
837,4.304837147857241
838,4.609211031562016
839,4.025079819554167
840,3.948297360449386
841,3.9345003460886345
842,3.9908475888306283
843,4.735217658962784
844,4.116450462292853
845,3.933271490866639
846,3.8960291458004805
847,3.6729523390998176
848,3.8130779964544357
849,3.6212237267121203
850,3.452644200854618
851,3.4242078852986393
852,2.8637623468029796
853,3.3864728401313458
854,3.4406384208538374
855,3.34642717455459
856,3.3188327329917984
857,3.378667300338652
858,3.2933274161704618
859,3.327980238862032
860,3.3826646818551183
861,3.348365142384654
862,3.319453550484942
863,3.3437005189992948
864,3.3178442031204667
865,3.3803281268103245
866,3.3192664322248207
867,2.846303051182767
868,2.9151041025604854
869,2.869125473707046
870,3.2758275627069704
871,3.442121517743467
872,3.815398504258402
873,3.4660885440541636
874,3.4803551692961174
875,3.5199037653362457
876,3.5153419683754175
877,3.3626039598449258
878,3.438890175964559
879,3.373568471836501
880,2.9076480523712
881,2.6069062328169834
882,2.9149002728954896
883,2.7171089587741712
884,2.899660309555129
885,2.492772999830438
886,2.6735681361108714
887,2.885335600571086
888,2.6647322573858774
889,2.5580223901353065
890,2.5669668662930416
891,2.40137425519817
892,2.316243789874895
893,2.0812234141392403
894,2.0744522675189043
895,1.903317028141086
896,2.1076998758657397
897,2.0013197507814473
898,1.7921708929879783
899,1.8781628944245021
900,1.7853445847656704
901,1.8449212838730025
902,1.8217897972252126
903,1.8421680671688956
904,1.8272639632601344
905,1.5094010233342456
906,1.5084927533840629
907,1.4877711839484682
908,1.3833443577363707
909,1.3820920928790121
910,1.3092370535337012
911,1.138493448538673
912,1.1331907194443926
913,1.1329660120296765
914,1.0790690925345015
915,1.0767542377744832
916,1.0193225423807089
917,1.0651354935356725
918,1.041234924675743
919,0.9787708396017479
920,0.9754658645179048
921,1.005880986490169
922,0.8833375564647643
923,0.8584234127280383
924,0.7903459474620025
925,0.7780587654254466
926,0.7964069175854515
927,0.6697210344846322
928,0.8083719582879296
929,0.8023563902559231
930,0.8269814148827593
931,0.8400538260159389
932,0.8246345147151496
933,0.7303840852324561
934,0.7240996242936778
935,0.7248700103072611
936,0.7359131946361597
937,0.7372020849132435
938,0.8564570825671848
939,0.958722605870172
940,1.2328611927975583
941,1.853477163488468
942,2.490660704957265
943,2.8968571636831397
944,2.667193099920437
945,2.9975948482886454
946,2.991729660892334
947,2.9477047880501135
948,2.530051790539251
949,2.554002228401489
950,2.5231454387512127
951,2.5773115957690176
952,2.422429234707401
953,2.644830937047291
954,2.6217294161158162
955,2.781619433255118
956,2.575792627591883
957,2.370032935783576
958,2.1981409031664105
959,2.5892984228251557
960,2.574488367337119
961,2.9217508602001745
962,3.1421690433071237
963,3.0290035629146717
964,3.620444786666102
965,3.2895560595254905
966,3.245443991411152
967,3.5174163399985523
968,3.6518188356867194
969,3.412151765142324
970,3.5147870383504958
971,3.729518713208258
972,3.542601344969018
973,3.5588750249526853
974,3.644449397016377
975,3.417695985618319
976,3.490921082632188
977,3.410290690944414
978,3.4637829626380396
979,3.3891539732600404
980,3.3955723750518123
981,2.9134116534648187
982,2.949067681454029
983,3.3825921202453526
984,3.3963946380549266
985,3.149659620627582
986,3.010737702107302
987,2.963226929254478
988,3.229695967819839
989,3.0124297723160467
990,3.1786708064679936
991,3.293178739481808
992,3.2657093185117056
993,3.340015650859978
994,3.7907897024691852
995,3.327213664276986
996,3.455610002233647
997,2.884866753344035
998,3.1114002441768496
999,3.023936360609761
1000,3.291857746045131
1001,3.2458934633460332
1002,3.1955911222772007
1003,2.9858798021058957
1004,2.950160579802332
1005,2.9523874433329533
1006,2.751537764055939
1007,2.635943020319719
1008,2.3996256008689527
1009,2.1693271375637413
1010,2.119910385557601
1011,2.153759749535852
1012,2.1306173002121036
1013,2.292017590629871
1014,2.105854614872921
1015,2.1100970931133776
1016,1.9941568102582647
1017,1.9823029103096736
1018,2.1865556549447716
1019,2.3285588785374025
1020,2.445971643873391
1021,3.042098600175374
1022,3.070369251962382
1023,4.035860717859009
1024,3.991512915810168
1025,3.28200036608916
1026,2.5407989845211305
1027,2.652295652840168
1028,2.7808922470860877
1029,2.9743217738884997
1030,2.791903327884215
1031,2.9715719543901717
1032,3.0354009908054653
1033,2.9978941489777626
1034,3.855234167340459
1035,3.7748827037986046
1036,4.024368398084213
1037,4.073875206312121
1038,5.150417513053322
1039,5.092507010670044
1040,5.349725818079529
1041,4.892811138987514
1042,5.151420998011309
1043,4.800705466505455
1044,5.267461627340921
1045,4.9315054568395364
1046,5.330734024385777
1047,5.337536492430793
1048,5.516004825769991
1049,5.579752209774257
1050,5.530449880961804
1051,5.480027547450267
1052,5.434528169921478
1053,5.480027547450267
1054,5.3389579780448155
1055,5.3605574737731105
1056,4.914641340020301
1057,5.224637927724765
1058,4.23913445483173
1059,3.8500795849857763
1060,3.8239235610537903
1061,4.0025639184844914
1062,3.637045328545143
1063,3.815756078858606
1064,3.6325292280514097
1065,3.7696555359973276
1066,3.524821918372526
1067,3.784587045349812
1068,3.501029414820397
1069,3.5801527439123757
1070,3.6051756878148953
1071,3.7505364446913414
1072,3.7333326704292498
1073,3.7316584250360907
1074,3.754204898006685
1075,3.5718342974019706
1076,3.545356907943384
1077,3.5430300507117836
1078,3.864496336381219
1079,3.599750590548731
1080,3.410455843411199
1081,3.4235269249261484
1082,3.3431243527404115
1083,3.255723965764633
1084,3.0236440981545365
1085,2.9270615495358845
1086,2.872431411509463
1087,2.88905573358688
1088,2.8411392730523777
1089,2.875307511262414
1090,2.8431936363174426
1091,2.926145908361578
1092,2.944292838272183
1093,2.9220944649250384
1094,2.8329837141982797
1095,2.520411353085287
1096,2.299928119428606
1097,2.5404986469723307
1098,2.3027336126461284
1099,2.321066356650757
1100,2.3204194171415717
1101,2.3405876405874135
1102,2.2138856297111875
1103,2.3600918418248136
1104,1.900771732490164
1105,1.9304662075109202
1106,2.0202790512948567
1107,1.9367635519816917
1108,2.0499059995104885
1109,2.569141115591203
1110,2.7943809539305917
1111,2.7890951961082573
1112,2.9796201365346766
1113,2.93189631937025
1114,3.007573479438946
1115,2.837182982448213
1116,2.986233518068939
1117,2.8614226470586277
1118,2.857031013106263
1119,2.452556414623925
1120,2.413869216226473
1121,2.2225367543720953
1122,2.142510482181901
1123,2.0739299903511625
1124,1.9829334912437875
1125,2.186314808714044
1126,2.139937172352094
1127,2.0935337871930644
1128,1.9348510516734805
1129,1.8960278795079772
1130,1.6672748516205371
1131,1.7088310061327845
1132,1.6547970706684998
1133,1.5474065778421435
1134,1.5684533412067503
1135,1.5295370476227157
1136,1.515565415539369
1137,1.6436454172450625
1138,1.7558405294379027
1139,1.7438361129153477
1140,1.745742607350975
1141,1.6945287965719351
1142,1.6655403083133533
1143,1.6943752210003307
1144,1.7333687269344038
1145,1.8171041404136117
1146,2.021220546846712
1147,1.996915876786174
1148,1.9294543681047647
1149,1.8716683858377652
1150,1.8848243463891903
1151,1.8804186922912496
1152,1.9253514542258192
1153,2.038211807767316
1154,2.263299295540566
1155,2.007177332845456
1156,2.181658970898726
1157,2.154093844319542
1158,1.8066996567757134
1159,2.1581034923627795
1160,1.9560434806614857
1161,1.9422409485283691
1162,1.963763927371266
1163,1.8777547391120362
1164,1.879422851646046
1165,2.1180330717402107
1166,1.9271134830642407
1167,2.119950619112201
1168,1.954863585806777
1169,1.8250967025835612
1170,1.8047876895907446
1171,1.8100653244139413
1172,1.9136905993469746
1173,1.9367710570016874
1174,1.9484953913970633
1175,2.244744050589149
1176,1.8639927590352845
1177,2.2503034567707427
1178,2.2324583119261
1179,2.2728276881130487
1180,2.396580916029886
1181,2.4061088836585736
1182,2.4498618451294516
1183,2.7167619396436007
1184,2.8457822858304627
1185,2.717943061768486
1186,3.247127776636384
1187,2.6926516062807346
1188,3.026644137877718
1189,3.295954882625604
1190,3.2279222457540913
1191,3.4611382014104417
1192,3.281081754359193
1193,3.319021485640242
1194,3.617019082243845
1195,3.7125416070035455
1196,3.610015017864626
1197,3.467559612105616
1198,3.313171059343521
1199,3.3020436407093134
1200,3.504426108615693
1201,3.5415169682062206
1202,3.343885468927006
1203,3.5143510103966666
1204,3.5520665927680275
1205,3.6839153392344612
1206,3.730097177371259
1207,3.6601117757738444
1208,3.7073342172893375
1209,3.771825430404246
1210,4.889093957525746
1211,4.764479812786243
1212,4.686098938199544
1213,4.762233233608447
1214,5.232512834024313
1215,5.374897490942181
1216,5.397436282216266
1217,5.397436282216266
1218,5.397436282216266
1219,4.87529416996423
1220,5.017069506487809
1221,4.722574144964017
1222,4.705842824390384
1223,4.745536392059617
1224,4.1609771713849435
1225,3.9765995083838983
1226,3.9695605817021145
1227,4.618320844007373
1228,4.651662800508284
1229,3.778569091571104
1230,4.651662800508284
1231,3.9765995083838983
1232,3.688975988198913
1233,3.725392601306052
1234,4.324976010416295
1235,3.576767359053484
1236,3.6814426004304672
1237,3.7346423039643954
1238,3.959670889714208
1239,3.5357265840881724
1240,3.7925137575372707
1241,3.5206882064041594
1242,3.567518436988771
1243,3.3720847340415676
1244,3.3492319081594624
1245,3.416431810182777
1246,3.4307558505500397
1247,4.177163179297399
1248,4.204860988456441
1249,4.318829749796117
1250,4.138772115750829
1251,4.225225531095519
1252,4.116519746759788
1253,4.123651915007782
1254,4.0916507033519105
1255,3.9772120050694144
1256,4.03545702287391
1257,3.982939626664044
1258,3.9749552640922166
1259,4.775672245576871
1260,4.142948675100264
1261,3.678522219520861
1262,3.6533665510695075
1263,3.7609738003265827
1264,4.634734181838593
1265,4.634734181838593
1266,5.324369407914098
1267,5.3811820027266934
1268,5.397436282216266
1269,4.936284863816722
1270,4.743546230061583
1271,4.743546230061583
1272,4.63822378853986
1273,4.651662800508284
1274,3.9765995083838983
1275,3.627488617319136
1276,3.761452418102805
1277,3.7685726472072503
1278,3.891277016602323
1279,3.6928415847912084
1280,3.800471832322062
1281,3.754801144491287
1282,3.776790099977101
1283,3.679284289940841
1284,3.557549561034459
1285,3.689933595242473
1286,3.6958315645274733
1287,3.7911774066150805
1288,3.9891226006462666
1289,3.7528126916458797
1290,3.7615198264162797
1291,3.876397054337141
1292,4.688970736250935
1293,4.688970736250935
1294,4.634734181838593
1295,4.318633100093782
1296,4.6295405370127805
1297,4.0393584054404945
1298,4.616326047543299
1299,4.841320248517993
1300,5.047757825599513
1301,4.705225015740509
1302,4.667917079997856
1303,4.876657001482977
1304,4.841320248517993
1305,5.224637927724765
1306,4.678827249744721
1307,4.650245003579557
1308,4.8686984340904615
1309,4.198254642759287
1310,4.484408313703452
1311,4.8338009141034695
1312,4.084399425869297
1313,4.808882044363762
1314,4.077267100799243
1315,4.175731585250063
1316,3.8094797345166094
1317,3.670657109673854
1318,3.7951695029571755
1319,3.6155911772620173
1320,3.5171072822432903
1321,3.4864272648570753
1322,3.299769557001209
1323,2.8688438766229636
1324,3.4513857255576474
1325,3.0958501036084765
1326,2.6359746031962614
1327,2.7274266403134853
1328,2.5454338434576123
1329,2.624009003758855
1330,2.65385030424388
1331,2.4397170916605893
1332,2.5081591993219496
1333,2.276141624612203
1334,2.213369730823001
1335,2.2822991928327463
1336,2.412073638684935
1337,2.5331228160719252
1338,2.656945030118711
1339,2.7823477309219125
1340,2.8216013463725402
1341,2.874102332200468
1342,2.9866080263990007
1343,3.2595148649664822
1344,3.340010242882105
1345,3.352526079712943
1346,3.187760091223316
1347,3.178186245563544
1348,3.2163972139292247
1349,3.510953823075282
1350,3.696728323712994
1351,4.026614037440663
1352,4.080800508966836
1353,3.8615874952644957
1354,4.12038505372352
1355,4.108396712797212
1356,4.110577604128103
1357,4.185176023802973
1358,4.09509259209055
1359,4.133393032687262
1360,4.068624367310936
1361,4.389520571551632
1362,4.066461257000106
1363,4.735395370279541
1364,4.735395370279541
1365,4.4076132356442965
1366,4.804103796880052
1367,4.715035634847902
1368,3.908823121827745
1369,3.5491267146751326
1370,3.3891514420606086
1371,3.3318719882398984
1372,3.3512820803735663
1373,2.797143123489405
1374,2.8596975063598005
1375,3.3108038038931675
1376,3.108781611538458
1377,3.4121768042942864
1378,3.250273347796313
1379,3.2488930401649196
1380,3.399369561953303
1381,3.1272482411010576
1382,2.9824013088422268
1383,3.3132633650162338
1384,2.7284273089268947
1385,2.9810382157199213
1386,3.0044450792062167
1387,3.27110278865982
1388,3.299902449578334
1389,3.307678930747734
1390,3.245504309534781
1391,3.610988868074595
1392,3.460495652773523
1393,3.274518477674115
1394,3.4196813197252145
1395,3.343231135653317
1396,3.3300207019222277
1397,2.772204810710418
1398,2.6369545266694447
1399,2.9549758940023043
1400,3.1584200533596793
1401,3.1704947468474796
1402,3.2432613942518413
1403,3.2474559724438516
1404,3.263099437161377
1405,3.2951687726324725
1406,3.153751815126628
1407,3.233234041375587
1408,3.447699523781751
1409,3.5604191458350556
1410,3.928227640809772
1411,3.7411230709845014
1412,3.9532507383059943
1413,4.24839778784525
1414,4.224886478932709
1415,4.143360787966411
1416,4.349802852552543
1417,4.170787763133981
1418,4.095734590390172
1419,5.031038288291422
1420,4.882294591961956
1421,3.708412485483178
1422,3.5499437261502935
1423,3.5149153844606746
1424,3.5116559435636643
1425,3.4516636009152806
1426,3.308701844685012
1427,3.2269336261871
1428,3.307180605358312
1429,3.1586493610904856
1430,3.2222002914345835
1431,3.0004120905075533
1432,3.4873987461328086
1433,3.202281414969119
1434,3.4249126056818855
1435,3.3397188700221876
1436,3.2896724886218047
1437,3.2739950963632714
1438,3.314540857414828
1439,3.4106625110950697
1440,3.409010576178127
1441,3.645228498790196
1442,3.4665384562290598
1443,3.640012224498914
1444,3.7482064090638216
1445,3.4398952622074512
1446,3.303332617018157
1447,3.3823119324641286
1448,3.338019472693248
1449,3.2944930247623714
1450,2.935089623783177
1451,3.292800457398382
1452,2.8772516680330904
1453,2.879840320183937
1454,2.8904529008955238
1455,2.664646279615107
1456,2.728630051130626
1457,2.6703397362022283
1458,2.8595108535752547
1459,2.9197190879676036
1460,2.710918877895414
1461,2.7634043718883947
1462,2.6451014174285628
1463,2.7159979676036246
1464,2.453785103674071
1465,2.3890293051965816
1466,2.730374102165059
1467,2.687169171023349
1468,2.7578328437718778
1469,2.7332227177579247
1470,2.4575414039420935
1471,2.485638586432173
1472,2.5938197685914037
1473,2.4089334708883894
1474,2.4306806710104154
1475,2.342730595955752
1476,2.1915260390352924
1477,2.1372995832999333
1478,2.0217337080231537
1479,2.1069408589957273
1480,1.9997326501990247
1481,2.0117257483982516
1482,1.9550976027225724
1483,1.9885999834336314
1484,1.8524256130927275
1485,1.8178228122969544
1486,1.8774173385949182
1487,1.8226773166685464
1488,1.8480282838613633
1489,1.7138923764372982
1490,1.8776111390766597
1491,1.8822983474561696
1492,1.8226972739279148
1493,1.8101771371116642
1494,1.7989477164383012
1495,1.7165306462492664
1496,1.539319142210528
1497,1.6419235491864206
1498,1.4843224506037347
1499,1.6488023295451453
1500,1.6928624521636582
1501,1.5003693927238042
1502,1.3972270816188113
1503,1.557374695178905
1504,1.4181994104566187
1505,1.3104688861091662
1506,1.35910484386085
1507,1.381500550111461
1508,1.492760493063144
1509,1.5590175471615217
1510,1.508993271163038
1511,1.5004029565898722
1512,1.7368774600001469
1513,1.5319105186552382
1514,1.7534635409367267
1515,2.009317079069433
1516,2.2959406207407937
1517,2.3565853838643154
1518,2.441680491478815
1519,2.521157373926786
1520,2.4208439133694553
1521,2.464327096705134
1522,2.4308775977339185
1523,2.489128579674732
1524,2.547022666817433
1525,2.5343600881137527
1526,2.415518432583134
1527,2.538800436333505
1528,2.581216013430376
1529,3.458650022722107
1530,4.019258695603567
1531,3.5706365627811567
1532,3.668433985549702
1533,3.6752464393500333
1534,3.3095977587389536
1535,3.008719292123241
1536,3.018286977167681
1537,2.8487793694899914
1538,3.0479781707170566
1539,2.9826468697733857
1540,3.2636552335349207
1541,2.7384978531408657
1542,2.9736492538403634
1543,2.754551401634719
1544,2.9397244758914076
1545,2.9052113906055457
1546,3.2624358881643167
1547,2.7433923456843567
1548,2.8457082335768655
1549,2.7866360612610523
1550,2.795036668464719
1551,2.7246580558140163
1552,2.7192371837632603
1553,2.9553216469884784
1554,3.290747319191677
1555,3.5725205912487294
1556,3.7805803682566856
1557,3.826503340880448
1558,3.957476023247499
1559,3.5288121340598777
1560,3.455319211750108
1561,3.4455481933990155
1562,3.437925964400744
1563,3.5875421767157123
1564,3.5341866402987345
1565,2.9356591114266832
1566,3.772997665971707
1567,3.3454647834891986
1568,3.533866847617012
1569,3.759497740151279
1570,3.3652400384782792
1571,3.398601400551802
1572,3.3182173944584696
1573,3.1846474093401698
1574,2.9631281150705506
1575,2.814729699442501
1576,3.14260834741196
1577,3.2121336492806734
1578,3.211687498283097
1579,3.2156753620994554
1580,3.268038383340953
1581,3.2527450663829245
1582,3.2669264332654517
1583,3.194394253216299
1584,3.2151401119949163
1585,2.9358216909116384
1586,3.141125002071054
1587,3.2416198365234683
1588,3.4045924302462427
1589,3.317009725406095
1590,3.5339772147990223
1591,3.5599827794541468
1592,3.7876220384466808
1593,3.812093607757706
1594,4.2099395657386784
1595,4.495889479704241
1596,4.990148036435413
1597,5.486141259110415
1598,5.508805742298379
1599,5.444417832939372
1600,5.391922978638616
1601,5.391922978638616
1602,5.391922978638616
1603,5.465824319940716
1604,5.4033162998739535
1605,5.361643398557394
1606,4.99799015506413
1607,5.472115854658649
1608,4.7099325395564415
1609,5.028743817231259
1610,5.084691664390066
1611,3.9644471114177606
1612,4.160315674660631
1613,4.782540121676305
1614,5.354192857301431
1615,5.300532996012771
1616,5.370447136791004
1617,5.4272597316036
1618,5.4272597316036
1619,5.4272597316036
1620,4.843621286229936
1621,5.335110383826021
1622,5.29285066163804
1623,5.410729238450766
1624,5.329414958571853
1625,5.358139815042952
1626,5.465824319940716
1627,5.455027108169142
1628,5.4111471408961105
1629,5.425921838825637
1630,5.391922978638616
1631,5.345676055926767
1632,4.762037610553104
1633,4.6104580635373695
1634,3.916179337576875
1635,3.915573647050543
1636,4.1480922062588865
1637,3.849574416839274
1638,3.607774688080324
1639,3.7027963572059797
1640,4.298295172314706
1641,4.317229731361497
1642,4.267962409482527
1643,4.396019245704461
1644,4.507200926072679
1645,4.7469753753665564
1646,4.301901072379975
1647,4.812662146428514
1648,4.243961581241724
1649,4.080887521377083
1650,3.694439751077189
1651,3.48070055230792
1652,3.535015603392175
1653,3.3848383671646447
1654,3.365565994371089
1655,3.519699813030011
1656,3.3721857275915967
1657,3.680408911488908
1658,4.066856828404359
1659,4.552791973924359
1660,5.196500313816885
1661,5.335279577660962
1662,5.3620995292512825
1663,5.329156266839935
1664,4.733290470177594
1665,4.73365656704369
1666,4.7161185077256365
1667,4.628334125521965
1668,4.6244040039006675
1669,4.053038705129799
1670,3.972054999131944
1671,3.8173558131604817
1672,3.602922044550913
1673,3.60326775264126
1674,3.810389593011175
1675,3.860889432611354
1676,3.590052296162717
1677,3.7806620011754406
1678,3.7822079827696116
1679,3.6524876507558575
1680,3.615391060845119
1681,4.113626559918456
1682,5.033326908029114
1683,4.9333726114231276
1684,3.908925994583724
1685,4.086268452912048
1686,3.8245664903184244
1687,3.4280681771073227
1688,3.624243483904802
1689,3.799448239938212
1690,3.7802798275006144
1691,3.6006731571566166
1692,3.779073043205845
1693,4.266957474471581
1694,3.8231895579883473
1695,3.826702782158091
1696,4.587438916301085
1697,4.93171084765606
1698,5.295085157561128
1699,4.836887252492097
1700,4.730192006105672
1701,4.728905810819477
1702,4.713055940843892
1703,4.842318644578535
1704,3.8922478838399472
1705,3.8836513292726758
1706,3.8132115384772534
1707,4.199824424869772
1708,3.79911657512051
1709,3.657361253927292
1710,3.8666041161954015
1711,3.7126640408411036
1712,3.8408628145846624
1713,3.5400813471447075
1714,3.5385625402672187
1715,3.3345755779010227
1716,3.30794684093549
1717,2.717097874131367
1718,3.245046331067224
1719,2.836734517122931
1720,2.7247029676691827
1721,2.8115551169593753
1722,2.7631559243087094
1723,2.7979135544899925
1724,2.9100387767420157
1725,3.2977203312022403
1726,3.4607566156703715
1727,3.3349913359701286
1728,3.2792615510926897
1729,3.2531523738176746
1730,3.2318693969758816
1731,3.2904108179195912
