,0
0,4.826259979760575
1,4.48593256709552
2,4.414416987342194
3,3.7333534674695117
4,3.8839302034986005
5,3.8915106253763985
6,4.3910141728821594
7,3.8703033137715694
8,3.9382549180106525
9,3.7297219271662088
10,3.9505124350947147
11,3.882848002816245
12,3.586777002306357
13,3.5638948249261477
14,3.236391013663269
15,2.9701350163024487
16,2.8640942259889224
17,3.0842196360620773
18,3.1087191994228736
19,2.9486154275612324
20,2.828909905493697
21,2.765291686972032
22,2.58668822391512
23,2.310143801959682
24,2.342801979119951
25,2.2953915577081423
26,2.1182682628842056
27,2.0373233056808786
28,1.877024613949216
29,1.730741812091594
30,1.6242739584702282
31,1.5608004635917037
32,1.5351737702810588
33,1.5386781568725167
34,1.4639673581558978
35,1.4431839159575626
36,1.453679620414866
37,1.4322658772420005
38,1.336438398049191
39,1.2584031799859536
40,1.3432362908533961
41,1.3621158689070474
42,1.4477365508774027
43,1.5909037253138343
44,1.765808056653218
45,1.6595595635604332
46,1.9184396491449065
47,1.9435723242377645
48,2.2220740683808993
49,2.607194926821713
50,2.7986345733384006
51,2.8165369145144563
52,2.8682128231643595
53,2.6726720894366776
54,2.7811816439881274
55,2.69081808055138
56,2.6239511920095127
57,2.50576782460871
58,2.420385560603938
59,2.3126322578474845
60,2.279288928588861
61,2.271213542504657
62,2.2604251973657097
63,2.402512028906765
64,2.5454952860767817
65,2.734026745418325
66,2.824187516964749
67,3.0371563460995423
68,2.9372073934103353
69,3.0182910787159987
70,2.805483711155591
71,2.876599712697628
72,3.3016348467378336
73,2.966004226641872
74,3.128080145307645
75,2.886444795228471
76,2.8071832767142526
77,2.604715578397471
78,2.469823601738009
79,2.797018832972147
80,2.4823093226591917
81,2.5218892763348313
82,2.3398269093703976
83,2.225785690142904
84,2.1753796323881343
85,2.256635597319127
86,2.0973950432463395
87,1.8547575562434317
88,1.9788430857317085
89,1.8467288996147755
90,1.7299041606846035
91,1.7862795530075644
92,1.8930507183699894
93,1.9929939842290163
94,2.2667704805946736
95,2.5411917695050046
96,2.4454402629402856
97,2.2952086595608283
98,2.086823441314456
99,2.0526478792117375
100,1.8001552776428937
101,1.7470723436023599
102,1.5900874285181636
103,1.5714757170486118
104,1.6017580260456772
105,1.6309104906430103
106,1.655548566736597
107,1.7092800203969605
108,1.923339593029635
109,1.9470594259522425
110,1.914583263551841
111,1.974017465009071
112,2.2031779969054197
113,2.488610835425827
114,2.5675579718358224
115,3.0369013206337354
116,2.6871419346293384
117,2.595159275544621
118,2.8271622751283925
119,3.1384901078622542
120,3.119920083771177
121,2.7771743439201932
122,2.7845385014618755
123,2.8676672615522816
124,2.861446207793447
125,2.7720805081327153
126,2.8461522874831573
127,2.843920061177981
128,2.868645822267032
129,2.6900391379746913
130,2.826292334575145
131,3.117220583181562
132,3.1768089076358703
133,3.399903248090784
134,3.2878588553580146
135,3.048179483417149
136,3.1904339102320467
137,3.201916171401644
138,3.4353692510125593
139,3.4621332261678393
140,3.5486567084065284
141,3.8645556541682624
142,3.864332117272996
143,3.9201525870007243
144,4.203868895406015
145,4.85610679188283
146,5.221008674208903
147,5.764916581548536
148,5.720506548779132
149,5.96729418469283
150,5.8917439852626305
151,5.999806207484853
152,5.559045187677819
153,5.751495388260361
154,5.350681179724397
155,5.589200581781274
156,5.228074404600136
157,5.112903067641259
158,5.18898127467387
159,5.0301007771324215
160,5.5903216744253275
161,5.5903216744253275
162,5.7636521407093895
163,5.753109584809837
164,5.785177696264944
165,5.060584171358661
166,4.744148734865134
167,4.714722528741242
168,4.772867085439561
169,4.26878365218932
170,4.295196474067856
171,4.721589634237762
172,4.886430445184862
173,4.816821775572939
174,4.9312605389043425
175,4.941842266418877
176,4.959362679356483
177,4.968742417983062
178,4.677503743694696
179,4.92017259307179
180,4.755766148439145
181,4.654238745161856
182,4.215491129253363
183,3.976154012748743
184,3.9431885270937785
185,3.619146355602708
186,3.663473365529487
187,3.9867515200965715
188,4.002392587984728
189,3.993623669897082
190,4.156313769299085
191,4.540779066980896
192,4.1745445655685325
193,3.976421924299651
194,4.456525540027754
195,3.620999530942526
196,3.6190328053019347
197,3.496371988382445
198,3.3766882945830474
199,3.1805116797315933
200,3.0756228871199567
201,3.137317500921507
202,3.248768270751976
203,3.489207213550869
204,3.3677077765393673
205,3.2478429212194557
206,3.257604824795743
207,3.25815244502898
208,3.314319228442957
209,3.076292221208586
210,3.077072020685746
211,3.0577454839951823
212,2.83046807429484
213,2.81004599321388
214,2.7879914578799503
215,2.4889398871350052
216,2.6753643467405888
217,2.4662206082240163
218,2.351922531145
219,2.3196689202332186
220,2.205745748019765
221,2.1815805173429093
222,2.1937776540640637
223,2.2308617344765573
224,2.2159276803622663
225,2.2808261932745615
226,2.4009358098862257
227,2.5676667494937786
228,2.6433253043205123
229,3.0244278105919022
230,3.0132899886998605
231,3.096038681231276
232,3.036426279959654
233,3.125313345191654
234,2.99093254856976
235,3.0354054354152926
236,2.9059045942945945
237,2.5056374323296042
238,2.5794587726937745
239,2.407301277256595
240,2.31051836745284
241,2.3508502170534387
242,2.340916457000216
243,2.0711007822305993
244,2.103268520531784
245,2.1321102705954456
246,2.1706217207529157
247,2.1720977155695325
248,2.174966110119749
249,2.175043202031603
250,2.2743554865213746
251,2.3991737369907846
252,2.31405709446911
253,2.2952075695247918
254,2.2734607416950383
255,2.385463059338892
256,2.395816980368971
257,2.412772583947013
258,2.300464155785149
259,2.2715546279397185
260,2.222647000173325
261,2.26731790384178
262,2.2922573042092966
263,2.2921777977113513
264,2.2926651441920316
265,2.282496816429127
266,2.2446890733473044
267,2.169150485855848
268,2.2284020761128485
269,2.4016971870982475
270,2.802589842964371
271,3.551481503039744
272,3.733954846343797
273,4.711351510543516
274,4.0324243706540495
275,4.519431744085441
276,4.591230569531017
277,4.530789998406235
278,4.601592643004085
279,4.757900241376875
280,4.830808399155757
281,4.58693503165233
282,4.137794587575489
283,4.14363108655226
284,3.9651267592575867
285,3.8969832314144095
286,3.907505393532668
287,3.5741225802517924
288,3.4796914986718734
289,3.3122939214882825
290,3.1564101200842276
291,3.0571564131771156
292,2.778080818986082
293,2.8815914669064546
294,2.7885385101518394
295,2.765423272053617
296,2.8192380292865655
297,2.7631392401597585
298,2.7466714307290454
299,2.4000377230060392
300,2.268822164110652
301,2.304407430724015
302,2.238131587100278
303,2.117983954127667
304,2.028526821317576
305,1.9611776551409952
306,1.9723206899091996
307,1.9642733057770336
308,1.876031459129106
309,1.7760406581779073
310,1.6686024743097845
311,1.7083221456040374
312,1.619873409580656
313,1.521180005092946
314,1.5476925096439285
315,1.5146250612818055
316,1.451292867311163
317,1.4048528748152933
318,1.4942773400311433
319,1.4186267045509227
320,1.328150658851327
321,1.3531143053340424
322,1.239535190835242
323,1.2601354296446106
324,1.2307238097051139
325,1.233955678400008
326,1.1709774232251062
327,1.1222386804768794
328,1.0953801797576084
329,1.0328898415393297
330,1.043181890327189
331,1.0262537749148435
332,1.0022791444997745
333,0.9842468760428623
334,0.9171324528938072
335,0.9338398230933951
336,0.8999476532056242
337,0.8597007323889497
338,0.8641715563572276
339,0.8389603705128101
340,0.7934209265017867
341,0.871958065633352
342,0.8538429834528287
343,0.8266665600423744
344,0.8322175743145078
345,0.8450669232021635
346,0.8868916365611592
347,0.9470904479555503
348,1.0765394593433886
349,1.3481291501135015
350,1.502398433348306
351,1.6591428227031708
352,1.5811475829383963
353,1.7596709746193617
354,1.911613370728716
355,2.0399420761392633
356,2.0700412300100144
357,2.092704592814828
358,2.0891050056252136
359,2.0873121536946777
360,2.0666654491416376
361,2.088476450546233
362,2.040126422156745
363,2.068278872031928
364,2.0372986854525634
365,2.0284640724907588
366,2.223361872169927
367,2.1150217552445087
368,2.1009898258712
369,2.3043258265316413
370,2.3322291972309155
371,2.1327639461829264
372,2.0748569093179072
373,1.8537800725958147
374,1.7935099999112192
375,1.7878842086871927
376,1.7436639950098514
377,1.5635426571472386
378,1.4989960123283332
379,1.4649986022597925
380,1.5306807552702446
381,1.5202536086457408
382,1.3568048455938997
383,1.3240213459536838
384,1.2380200057703394
385,1.1984949188494978
386,1.149765290249968
387,1.1155224588694361
388,1.0786883748079752
389,1.02803016517391
390,0.9713718151315712
391,0.9777045151476045
392,0.950456120085876
393,0.8870607969199799
394,0.854341865945407
395,0.8478596436874661
396,0.8325532793239941
397,0.766427982842613
398,0.7641475728518685
399,0.7835764315202454
400,0.745658105573763
401,0.7469005437204117
402,0.7606859994411614
403,0.7661145708697329
404,0.7638118888773957
405,0.7626774151147242
406,0.7264650902446054
407,0.7597215869185512
408,0.743284224726948
409,0.7511400133827368
410,0.7282145263282842
411,0.7192645997223232
412,0.7145502073069594
413,0.6789258514234913
414,0.729029352290439
415,0.9260363573860345
416,1.338718526231333
417,1.621280402495154
418,2.1954221752758136
419,3.0752106119380653
420,3.588377157282498
421,3.726192662407837
422,4.582446032628814
423,5.168818801414973
424,7.146148734462688
425,7.284596802095538
426,5.398648453610405
427,5.139506550139118
428,5.281344625932706
429,5.35017714059507
430,5.320242500072195
431,5.349831689261384
432,7.1819871154858514
433,5.487210442844689
434,5.427367448756223
435,5.618233944528191
436,6.914082969390401
437,6.014509333269191
438,6.016588282334536
439,6.079977319290007
440,6.1357334457438055
441,6.061578527075388
442,6.088633561060586
443,6.181015039982836
444,6.026739123052209
445,6.225294942359554
446,6.2582348682242115
447,6.06601302710039
448,6.071409497928623
449,6.057536482055607
450,6.035724516243642
451,6.030107852058818
452,6.046482880814282
453,5.971156841783534
454,5.189349382588326
455,5.892781467962508
456,5.727887015920062
457,5.875930919215334
458,5.138939540910961
459,5.005998335750612
460,5.611847229980882
461,4.942234283122076
462,4.610445836012622
463,4.822017651535273
464,4.513978356910025
465,4.751007350933549
466,4.691222040985771
467,4.5348366267318605
468,4.727839274407546
469,4.804542705740796
470,4.418543493208518
471,4.421445636876373
472,4.538629283629236
473,4.8268278063667935
474,4.09722787190251
475,4.06328432934712
476,3.6620647696931865
477,3.6384245744199433
478,4.1720972848722955
479,3.66839183219803
480,3.709751038906194
481,4.176405391256191
482,4.619172014231966
483,4.754300192974855
484,4.844502502154098
485,3.597308707806143
486,4.13654396940785
487,4.152513016560687
488,3.3224178816236276
489,3.3804721336298615
490,3.0224985937111657
491,3.454696095339339
492,3.311200387157074
493,3.3080945488644473
494,3.4355961743106627
495,3.48541957024087
496,3.40872074278629
497,3.4173298576526676
498,3.3792586807641998
499,3.344439569706698
500,3.0934602633855355
501,2.8742886066383395
502,2.8297380045932545
503,2.588065484846538
504,3.0064306843951725
505,2.848421951020405
506,2.878663372977391
507,2.6626528101035536
508,2.552766232129375
509,2.857475074408987
510,2.752484411915113
511,2.592567534598695
512,2.8302241235968766
513,2.716654641719475
514,2.836597426893104
515,3.0735520733167703
516,2.971609510696861
517,3.4148540776164418
518,4.172657061261637
519,4.23692669506831
520,4.5507394844769085
521,4.9361796390759665
522,4.998700736943618
523,4.950753371635087
524,5.158307065044912
525,5.232301342527808
526,5.634376762838551
527,5.198489829876204
528,5.212675344132502
529,4.535950516119598
530,5.137744188387146
531,5.009092089464704
532,4.879653743826955
533,4.822002918722549
534,4.816520400298211
535,4.832163720614723
536,4.1727592816525565
537,4.1643696616887915
538,4.383732355340925
539,3.7137205087483016
540,3.76026652975683
541,3.9963348746463336
542,3.781087683417161
543,3.8648716930002553
544,4.088972063005864
545,4.094320936354737
546,4.191003043115275
547,4.474210162378462
548,4.969887133545669
549,4.815056539741807
550,4.664726204231972
551,4.4142314515763195
552,3.9797809147560064
553,4.032847898014714
554,3.378175769104407
555,3.8215938790147153
556,3.881068073596935
557,3.8753112121787834
558,3.747785930095129
559,3.3825808737059786
560,3.531330314066612
561,3.3770801401911577
562,3.3050976805517873
563,2.5904051530159427
564,2.6721720539699962
565,2.7177113453212187
566,2.5276378859171738
567,2.6244672179206185
568,2.50197686731206
569,2.5663066944735835
570,2.9022764759439297
571,2.86248044598285
572,2.698245066642648
573,2.952444834244082
574,3.1365235030682705
575,3.256254518656126
576,3.190107935049457
577,2.8937597534638226
578,3.1022977551045305
579,3.266349153960375
580,3.4618510659026023
581,4.258158595917484
582,5.160841753259875
583,5.1204124637060255
584,5.181089728149815
585,5.272065464776735
586,5.23353031109891
587,5.188303428488507
588,5.1607924677387285
589,4.517825750133417
590,4.49581715873261
591,4.557507025138603
592,4.095209166802217
593,4.205469321385153
594,4.287003439235732
595,4.488631828018006
596,4.221120865629071
597,4.201678970741959
598,4.049452816283623
599,3.716348415725046
600,3.6697394056865904
601,3.600604426533117
602,3.4860294422851887
603,3.6578279849067115
604,4.004753509803149
605,3.9763149772486717
606,3.420950739678253
607,3.350483030377616
608,3.617184899851708
609,3.633608235834971
610,3.373902772466502
611,3.178463403545409
612,3.247581130738574
613,3.101608111181763
614,3.0547182776169457
615,2.9201859694411905
616,2.9296540140434337
617,2.895826956464533
618,2.9145908192936107
619,2.7522806685179297
620,2.811698078724968
621,2.820067212433329
622,2.877156651182679
623,2.8143329658040797
624,2.71090835080337
625,2.8872444956889
626,2.5852941173310136
627,2.472657873448616
628,2.304328844720021
629,2.251105197119619
630,2.214646513893074
631,2.2236528336979005
632,2.082399316385165
633,2.0060855258601444
634,2.00207999271726
635,2.0362120076669346
636,2.28458885176154
637,2.1560736108608194
638,2.250789086713055
639,2.21845726579373
640,2.02320898869517
641,2.014716180267023
642,2.000591978960689
643,1.969582377018282
644,1.9391298783543454
645,1.95458036578333
646,1.9437639673070288
647,2.242080210507989
648,2.0621374875602667
649,1.8397333931969018
650,1.7961654995265393
651,1.7945729019734813
652,1.7221515462054593
653,1.6806071405117073
654,1.6980222894884276
655,1.498310486846398
656,1.5005057586817452
657,1.454417935685396
658,1.4374512589779371
659,1.4971884023781148
660,1.4404533024006705
661,1.381436647712956
662,1.2672881408196128
663,1.227009980004357
664,1.2158733134183217
665,1.2273973918090666
666,1.2003154229727502
667,1.2208456110048733
668,1.203459772091084
669,1.2686957383040582
670,1.2894523432687877
671,1.452812560405979
672,1.6555337936258643
673,1.9324829052878547
674,2.206109048275011
675,2.389287388808283
676,2.5485253538090933
677,2.77620917270926
678,3.100766705009808
679,2.998386184012446
680,2.834568805827
681,2.79149338916828
682,3.0414427731802633
683,3.3249377149001633
684,3.410256947921727
685,3.638679422460762
686,3.743861598389409
687,3.431102484550597
688,3.7991983885159084
689,4.474553314325042
690,4.077543733080324
691,4.415492878601345
692,4.207406045964565
693,4.443078671602723
694,5.052940443645011
695,5.078007760973167
696,4.581726299749111
697,4.34682200939904
698,4.728823992871041
699,4.838744371856781
700,4.90361250225171
701,4.306426293016265
702,4.4950068544765065
703,4.121184476635373
704,4.2263757983987595
705,3.926927633099941
706,3.9226403654079256
707,4.057451443722881
708,3.5561085693789445
709,3.984886290267954
710,3.9107763239098254
711,3.539454925172038
712,3.421738678779812
713,3.325696132072666
714,3.17156243305429
715,3.1510405405684216
716,3.12927532093836
717,2.9570377602083924
718,2.7632447460926883
719,2.7239354542262015
720,2.7913772396698366
721,2.6944710941105674
722,2.4590482727562226
723,2.359471681427811
724,2.319294244941105
725,2.3038426035955792
726,2.125513279505123
727,2.059614475968855
728,1.8587869548374152
729,1.8435635449180336
730,1.8363143449951498
731,1.64732300666676
732,1.6932506382170402
733,1.7280834858657959
734,1.6461964346768776
735,1.5215817486791192
736,1.4843864938264453
737,1.4949028837064544
738,1.4619020370583264
739,1.750144351578167
740,1.8318508222224015
741,2.090056776782992
742,1.9730490494510586
743,1.965830787446565
744,1.7893693515867197
745,2.0812295736242947
746,2.7255719704340793
747,3.262299146251066
748,3.1438184468197434
749,3.156329558907146
750,3.053991429294114
751,3.3838414544082354
752,3.3978394702661583
753,3.433314544949318
754,3.6871241939024615
755,3.4890704386730294
756,3.5601181240723685
757,3.6051751776403846
758,3.7273976534797764
759,3.6628830715704574
760,3.784537386302868
761,3.4203697835814135
762,3.7946007554784953
763,3.634267764685998
764,4.066944997299475
765,3.48408943146399
766,3.2659241526037674
767,3.4205403521180586
768,3.3726958317381563
769,3.1720387849308045
770,3.0487399461682814
771,2.907631368134584
772,3.1293894177801316
773,2.973276945013713
774,3.092990193336992
775,3.2327266176583347
776,3.326306579894145
777,3.2981326487966953
778,3.2805412620647574
779,3.093576518331249
780,3.1840427233192443
781,3.046883044581651
782,3.3034780329153466
783,3.2755011634644613
784,3.2689789608802493
785,3.1430267870978676
786,2.7955502962744445
787,2.637793349574593
788,2.507632148423509
789,2.436384629165014
790,2.2852493774420117
791,2.1103696076819194
792,2.1457281454718475
793,2.2515728950172686
794,2.153871414845045
795,2.1090139470857365
796,2.073564865283857
797,2.063326609660538
798,1.820690621502039
799,1.8190182995273398
800,1.938576258033966
801,1.959517575557023
802,2.2813312118259685
803,2.5973358238830366
804,2.898349221236712
805,2.9244755416228534
806,2.995962501708623
807,3.3181639157975895
808,3.3852060678854508
809,3.7387112616024605
810,3.375893214768745
811,3.360326258042621
812,3.8041632761470985
813,3.7436232866969634
814,3.415969208104601
815,3.4744178337184426
816,3.531591653118335
817,3.399690620729108
818,2.9890632695302277
819,2.9609539426900917
820,2.6268538439007396
821,2.450985158849878
822,2.359044252959046
823,2.1162410071057
824,2.2931942294812444
825,2.3487770670077426
826,2.2903250583532597
827,2.1764795424052945
828,2.0743025244007827
829,1.9782210378342893
830,1.847730219058574
831,1.9096949482313368
832,1.8625228558316278
833,2.075414383186432
834,2.240120822215579
835,2.0673068442603864
836,2.2367155490883133
837,2.496520280345766
838,2.855559266585782
839,3.010245794639206
840,3.334513084199558
841,3.538951774265389
842,4.212253351951052
843,4.089821733948142
844,4.206712091327034
845,4.472420909550098
846,4.348061558034194
847,4.184987828895857
848,4.02694438180401
849,3.7999254125546003
850,4.463645164972483
851,4.287146168004895
852,4.674097478801155
853,4.506937675737165
854,4.887552395823165
855,4.984702293956593
856,4.986723878903459
857,5.157282369378225
858,5.0346904783494
859,5.10188193904592
860,5.112433816935779
861,5.1079540736817615
862,5.825839974472445
863,5.28955671653186
864,6.017523357647048
865,5.254000842201492
866,5.211195236978365
867,5.755211514353788
868,4.958305943742145
869,5.115371979728943
870,4.739306800925913
871,4.994248560207892
872,4.7488340172893935
873,4.534947577734998
874,4.690916938265194
875,4.422207198694582
876,4.4538050040947175
877,4.31740213757333
878,4.178976798864063
879,4.15368828856322
880,4.425804408856622
881,4.638516120980521
882,4.440025224438177
883,4.090138831503437
884,3.9949272402895195
885,3.598884601297673
886,3.25917014435397
887,3.2280680894416323
888,3.1654172773516622
889,3.166464075639016
890,3.276227783743432
891,3.0941779225134627
892,2.935064455735088
893,2.7120175695408943
894,2.448374671269989
895,2.807388025369944
896,2.421017841459786
897,2.271402998546203
898,2.225196036174689
899,2.086128365533774
900,1.9919516148397918
901,2.0201726507351614
902,2.1158644395656663
903,1.8939891922891927
904,1.8032927122562372
905,1.7874284588641365
906,1.6626780929242377
907,1.620792451062324
908,1.6901559319523909
909,1.74736950418263
910,1.9081163230865308
911,2.1822488103893067
912,2.204762624561155
913,2.2696572055858457
914,2.562898045901751
915,2.6633119688274576
916,2.4507396434772364
917,2.3223309423429312
918,2.3577058159799487
919,2.390018407174863
920,2.4069416924359803
921,2.4230892357156883
922,2.770951868348117
923,2.617102740604063
924,2.6549731111537733
925,3.1157652434551935
926,4.286427551134523
927,5.599689907980557
928,5.621297913501607
929,5.892557671504704
930,5.999806207484853
931,6.017357123235769
932,6.017357123235769
933,5.824521094702898
934,6.074053620473037
935,5.858517714040286
936,5.834201727079746
937,5.182782144595598
938,5.602157573808856
939,5.186707821460669
940,5.088623635685579
941,5.03025462846988
942,5.037058511051951
943,5.5903216744253275
944,5.119247082409257
945,5.699721642971833
946,5.643915341435991
947,5.200745197124397
948,5.721247198527388
949,5.0922869850821435
950,5.749990507440698
951,5.611847229980882
952,5.733718262309222
953,5.12620574030353
954,5.149192813357722
955,5.027307048854904
956,4.5530559013098015
957,4.937732006652038
958,4.670123015644459
959,4.352391668458952
960,4.088537806524209
961,4.34590993107116
962,4.166593395549945
963,4.214119947516197
964,4.05335564095525
965,3.908371321966047
966,3.920422425511596
967,3.8920255665033987
968,3.987392027502974
969,3.7521311266915798
970,3.6438128843182933
971,4.356849470255903
972,4.508344296124739
973,4.800365741405631
974,4.965374230351084
975,5.542642575746228
976,5.599689907980557
977,5.677021765071956
978,5.728741765071955
979,5.784270301052104
980,5.784270301052104
981,5.83968812766993
982,5.83968812766993
983,5.849368760046779
984,5.866919675797695
985,5.889730263059896
986,6.074053620473037
987,5.8409667982893705
988,5.8409667982893705
989,5.785438262309223
990,5.835707126778087
991,5.619033594541936
992,5.160854756695531
993,5.079602277773117
994,4.904299832643859
995,4.915396723587443
996,4.87315236757503
997,4.804130251060869
998,4.9417438234394755
999,4.92960169631404
1000,5.5903216744253275
1001,5.283433149646264
1002,5.667653531516725
1003,5.0637421959442666
1004,5.68917908707228
1005,4.832255942517644
1006,4.844005042389115
1007,4.301902954745465
1008,4.522806935928627
1009,4.2218232721236
1010,4.198979718228412
1011,4.177684263682957
1012,4.483828389595733
1013,4.5929881353038775
1014,4.24008058206512
1015,4.072234980713542
1016,4.16067634667504
1017,3.833808832399084
1018,3.3664137966012118
1019,3.3551002951103537
1020,3.4165007134036083
1021,3.383464693405557
1022,3.080724849554735
1023,2.9184304834342747
1024,3.1703638202610853
1025,3.1507493063719507
1026,3.169087158922054
1027,3.074679166132094
1028,2.888941514924546
1029,2.881888509519155
1030,2.4227724213459094
1031,2.4036321823896114
1032,2.358281299203981
1033,2.3199372903265205
1034,2.4079518633014665
1035,2.3079943885435816
1036,2.276415144683835
1037,2.2834436439623342
1038,2.2380629487316392
1039,2.446942460264889
1040,2.421369015158014
1041,2.164337984758412
1042,2.1826991217086653
1043,2.255356599059198
1044,2.122832784311305
1045,2.0649505056258013
1046,2.0770709265521456
1047,2.088740055216211
1048,1.9819188743409815
1049,2.1290723717491535
1050,2.245819699879546
1051,2.296136715625463
1052,2.2768843461998145
1053,2.439305862338226
1054,2.607619206776345
1055,2.4591179819855933
1056,2.561589497377716
1057,2.462052110297328
1058,2.4009844459336955
1059,2.5779313200440397
1060,2.518504325212145
1061,2.4711578787008888
1062,2.5255970983796203
1063,2.654940396036449
1064,2.653039689455119
1065,2.63262608634691
1066,2.7984533239633285
1067,2.8429487407992187
1068,2.8712070065963506
1069,2.9595259161836878
1070,3.385541151291099
1071,3.551559548800158
1072,3.5696866292536553
1073,4.027501429287891
1074,4.234840140980368
1075,4.517940309198844
1076,4.45603479501936
1077,4.494961372723386
1078,4.520944770720429
1079,4.178749369778956
1080,4.007329606479935
1081,4.1585049877743305
1082,5.231515660095045
1083,5.694513540784242
1084,6.024498373790648
1085,6.2901447053565205
1086,7.395712715110004
1087,7.647291836873907
1088,7.647291836873907
1089,7.647291836873907
1090,4.3541885339555755
1091,7.647291836873907
1092,7.647291836873907
1093,7.647291836873907
1094,7.647291836873907
1095,7.647291836873907
1096,7.647291836873907
1097,7.486923066420425
1098,7.486923066420425
1099,6.518777945169171
1100,6.196781845066478
1101,6.105311883466082
1102,5.922493925751282
1103,5.95370647477089
1104,5.897456474770889
1105,5.753109584809837
1106,4.819506487716554
1107,4.931978738195012
1108,4.539389484054486
1109,4.4929484427929
1110,3.951339139073782
1111,4.051109906474716
1112,3.6960748199909945
1113,3.6243480862371635
1114,3.406272140023203
1115,3.3315493100621905
1116,3.344142293041713
1117,3.3486088581574047
1118,2.991482756299745
1119,3.02259003377445
1120,2.7907121088151357
1121,3.0547939017287993
1122,2.821158309106468
1123,2.97190768085593
1124,2.838101767006802
1125,2.839715764495651
1126,2.8533333878606344
1127,2.8088304205803074
1128,2.786561617999531
1129,2.7326623104623393
1130,2.7673960825291863
1131,2.757460207098954
1132,3.192834182179269
1133,3.222697453225452
1134,3.0140025084306368
1135,2.8223572371767753
1136,3.1831568091966327
1137,2.877269733738685
1138,2.7660147197245157
1139,2.8372901749635764
1140,2.9394091551651496
1141,3.233542359436695
1142,3.181635138214357
1143,3.0864573281694567
1144,3.2139250069973255
1145,3.250997826113742
1146,3.3347448137097313
1147,3.356264033578356
1148,3.398719389508954
1149,3.406539806967655
1150,3.2937553555382584
1151,3.5166870505508183
1152,4.1491011941880895
1153,3.5706693755291634
1154,3.5059671548818447
1155,3.8521310604878827
1156,3.921809190399908
1157,3.896655351080736
1158,3.55883257082502
1159,3.455766791400474
1160,3.228576642656637
1161,2.932616569098214
1162,3.2865088955229305
1163,3.26264928518555
1164,3.4421652110759937
1165,3.4842529415132506
1166,3.5339147181592825
1167,3.77912034496987
1168,3.5564788456459357
1169,3.382990480662357
1170,3.291600464692686
1171,3.118674473703813
1172,3.2052689481909935
1173,3.2723354115751047
1174,2.935752831180272
1175,3.0356939327681403
1176,3.159784224254413
1177,3.1532178118829592
1178,3.2115507812652475
1179,3.299761214605277
1180,2.8234554980364512
1181,2.8040338246997107
1182,3.0395661686909223
1183,3.2740892728616413
1184,3.2765279087505497
1185,3.106772194736682
1186,2.8471758884661593
1187,2.82152972831766
1188,3.158308530537834
1189,3.1807089246331612
1190,3.2113968774211137
1191,3.0879626726574037
1192,2.909888836526821
1193,2.999252638927257
1194,3.0566768808725944
1195,2.8735033945040613
1196,3.0252600863935193
1197,2.8903414145950856
1198,3.032078445288103
1199,2.5960435245861873
1200,2.8892411116590964
1201,2.8938539302036634
1202,2.874208387059572
1203,2.869693689727361
1204,2.505389982818899
1205,2.8648401619914803
1206,2.645612104734745
1207,2.5137758771625562
1208,2.8750486020080626
1209,2.893769739859531
1210,2.8873758400179868
1211,3.0638877908808944
1212,2.8588785593886232
1213,2.9153350077089866
1214,2.5882765490020563
1215,2.851947420380719
1216,2.694342971173881
1217,2.824922324603265
1218,2.6555905180714277
1219,2.8323185668662307
1220,3.03776512354088
1221,2.8069754826352837
1222,2.8193268241403224
1223,2.6231269334224563
1224,3.0434408425449653
1225,2.708486573609578
1226,2.6694203211531247
1227,2.8427518860280605
1228,3.074612788376527
1229,3.213889061873091
1230,3.359633187420379
1231,3.369908515571946
1232,3.3510974399393803
1233,3.3805183890942847
1234,3.1845251674885215
1235,3.2152990779519213
1236,3.2028277798270413
1237,3.174863220440068
1238,3.134550016165123
1239,3.2027921536653627
1240,3.2741476457193497
1241,3.084398082219697
1242,3.3478018932751326
1243,3.480055835721726
1244,4.2166124048711096
1245,4.619302244300192
1246,5.281778067805884
1247,7.159233492297447
1248,7.177483897174373
1249,5.441090544050918
1250,6.305589944093256
1251,5.9847979040735115
1252,6.042972698060414
1253,6.284979126666776
1254,6.2862577972862175
1255,6.450603414953573
1256,6.201070889183436
1257,7.25899515597663
1258,7.445554914858724
1259,7.280872537597743
1260,6.439395067271006
1261,6.195891074821107
1262,6.2305330693000585
1263,6.0466427148310995
1264,6.189271886337263
1265,6.06047706490427
1266,6.00422706490427
1267,5.951891875432685
1268,5.121468306831031
1269,5.040075990003628
1270,4.913596186597333
1271,4.742965670014189
1272,4.3812392907885815
1273,4.839280092053719
1274,4.874737585895285
1275,4.996136707517163
1276,4.660142428967628
1277,4.888265937599097
1278,4.7026001441065075
1279,4.669334398909272
1280,4.60757705568059
1281,4.03409355828941
1282,3.9292498334836394
1283,4.063460509224107
1284,3.9970825961522944
1285,3.97461989322166
1286,3.9546354010462093
1287,3.960079285278621
1288,3.936498182223883
1289,4.074845362944612
1290,4.130426558189606
1291,3.366475736468326
1292,4.139677646047901
1293,3.5282264520631865
1294,4.50153705595861
1295,4.512599761345493
1296,4.491544019223389
1297,4.874650820995807
1298,4.259512542850999
1299,4.946615225372802
1300,5.078628360907705
1301,4.834629876791319
1302,4.690560629881587
1303,4.288977402135821
1304,4.033337035812092
1305,3.983403473207837
1306,3.886547022573496
1307,3.349258659292628
1308,3.854801428080002
1309,3.8932251704845546
1310,4.1288780883502785
1311,3.56599719861092
1312,3.5072677129438827
1313,3.2993166843864077
1314,3.130128637938524
1315,3.1119386475170683
1316,3.1003794302274583
1317,2.9565278214677755
1318,2.9763425509437953
1319,2.9146353342660833
1320,2.881469065010035
1321,2.876306331151046
1322,2.853055084458026
1323,2.8315200732459713
1324,2.775373272053617
1325,2.9021783470813234
1326,2.9537021283839318
1327,2.877558608456976
1328,2.817174552135543
1329,2.6037403504003813
1330,2.646554149344363
1331,2.4091292118769885
1332,2.6503377089339515
1333,2.4629292799636127
1334,2.665745299121541
1335,2.6815250092664686
1336,2.861291823523158
1337,2.8448337503470493
1338,2.566293994685627
1339,2.6978611218800186
1340,2.407230402443914
1341,2.318109232659414
1342,2.240880457056648
1343,2.2702102470369403
1344,2.4440457358112884
1345,2.4085531709931938
1346,2.466378943821916
1347,2.3994474567074793
1348,2.27200521896141
1349,2.2548994905661837
1350,2.4736639941524574
1351,2.4622987254678685
1352,2.870674732208676
1353,2.8663335511674948
1354,2.9366936635576644
1355,2.837908871516052
1356,2.552078613248238
1357,2.867666351543412
1358,2.9065574513995873
1359,3.1264107121051445
1360,3.474066149114377
1361,3.5094427274448865
1362,4.28212422089843
1363,4.400089214102961
1364,4.465952030132878
1365,4.967124435782529
1366,4.759292176851825
1367,4.696062781878982
1368,4.202745023237632
1369,4.141534569678023
1370,3.6162469309899445
1371,3.9447001969287787
1372,3.3039599586892825
1373,3.4471639825580493
1374,3.3565620959581337
1375,3.468955086305036
1376,3.959461729638186
1377,4.221313203547663
1378,3.934338809862567
1379,3.9017839563905996
1380,3.9815857853718772
1381,3.8539311431676824
1382,3.927662513026696
1383,3.753885432127778
1384,3.9668990250817666
1385,4.032789168404577
1386,4.454254889329423
1387,4.577938878735045
1388,4.577537586966804
1389,4.873408868005257
1390,4.64490048058121
1391,4.9641239544020195
1392,4.770837744127157
1393,4.607604818014816
1394,4.542285353645909
1395,4.166960444783487
1396,4.466810484723833
1397,4.44503823337686
1398,3.983845105843669
1399,4.061649162364853
1400,4.627494891406858
1401,4.55289998392784
1402,4.489649980529746
1403,3.9937411470995556
1404,4.419181375679362
1405,4.443439450231516
1406,4.771991512781771
1407,4.587473109834505
1408,4.678488847286024
1409,4.7321153316860975
1410,4.754206013232901
1411,4.554935147931671
1412,4.411419369346155
1413,3.5931687462299675
1414,3.8901966329779336
1415,4.1751555594666865
1416,3.8704735958335172
1417,3.914046719981461
1418,4.546981417587319
1419,3.798621113774065
1420,3.9892237563350568
1421,3.868535862367133
1422,3.9460366990658837
1423,3.5865778072308885
1424,3.721751703793049
1425,3.6872961611103996
1426,3.8656492194987067
1427,3.9685036534547797
1428,3.7493085860411015
1429,3.6497722819085574
1430,3.926830925132013
1431,3.562912129507711
1432,3.579313284347703
1433,3.892424110125376
1434,3.551796101642627
1435,3.441020730061863
1436,3.447434934476188
1437,3.4222715303447955
1438,3.4430190876631546
1439,3.4080177280297033
1440,3.1521957067542123
1441,2.628856697873617
1442,2.567849630724907
1443,2.7032820136740963
1444,2.5139026299183818
1445,2.4705270493261766
1446,2.303440505426171
1447,2.2824530809559054
1448,2.1661041568988075
1449,2.213911440261395
1450,2.2346404706240355
1451,2.128050428647019
1452,2.112573589303544
1453,1.873187195325581
1454,1.9077531690074478
1455,1.762399217252895
1456,1.7193734656858406
1457,1.900108569475148
1458,1.9016061515227303
1459,2.1710848773915647
1460,2.220039745270231
1461,2.4472536136199174
1462,2.579235819001627
1463,2.8310758134745693
1464,2.6470325002491943
1465,2.862171958962095
1466,2.9509210785224833
1467,2.8961108415489223
1468,3.1110935987836834
1469,3.0792262497706178
1470,2.9148661766708943
1471,2.973584111767745
1472,3.3422680614848157
1473,3.265354481661025
1474,3.078819184838015
1475,3.083463083801246
1476,3.0920882091455595
1477,3.2771478187991345
1478,3.4530465557420693
1479,2.918526870709153
1480,2.829630615008854
1481,3.0766936411581094
1482,2.8723850855925757
1483,2.603461540774778
1484,2.456668005613068
1485,2.2814728201722
1486,2.2560045597052536
1487,2.259338821176027
1488,2.295829633279524
1489,2.3081793196740983
1490,2.4293917675573202
1491,2.820558880910216
1492,2.7941748370190393
1493,2.6106682829425014
1494,2.4655636443819025
1495,2.3110433168833895
1496,2.485424134079687
1497,2.400704213464236
1498,2.4285605775277435
1499,2.3195840240164154
1500,2.1586108133547626
1501,2.2271696275492845
1502,2.1880685378051328
1503,2.140615964424851
1504,2.207262710709061
1505,2.5124664181147427
1506,2.5749937647793497
1507,2.6291805631661487
1508,2.910863000480421
1509,3.2404419447591017
1510,3.525085462487622
1511,3.9623707138127333
1512,3.8967444309081274
1513,4.679862787881281
1514,4.436450419049383
1515,4.7907740950526945
1516,5.226132959942992
1517,5.180698741394606
1518,5.224402847674799
1519,5.286731948203899
1520,5.952326149444946
1521,7.098463812744579
1522,6.3344866657546595
1523,7.476734186729049
1524,7.647291836873907
1525,7.561900422732493
1526,7.647291836873907
1527,7.647291836873907
1528,7.562125600870463
1529,7.647291836873907
1530,7.562618718594337
1531,7.647291836873907
1532,7.299212811699301
1533,7.4015316522790116
1534,6.617098822788166
1535,6.4465411726433075
1536,6.4465411726433075
1537,6.4465411726433075
1538,6.313071344401933
1539,6.383276459335309
1540,6.4108561909583255
1541,7.027793692894545
1542,6.59751638954578
1543,6.313071344401933
1544,7.012234451706449
1545,6.3823885472473965
1546,6.762011838236436
1547,7.246654935277333
1548,7.374415346149338
1549,6.637597505265108
1550,7.343264358487675
1551,7.544972996294198
1552,7.369472458333987
1553,7.647291836873907
1554,7.437711267899136
1555,7.2464297571393645
1556,7.096029055933189
1557,6.290371466502054
1558,6.170082606958485
1559,6.096189605063146
1560,6.114554070978337
1561,6.111330594076038
1562,5.948698528924122
1563,5.138939540910961
1564,4.787256677789324
1565,4.912369288950663
1566,4.7940544647105146
1567,4.5636270648912705
1568,4.735633915353547
1569,4.785072184024989
1570,4.652669904311284
1571,4.688807931393103
1572,4.704238015022995
1573,4.1185696982396545
1574,4.481769795581052
1575,3.9165259752300337
1576,3.898476829113525
1577,3.872167845299682
1578,4.125315004633856
1579,3.482472799407806
1580,3.4967266906766765
1581,3.4702179907216606
1582,3.8742371301676255
1583,3.8920084874666285
1584,3.6284290279403026
1585,3.5113740918387055
1586,3.7317371280379725
1587,3.581029192999775
1588,3.695140122990278
1589,3.5183280560811374
1590,3.7968361962069928
1591,3.5758875364844553
1592,3.5358678671472643
1593,3.7888074101614198
1594,3.758256023281759
1595,3.5491681946658833
1596,3.5013744276091168
1597,3.5163343796105497
1598,3.5486302615064313
1599,3.959745925400308
1600,3.456862654403742
1601,3.4417121485923707
1602,3.64726488760744
1603,3.9518636313692705
1604,3.8839729199628814
1605,3.552546323021501
1606,3.3299014869207646
1607,3.1747189402474456
1608,2.769492693385797
1609,2.7391899347065674
1610,2.551309375219125
1611,2.7478020951115685
1612,2.4042442509420274
1613,2.3406389186344017
1614,2.1735529002850513
1615,1.8958689222937057
1616,1.8618051779506513
1617,1.7500559069908141
1618,1.6658394302432231
1619,1.566656756596944
1620,1.561373888788424
1621,1.5326001025478264
1622,1.5295910815229348
1623,1.4069734533443954
1624,1.3834906820629822
1625,1.482498391201984
1626,1.3864173504001964
1627,1.4893200542611467
1628,1.3145045620812554
1629,1.5372226257563097
1630,1.720742567592819
1631,1.9621991765883071
1632,2.188275544109273
1633,2.329463428409193
1634,2.77166192933258
1635,2.886149812336821
1636,2.896489017922961
1637,3.083812187748395
1638,2.5723760732602416
1639,2.5318809607480746
1640,2.8293343895104384
1641,2.8413066838827326
1642,2.9292856867444272
1643,2.9292856867444272
1644,2.8874654622198475
1645,3.083812187748395
1646,3.022686881112113
1647,3.1438464903317587
1648,3.2146830610585178
1649,3.2285373582601262
1650,3.1376535082755597
1651,3.073804971416302
1652,3.0456229286528638
1653,2.6000357959100837
1654,2.980263352897229
1655,2.849562962224274
1656,2.831202840033111
1657,2.5857772438341398
1658,2.6058699024637413
1659,2.8050556845896284
1660,2.9471441440641786
1661,2.8772794779892106
1662,3.05190577342254
1663,2.84526075139945
1664,3.208941074368215
1665,3.190936400745884
1666,3.234838160491839
1667,3.065724286439439
1668,2.845065322446739
1669,2.7383770326469974
1670,2.7897085808115154
1671,2.755723241052308
1672,2.484903465384596
1673,2.4410637882785675
1674,2.3633306658429714
1675,2.4192093404525754
1676,2.358436380249055
1677,2.251120851790382
1678,2.263057387644709
1679,2.1411945657914098
1680,2.0690444850721375
1681,2.0950830960211104
1682,2.1391255449098985
1683,2.1446841151508607
1684,2.160361273175758
1685,2.2346157537654023
1686,2.1094791268634747
1687,2.204009946064332
1688,2.11364838881607
1689,2.1487521134144933
1690,1.8743625658953786
1691,1.8609697308348492
1692,1.9682896398222904
1693,1.7772585990480125
1694,1.8045966689840371
1695,1.7306162890779968
1696,1.7819460613204745
1697,1.7510345644315726
1698,1.8753074059357089
1699,1.829650681246418
1700,1.69519654217035
1701,1.6611175907692537
1702,1.6900403854069352
1703,1.5897952300690628
1704,1.557908908374487
1705,1.554525774935182
1706,1.5730781897705752
1707,1.5705382771463512
1708,1.5969484467961963
1709,1.870281638098409
1710,1.920397569247777
1711,1.965740951054941
1712,1.9446639269655428
1713,1.98781364529053
1714,2.0007776861962774
1715,1.9907501276803456
1716,2.160695616452138
1717,2.1756170621351645
1718,2.6371864420924505
1719,2.8802455022513223
1720,3.1292778408307065
1721,3.4189660407311293
1722,3.743529372364547
1723,3.616541787186147
1724,4.347405152899811
1725,3.837204016209362
1726,3.910041976575491
1727,3.4826587860506635
1728,3.7207179962236
1729,3.8118471902244373
1730,4.192239157594848
1731,4.297136092672368
1732,4.389156388478671
1733,5.235740651648272
1734,5.245049131180436
1735,5.783779579987123
1736,6.120391657318715
1737,6.115584346811955
1738,7.088706881931834
1739,5.166201556900597
1740,5.168982842779309
1741,5.748441576946855
1742,5.644201970940407
1743,5.2214306305365
1744,5.087940749669598
1745,4.800279000382353
1746,4.829670292004241
1747,4.640669372583579
