,0
0,2.859285902462888
1,3.7254816461302984
2,3.7671039066997545
3,2.856626248178536
4,2.952664817886493
5,3.243706350534643
6,3.2332461489259265
7,3.358574037162692
8,3.726593733900699
9,3.068128408516408
10,2.8791975237289162
11,2.792567087505773
12,4.997071570491088
13,2.758186408452501
14,5.412794811246565
15,3.132605636217057
16,3.0539350798970037
17,2.8652465505313365
18,2.6107643184758618
19,2.3783035132928245
20,2.586789184854243
21,2.5712046475837473
22,2.2433701152289367
23,2.3403624938236725
24,2.434426052747545
25,3.2306406900583386
26,3.0801137579449254
27,2.3598581975743778
28,2.9297226089979778
29,3.1254444523516876
30,3.1114064949279374
31,3.031222597115485
32,2.344311296502101
33,2.65973392615353
34,2.7769070885709417
35,2.9309778719080706
36,2.2438449739243547
37,2.1828994008371803
38,1.889791203455584
39,1.979576472656922
40,2.1317339621650113
41,2.0179175553216067
42,2.1137424601178547
43,1.9472673803607876
44,2.242863112656775
45,2.301626591764433
46,2.2792849797919685
47,2.129349829546833
48,2.8612109673296913
49,1.9028219265449036
50,2.0330610382628107
51,2.0014837589359162
52,2.0342512800999426
53,2.0899629984679535
54,2.2626822339301533
55,2.414529761199119
56,2.4333232802512725
57,2.446819009358884
58,2.689812113365968
59,2.269044270387637
60,2.634421089571701
61,2.6078891855795767
62,3.018011350305472
63,3.0344285246603326
64,2.603532766711657
65,2.285866612080798
66,2.152386284835481
67,1.8698901667548478
68,2.074009903871296
69,2.0788543673998907
70,2.0818979179702963
71,2.1193563639401405
72,2.1285013958221586
73,2.227306258587604
74,2.8163116460333724
75,2.7948660202025626
76,2.5961645200760555
77,2.30173121476198
78,2.211953892271615
79,2.5411687729054724
80,2.1088678696491185
81,2.421052177959777
82,2.34587909051885
83,2.316917647854054
84,2.139293582476338
85,2.0985819895401594
86,2.03414650225152
87,2.1291078635769667
88,2.182117511598423
89,2.2152840971501657
90,2.2302159943901745
91,2.0189678327242926
92,2.211830629840323
93,2.183799043039729
94,2.097101872948519
95,2.157854369027413
96,2.172342468480184
97,2.0881423075045804
98,2.124207989356671
99,2.1948059538650715
100,2.1327771621661595
101,2.074383626241279
102,2.200910022776138
103,2.408009701347061
104,2.627834003074809
105,2.5620661046961666
106,2.622202833940094
107,2.5548682736764876
108,2.4002097776873437
109,2.693227120633569
110,2.3056261739057025
111,2.54343213820003
112,2.4971897810362895
113,2.5309008513261264
114,2.170735511028577
115,2.2101706427179932
116,2.0407541105071294
117,1.9453661883722573
118,2.060836632030964
119,2.223174194280441
120,2.3706718656047965
121,2.3216652581583666
122,2.41820082549207
123,2.460162031154278
124,2.666576061236055
125,2.931647631373701
126,2.6661282975159644
127,2.5811552458949336
128,2.267942171484255
129,2.744583258165567
130,2.390989292781081
131,2.2577671279325897
132,2.443910372746143
133,2.3008987935763385
134,2.2755239542513643
135,2.110187016970861
136,2.2490397599231287
137,2.1520780412813383
138,2.0575654915655543
139,1.9929425952154673
140,1.961388363963429
141,1.744436145478503
142,1.983084517051802
143,1.7779329643504276
144,1.8167520431257997
145,2.0231550369104863
146,1.9969860053190602
147,2.03637795834996
148,2.175426171576917
149,2.1501768957867595
150,2.3215924111928814
151,2.451330798581548
152,2.1069065930529183
153,2.136226942752508
154,1.9902215859449408
155,1.9933488808029813
156,1.9412665475136996
157,2.1817331639508835
158,2.0953135851299365
159,2.4084191312676753
160,2.494684755167564
161,2.794049120358269
162,2.4595609208673395
163,2.5008909280488467
164,2.4043517563237176
165,2.192305208289024
166,2.3023050383731634
167,2.3944954738342794
168,2.4091924186870903
169,2.1498257304584123
170,2.4639374099987608
171,2.301451822474104
172,2.2766040165925228
173,2.4440936464188066
174,2.423825999146333
175,2.3681802615130723
176,2.6454315019282264
177,2.742081119301224
178,2.502155974075158
179,2.3023576601060847
180,2.7697423940056853
181,2.7796695148571398
182,5.226789163384989
183,4.613032852750846
184,4.303781116130699
185,4.303781116130699
186,4.3390719334856325
187,4.61041625735832
188,4.563568205364494
189,4.545523176734168
190,4.680097730173613
191,4.528662076615451
192,4.512752064629657
193,4.764139386121454
194,4.738102451680088
195,4.896163415515761
196,4.571725143586086
197,4.328324047575638
198,4.135703243994713
199,4.16087336463748
200,3.690344256073373
201,3.693621842614473
202,3.739246781062313
203,3.5437796091086664
204,3.7917794763022474
205,3.5551751737044963
206,3.5237484078078296
207,3.251555486079736
208,3.0151849584107016
209,3.341648754498728
210,3.296568597509577
211,3.484285313503304
212,3.378956815617018
213,3.453482770568501
214,3.393192748463332
215,3.3847981926767865
216,3.1516022288768646
217,3.294983161176076
218,3.503090370331175
219,3.526617726559151
220,3.4960924924953263
221,3.467559742918771
222,2.7614555806662
223,2.709862742043279
224,2.6710190678711117
225,2.4766448572179236
226,2.305522628931254
227,2.2094909744358677
228,2.3684769808016153
229,2.091318607912443
230,1.9552123533254586
231,2.236254099146809
232,2.0650836198588762
233,1.9601589518673816
234,1.9533942426067659
235,2.0114114038113504
236,1.9845673445593033
237,1.949225659809862
238,1.961655162886263
239,2.1000846781748024
240,2.2523007242229243
241,2.210989320714152
242,2.0492535321270235
243,2.012552619480542
244,1.868582162659
245,1.939917984535153
246,1.9129710586845297
247,2.18018567490326
248,1.8678035521497964
249,1.9296856680264773
250,2.0346246807729287
251,1.8932286370482396
252,1.860339206068633
253,2.328064581314578
254,2.059101538417743
255,2.1247419520181676
256,2.082862415350259
257,2.0760342625089483
258,1.847231481261774
259,1.712142018181966
260,1.531030771401985
261,1.5243275429059997
262,1.4544242559377147
263,1.4137224849379821
264,1.6442120201069703
265,1.6803212968179264
266,1.5017380800684796
267,1.4953809201624217
268,1.3642573440532406
269,1.7296037607109518
270,1.8006236793553376
271,2.1215587639161306
272,2.134854529183066
273,2.2476309458636625
274,2.4415565385725175
275,2.4134957882925625
276,2.375183513170078
277,2.3425267136477608
278,2.451267543292546
279,2.3302815450759584
280,2.303454162151982
281,2.089897385805155
282,2.0036985781794
283,1.4845499732776368
284,1.297200472246746
285,1.4347182548864328
286,1.4878636682443376
287,1.3367103612509172
288,1.518997147805962
289,1.691348026886192
290,2.227035592550558
291,1.859789199939241
292,1.9203634902959672
293,1.7172577534825575
294,1.8712170681463802
295,2.1706617393252006
296,1.856188787771294
297,1.9530756061848553
298,2.241328848442708
299,1.9691825952233672
300,2.0330221252319287
301,1.871244072268292
302,2.192225548876817
303,2.881829657258922
304,2.4125649512708764
305,2.311110530162523
306,2.2180430646133718
307,2.792666937969828
308,2.5304381843751504
309,2.4010862477530397
310,2.4273252785422548
311,2.6458233055393383
312,2.1988459305270815
313,2.5844523110025976
314,2.2014918217928066
315,2.6037073383264793
316,2.372080101326445
317,2.5107231437908406
318,1.964729103916188
319,2.2692003892102197
320,2.2800053697219904
321,2.004351310364291
322,2.64023701712254
323,2.5918521870961015
324,2.383536039879577
325,2.128538840266838
326,2.5662738405681935
327,2.199278557040019
328,2.1769468242505634
329,2.00465755344001
330,2.24002718218455
331,2.4040934803759746
332,2.294017003729701
333,2.4307703078238263
334,2.54264406543245
335,2.551427349762247
336,2.626748190213412
337,2.508674378441152
338,2.417562121910643
339,2.4860505959361294
340,2.539255131434364
341,2.461985088393074
342,2.6935517891832093
343,2.594193991438216
344,2.6119720749439796
345,2.7202566206403893
346,2.396925198444353
347,2.139692774835227
348,1.9609950985860725
349,1.7288608745983955
350,1.4560102613041361
351,1.3716307401049253
352,1.3982272124596244
353,1.5057466328095261
354,1.3875738631839831
355,1.5391202090945586
356,1.42041807915965
357,1.4319341321897627
358,1.4507985401159627
359,1.3144466123962049
360,1.3902808338787063
361,1.4910617683817315
362,1.598021847344647
363,1.5505703317434094
364,1.273163095826194
365,1.2830843741679088
366,1.2542622701544035
367,1.296226630589074
368,1.3885241835543272
369,1.2976341232439117
370,1.2848793037295696
371,1.1676558875874317
372,1.1417788544749956
373,1.830627622922067
374,2.0847962438278036
375,1.968961116318147
376,1.5905794757883835
377,2.0942535056225045
378,2.572846051692865
379,2.341550429287429
380,2.3734603937268086
381,2.3665782422279644
382,2.583910532431478
383,2.820054109044015
384,2.5659612319737732
385,2.328416465163096
386,2.1147718708623904
387,1.702271258247707
388,1.3224282046842122
389,2.0902169990254635
390,2.306737132019819
391,2.477306591651278
392,1.4313073033017374
393,1.389537117582674
394,2.514388324801779
395,1.6053977937483557
396,1.9315784551100688
397,2.0358930537476483
398,2.089870395473178
399,1.984341858412791
400,2.0414384206380296
401,1.9752360181138342
402,1.8219463305403618
403,1.7054297714909856
404,1.7098940943224548
405,1.7828259962064923
406,2.173337251605488
407,1.9055770529934735
408,1.8394433979460216
409,1.8961570358662494
410,2.3187900629685556
411,2.047327076884863
412,2.2031822195678883
413,1.9592716677890438
414,2.03164087202654
415,1.9086412892107367
416,1.6580638123239988
417,1.85555644903946
418,1.8431983302727761
419,1.867288959284329
420,1.8625926305029896
421,1.8850733302727758
422,1.8625926305029896
423,1.8625926305029896
424,1.8625926305029896
425,1.8625926305029896
426,1.8431983302727761
427,1.9151700156204938
428,1.8866832595145426
429,1.8866832595145426
430,1.9878301794679625
431,1.8824813793365507
432,1.9273242238278374
433,2.0363429218887794
434,2.1412036332086797
435,2.0018432245132396
436,2.145304469583485
437,2.096540599643123
438,2.1197934814790576
439,2.277711428038697
440,2.3404675657064278
441,2.9839566489269482
442,3.0954920647236706
443,3.0190489312991895
444,3.1472457200657913
445,3.1803548058145883
446,3.237659081967548
447,3.280700833633536
448,3.2555487012231024
449,3.56765882943081
450,3.6604753759024278
451,3.603561976191697
452,3.722556212449004
453,3.577481600192691
454,3.567980700240809
455,3.7125218740916717
456,3.7309245200548857
457,3.338063733364367
458,3.5317872251367723
459,3.0836163771253564
460,3.6853616027831677
461,3.787601432565702
462,3.7671039066997545
463,3.7671039066997545
464,3.8032890373585695
465,2.9784315495935583
466,2.876584239277271
467,2.7905439015764735
468,3.057980380430326
469,3.839179268759118
470,3.503594320121244
471,4.284418577112075
472,3.392940721989669
473,3.816998142288727
474,3.7405909000451874
475,3.774203707751735
476,3.1911515495586222
477,3.668492315625096
478,2.7655142559506682
479,2.8717087810211797
480,2.9061796839708642
481,2.8875031897026724
482,2.5164317169837225
483,2.4847439735779284
484,2.862558765988362
485,2.7835968616048024
486,2.765969842042682
487,3.54912312447102
488,2.737556322157903
489,2.991846451479866
490,2.979916769592782
491,4.073479216599118
492,2.208686043803995
493,3.1534099215941294
494,2.873130465588905
495,1.994664360099814
496,1.8877810002181257
497,2.3570583847526194
498,2.1191096350047154
499,2.6805719054992583
500,3.3966980970351184
501,3.701902175927199
502,3.3528824272552176
503,2.5833016290710407
504,2.887631389989456
505,2.1887575045550633
506,2.716477944844808
507,2.421183625635234
508,2.256551043002539
509,2.0087284002415364
510,2.0405965944764417
511,2.090657741007719
512,2.0204714286926566
513,2.179907498254066
514,2.106370522057417
515,2.0512913365104284
516,2.1171023714965544
517,2.0992447225103694
518,2.0047967694778808
519,1.6809583230438294
520,1.6526425709972656
521,1.607707181296849
522,1.7368632986572627
523,1.5424907733482385
524,1.523872770540852
525,1.4295470226899005
526,1.4937440260529324
527,1.526961916615496
528,1.9928501015384112
529,2.0828348965105894
530,2.095507513561387
531,2.2259168526020443
532,2.253912196693092
533,2.29018833210861
534,2.1662404078688486
535,2.368252054877038
536,2.463797426490385
537,2.300690657888618
538,2.2114656296281234
539,2.316680719028176
540,2.1275825328608264
541,2.0360344172994087
542,2.677020825763824
543,2.3062659865624604
544,2.388539386474664
545,2.625460377708904
546,2.608048844133242
547,2.623581519086556
548,2.8078507278085056
549,2.663009689336888
550,2.5692173320711973
551,2.7450809255335766
552,2.850975806825349
553,2.7095936938055227
554,2.605482572933139
555,2.652126436752755
556,2.5958718219046353
557,2.578617364004401
558,2.4534161580485843
559,2.6916383316301293
560,2.4291343496582063
561,2.884494774414385
562,2.0915559221753397
563,2.211362348170303
564,2.10119364020517
565,2.2610667464967418
566,2.16270985705925
567,2.184468369039073
568,2.0834323172319045
569,1.8258575321659518
570,1.7511434955485106
571,1.8883860829109338
572,1.5246958327271267
573,1.5605344571827602
574,1.5435203895617848
575,1.6047438708457342
576,1.6405084275039454
577,1.436377794559518
578,1.4984588162775305
579,1.484068367576216
580,1.5270760059535546
581,1.610824548805848
582,1.6914931806939424
583,1.6764722478472665
584,1.6568917604282085
585,1.5747135904551295
586,1.516672202858907
587,1.562940617212843
588,1.4638167080505389
589,1.4908879317519057
590,1.5396626974857348
591,1.61775731350188
592,1.6905201413490665
593,1.7998780640747263
594,1.8014962762718858
595,1.97097655591837
596,1.97097655591837
597,1.9282085078823084
598,1.9264256601991836
599,1.9953273517180141
600,1.8391587808796726
601,1.9077000641577981
602,1.9622932690165658
603,1.868713892650995
604,1.9850071328377954
605,2.0168693666570596
606,1.8249173169986086
607,1.9274167575164798
608,1.6232387326120092
609,1.4446140350818286
610,1.3998574507921717
611,1.5264560346025546
612,1.4558810995743623
613,1.6219684002316146
614,1.6267225950495945
615,1.4833226820231804
616,1.281939406976067
617,1.6017354731444322
618,1.4731335668845362
619,1.6051334516628126
620,1.6285372381175194
621,1.7060339759842909
622,1.633909083969028
623,1.5662072338789421
624,1.5486373381495182
625,1.5501404893548347
626,1.6511921554321038
627,1.561684489245606
628,1.4857418586581508
629,1.5988251201655699
630,1.650081371756532
631,1.7206144506841776
632,1.5802010624626484
633,1.5806974658567654
634,1.5583153259211346
635,1.497100535157662
636,1.5113273873030575
637,2.1567737406801375
638,1.7194559192543757
639,1.6312073931934052
640,1.624476718020625
641,1.503628825985603
642,1.5622538985426047
643,1.5345766474967264
644,1.5589487339957837
645,1.6187530723972745
646,1.5716964816406445
647,1.6501824368952924
648,1.6124400731581403
649,1.4983279229009834
650,1.600934302480358
651,1.6609254257662902
652,2.009720267923146
653,1.9273220932102995
654,1.5063755538949797
655,1.4743814437887117
656,1.4209054482954755
657,1.662929019648076
658,1.4374010821642837
659,1.4566151673697578
660,1.6242856441263935
661,1.5323083913739586
662,1.6237645870171333
663,1.4852171411616273
664,1.582556269252177
665,1.5626224947190543
666,1.5716134094480911
667,1.7342971662615325
668,1.4092907872787899
669,1.4666451390155049
670,1.5005224966499107
671,1.5258149868923547
672,1.4565668921301842
673,1.4907787784350934
674,1.4964139367901272
675,1.612984633866407
676,1.5958773918778493
677,1.6966129745255214
678,1.5883040942953404
679,1.5248375856721557
680,1.4463471053317376
681,1.5822465002877457
682,1.6076555528221912
683,1.6246542149237582
684,1.5458664105319602
685,1.3610191863436958
686,1.5010894229813514
687,1.3446230075195496
688,2.5241232624760817
689,2.699384469634617
690,2.858194392411645
691,3.0190690926239725
692,3.0722464462192276
693,3.0722464462192276
694,3.0722464462192276
695,3.0722464462192276
696,3.0722464462192276
697,3.139107697817991
698,3.042644817888677
699,1.8781612782979544
700,2.1922366813852734
701,3.4177032742746114
702,3.3964610841202902
703,3.446253385787431
704,3.547744426707906
705,3.4552996595142504
706,3.8109076128162007
707,3.8032192938808507
708,3.716031763645655
709,3.786113896133292
710,3.737068179399366
711,3.6624223729226197
712,3.6773462523094484
713,3.510984966613402
714,3.340073923882535
715,3.3173965100940315
716,3.0551378411746786
717,2.5684313546046416
718,2.4941904984887446
719,2.304823355312429
720,2.13297502691141
721,2.209922774972855
722,2.3461877796207835
723,2.075591252043245
724,1.9284131432283707
725,2.1242032661879144
726,2.010119824725591
727,1.8322551408761896
728,2.7864700582465867
729,3.0057165481650396
730,3.155200818684908
731,3.091804466755624
732,3.0104495142482257
733,2.469725349855996
734,2.050815630347846
735,2.037972444038167
736,1.6366914863748117
737,1.6827178770480709
738,1.5530165598733516
739,1.5515535795698803
740,1.6994823030938475
741,1.5309878318026282
742,2.040336001380094
743,1.6620414551269884
744,1.8435878455664405
745,1.5992432858217505
746,1.4056112880570588
747,1.5209486585690029
748,1.5550502471651328
749,1.7158036066574824
750,1.7220812061012514
751,1.6744425281031696
752,1.6883298633771757
753,1.711631208765285
754,1.8544351709234714
755,1.7480993528096058
756,1.8361579094690148
757,1.7734926493359233
758,1.7804266823515849
759,1.849124523727803
760,2.0284704636280058
761,2.2318954675045806
762,2.3643987925804018
763,2.363268887417026
764,2.9778857971271133
765,3.1362829074445733
766,3.1974433645532296
767,3.194058749738963
768,3.3422744085682043
769,3.237492797823559
770,3.350693466139372
771,3.3126681742839996
772,3.2763775889917053
773,3.2671870447104165
774,3.3187738075800866
775,3.3764951161077787
776,3.4378913889380307
777,3.425959814948989
778,3.534051767739175
779,3.4971614168619825
780,3.320012417017685
781,2.9108871736180935
782,3.568340426370162
783,3.132308865404899
784,3.7254816461302984
785,2.9100629625582743
786,2.8191106179776817
787,2.833546008097333
788,2.8754437970714846
789,2.8321772656814193
790,2.7227471100804475
791,3.544202239995133
792,2.8221434290399907
793,3.6989686394757313
794,3.58582450056459
795,2.5738981411001314
796,2.751416366285064
797,3.7254816461302984
798,2.6443882885722867
799,2.5539676492311814
800,2.563643339830883
801,3.166182136419942
802,3.129565484545298
803,3.404261873996058
804,3.524423194581692
805,3.524423194581692
806,3.3849447497535543
807,3.5337121023105715
808,3.523365776474235
809,3.4674704944839485
810,3.4674704944839485
811,2.3284321434922344
812,2.6514427496420914
813,2.3360893541208947
814,2.081266666940663
815,1.9385346777649233
816,1.647451604743623
817,1.5790863728393045
818,1.4885125816855205
819,1.4861579129263245
820,1.5104436237686434
821,1.485307023633054
822,1.564034817766797
823,1.5168719399867165
824,1.6950841616175554
825,1.5994825104307646
826,1.5725857956708922
827,1.4561973946042124
828,1.4603985373465098
829,1.3833686764674074
830,1.3833686764674074
831,1.445659767489987
832,1.4397127865471449
833,1.6933245119508002
834,1.468029987918666
835,1.5913437640681585
836,1.5948081001498553
837,1.46140845657237
838,1.3593464577846412
839,1.069600600964483
840,1.1108947266805136
841,1.0072165950213403
842,1.519796892223383
843,1.8617468512233748
844,1.849311903131542
845,2.1472675680831452
846,2.2598674294197587
847,2.008192487843992
848,1.8134283256357575
849,1.9143623000779366
850,2.205063064093726
851,2.3472509014244975
852,1.9757384200730892
853,2.093696757019671
854,1.8541199283564307
855,2.5416040051409503
856,2.7574671276589235
857,2.7699675476118495
858,2.883758256514712
859,2.79547983960591
860,2.8557628606548615
861,2.7701712853656963
862,3.330353594917038
863,3.296496011194122
864,3.3649727749596012
865,3.199848915416878
866,3.609535404951244
867,3.5654500502507775
868,3.7739595946651425
869,3.274474861837654
870,3.1012314780674957
871,3.146150723182272
872,3.135920627186839
873,3.1671094251089067
874,3.3271123506784233
875,3.3561649131920315
876,3.2811146234172592
877,3.246650398916132
878,3.318172750839187
879,3.110694628732956
880,2.9015712293213447
881,3.0473545705324474
882,2.9569265642128206
883,3.0838972565524387
884,3.7254816461302984
885,3.7671039066997545
886,3.7671039066997545
887,3.8019088602601263
888,3.8463203719138637
889,3.8032890373585695
890,3.8032890373585695
891,3.622009631223404
892,2.8510482668921973
893,2.8630679652609254
894,2.658756769334114
895,2.620781831990756
896,2.5881792026598145
897,2.536381953747224
898,2.7513992447267848
899,2.5285824550003575
900,2.849100138074009
901,3.214088416851893
902,3.001062159068433
903,2.789393618894031
904,3.2659401960435432
905,3.3093345309724036
906,3.3721470271564162
907,3.525321558730935
908,3.3890754511005587
909,3.3408888240456314
910,3.3315977943541855
911,3.2595587826199477
912,3.316053556119409
913,3.1193480951355728
914,3.0196656389952223
915,2.830758200147206
916,3.0169409427537515
917,2.9211792642198877
918,2.4990783926827986
919,2.1785748353292442
920,1.6771081719950385
921,1.925535792610913
922,1.6600227541332582
923,1.7511500349864995
924,1.8028733056858335
925,1.6704551044748106
926,1.6380221093385763
927,1.5536805066765265
928,1.587971285726943
929,1.633489678023775
930,1.6183557786821194
931,1.5835749938386767
932,1.6471162239115997
933,1.703282555790033
934,1.730476664500897
935,1.8272308029907196
936,2.49301402553131
937,2.6426961108053053
938,2.559938534820098
939,2.463269399126845
940,2.6124287572616423
941,2.450777355300197
942,2.648568693048561
943,2.8379096575872165
944,2.587822481004648
945,2.4935988071496444
946,2.4055742534733784
947,2.366142923159285
948,2.2292815264233043
949,2.36630577369506
950,2.5628009816286097
951,2.5078636455086962
952,2.4322134208612645
953,2.9214313083585286
954,3.2352280779677947
955,2.970507900012877
956,2.941009673067178
957,3.2355988215141265
958,3.5562690697439474
959,3.5372555299952597
960,3.531056922317555
961,3.6495489263557963
962,3.8321520374050664
963,3.6858973212219084
964,4.158723799232809
965,4.157657990192246
966,3.0870284262870644
967,2.946835725823959
968,2.652558002399731
969,2.706239240389744
970,2.953450511696773
971,2.8298254503040288
972,2.7996319477287033
973,3.645413499202998
974,3.4280847798284784
975,3.4791197118126207
976,3.530051395664706
977,5.0666488192028725
978,3.7326997854019117
979,3.154142054346509
980,3.3557682414426204
981,4.359286452842015
982,3.77140346688278
983,4.233118348135143
984,4.161228707649566
985,4.483966517118104
986,4.382423804272024
987,5.974432633790861
988,6.2879929631857765
989,6.397691072094412
990,6.397691072094412
991,6.397691072094412
992,6.397691072094412
993,4.262252937249622
994,4.42984327263323
995,4.020411390743001
996,3.546991544033462
997,3.1656004739691412
998,2.8755837095773664
999,3.6710859494931247
1000,3.8914020577746933
1001,3.7684251817322734
1002,3.4689442110818693
1003,3.35087199333608
1004,5.931426561524784
1005,6.019791474117655
1006,5.506324757955947
1007,4.825130889566825
1008,4.6030171459991065
1009,4.35369563975393
1010,4.588930815240861
1011,4.425018657207305
1012,4.33421192977089
1013,3.858659617230778
1014,3.9217205131816235
1015,3.752550854872025
1016,3.5936104731429825
1017,3.140223859976732
1018,3.2053768097703195
1019,3.25542421574554
1020,3.4418714668566626
1021,3.221600996638874
1022,3.2093697504017
1023,3.357658673238306
1024,3.0310816436917887
1025,3.0979577391410547
1026,3.346403280990627
1027,3.2532026625225594
1028,3.4147349306929846
1029,3.6959702171076985
1030,4.555795377150714
1031,4.5360348963251695
1032,4.886607065760752
1033,4.985109086316667
1034,4.042123362778112
1035,6.057295470204161
1036,4.13634923134696
1037,4.003145078872573
1038,3.797211662155578
1039,3.66665438716886
1040,3.5006815570537757
1041,2.490618806185173
1042,3.4320436863335684
1043,3.2915765101234378
1044,2.3654862866192654
1045,3.246654711997512
1046,2.240975938930665
1047,2.296518996461776
1048,3.396708473226285
1049,1.960488453826449
1050,2.814645920144318
1051,2.18671429140238
1052,2.7251780821680525
1053,1.771338243266422
1054,1.7387354540908544
1055,1.7201369535124142
1056,1.72516119330139
1057,1.7439505915364149
1058,1.691873523272706
1059,1.7288992420862694
1060,1.7407312186377242
1061,1.6979041836578983
1062,1.6770956292946506
1063,1.7246946915272274
1064,1.7056976538554545
1065,1.8306751676070023
1066,1.774592642209042
1067,1.878768514217056
1068,1.9042865899431547
1069,1.9160657011987676
1070,1.7221436099347045
1071,1.7508856681601548
1072,1.8678601031399444
1073,1.7213589590031937
1074,1.8612103810328116
1075,1.7417691484679116
1076,1.5694833234461532
1077,1.5663823014723173
1078,2.0631214264369566
1079,2.2345065138162155
1080,2.236083936265678
1081,2.306247820894267
1082,2.4130362700396004
1083,2.3503605524594438
1084,2.2795091548766857
1085,2.298260406112193
1086,2.276626738506367
1087,2.363650457541283
1088,2.269804684734267
1089,2.4459504725876937
1090,2.5871000150853294
1091,2.599931032250067
1092,2.633927687927272
1093,2.7224129135453867
1094,3.036350523728934
1095,3.0525866340358845
1096,3.710364692062898
1097,4.521240864983549
1098,4.059681605276838
1099,3.82767252192958
1100,4.352917591760737
1101,4.270481271481496
1102,4.347049322233922
1103,4.297679270941631
1104,4.012916829791709
1105,4.077330603155382
1106,4.084924195406268
1107,4.017998860419125
1108,3.062244369684961
1109,4.131069859953155
1110,4.050108003363258
1111,3.9968276940102125
1112,3.8221805013299606
1113,3.9390828909180433
1114,3.912031404333528
1115,3.833626464343336
1116,3.8473611716944385
1117,3.6817991033783906
1118,3.604050347606192
1119,3.6345508733439877
1120,3.5158189198991083
1121,3.7672936496266667
1122,3.840388077137166
1123,4.416843676031452
1124,4.996856160621784
1125,5.385359892038641
1126,6.05715617285853
1127,6.137459403065017
1128,5.572079475981784
1129,5.395830218018231
1130,5.229326407995765
1131,4.918517304911637
1132,4.8481110857622065
1133,5.106325154862932
1134,4.763624518598029
1135,4.055002419076346
1136,4.314404577116439
1137,3.9921919407792283
1138,5.278306432819153
1139,5.260216107978825
1140,5.171176868542848
1141,5.502939588082047
1142,5.502939588082047
1143,5.494183798216694
1144,5.468977574385191
1145,5.494183798216694
1146,5.702571101040704
1147,5.9487112874066295
1148,6.2471341090089645
1149,6.590562982678449
1150,6.493058773238441
1151,6.493058773238441
1152,6.493058773238441
1153,6.280370480980396
1154,5.678683611147121
1155,5.45551588553481
1156,4.762744453034003
1157,4.4998284711559915
1158,4.461987518693377
1159,4.563032517982892
1160,4.604021337541839
1161,4.691612734442676
1162,4.640829987868112
1163,4.952843464645918
1164,5.184781560276751
1165,5.130452124328838
1166,5.107948212953099
1167,5.291829832310426
1168,4.867989498066211
1169,4.803344425937356
1170,4.867989498066211
1171,4.852070563924254
1172,4.840056240092829
1173,4.892475885014597
1174,4.975166332514616
1175,4.887062978310761
1176,4.696726193469417
1177,4.5208550241319205
1178,4.643198962348136
1179,4.626656643132091
1180,4.680183874253372
1181,4.648443930348958
1182,4.776959085718488
1183,4.775483019833781
1184,4.950942286005645
1185,4.786048603836422
1186,4.801904466723289
1187,4.838806065862866
1188,5.266544569686878
1189,5.266544569686878
1190,5.266544569686878
1191,5.266544569686878
1192,5.266544569686878
1193,5.266544569686878
1194,5.266544569686878
1195,5.266544569686878
1196,4.947729919424859
1197,5.383421238408081
1198,5.3736539397506915
1199,5.37730712949549
1200,5.696526319955524
1201,5.486972190223529
1202,5.266544569686878
1203,5.496655192883525
1204,5.389545822819708
1205,5.389545822819708
1206,5.266544569686878
1207,5.266544569686878
1208,5.184535812661159
1209,5.242156332095188
1210,5.2918154690109045
1211,5.103965287367445
1212,4.943211688954199
1213,4.83882918548979
1214,4.769330099973055
1215,5.0213485051550775
1216,4.951639540901013
1217,4.758833090695899
1218,4.952175465107246
1219,4.7941251298734455
1220,4.653322924475751
1221,4.649040984597236
1222,4.822501926262801
1223,3.3457300782844017
1224,3.4286592253389805
1225,3.148717542893565
1226,3.3324718596623617
1227,3.1079579115822797
1228,3.056219543826097
1229,3.263114149252221
1230,3.0617226428125757
1231,3.0617226428125757
1232,3.070892612005697
1233,2.987591349798294
1234,6.383360664329805
1235,5.68618883924356
1236,6.383360664329805
1237,5.999474743305313
1238,6.058215234645647
1239,5.3982033995953564
1240,4.415576317785634
1241,4.491097701267954
1242,2.946489704411218
1243,3.8675841129305897
1244,2.6811377406378387
1245,2.559798552901502
1246,2.5316035864581092
1247,2.9644211726510035
1248,2.5793640290462063
1249,2.687729152902887
1250,2.750093909558348
1251,2.715547395663548
1252,2.6563206957105736
1253,2.8632270705766945
1254,2.6737637130133742
1255,2.7554928653307527
1256,3.2310539078840126
1257,3.2974871752455464
1258,3.058733100956234
1259,3.1957841591482343
1260,2.977679452347017
1261,3.2820540665988935
1262,3.421052973407007
1263,3.328193306420879
1264,3.5765903257351397
1265,3.2732953710183965
1266,3.4965338066081633
1267,3.4401453021707242
1268,4.224276216078199
1269,3.376364618670134
1270,4.459911358314
1271,5.448808817075059
1272,5.1356204785941415
1273,2.7345764328441393
1274,5.187936048928779
1275,4.370808778368257
1276,4.154718470244844
1277,4.086811324072033
1278,3.9707160687909053
1279,3.9236769342913584
1280,4.078789026253496
1281,4.2116198375436475
1282,4.2116198375436475
1283,4.274156147358432
1284,4.315470982148276
1285,4.53748875279904
1286,4.53748875279904
1287,4.602897807350311
1288,4.503999174363551
1289,4.429076306627479
1290,4.381158908966661
1291,3.263739643917992
1292,4.194991139802627
1293,3.177406399975997
1294,3.668326574446508
1295,4.420014202844684
1296,3.3928123607405816
1297,3.782544511948994
1298,4.230706203315632
1299,4.2221820082124895
1300,3.9997539051416666
1301,4.300492645911425
1302,2.9471647511646593
1303,2.7974265224267385
1304,3.066386019800709
1305,2.9296164124133974
1306,2.8512707370365793
1307,2.3670357711966945
1308,2.249621423603989
1309,2.786288032775152
1310,2.627448789837966
1311,2.766221965533006
1312,2.5148532984399714
1313,3.0565309516996355
1314,2.7019783913756603
1315,3.0844188728054855
1316,3.2192947135291172
1317,3.506494580988385
1318,3.2795531506400946
1319,3.5123367392533598
1320,3.55740839711317
1321,3.8615907551053157
1322,3.7713186025526757
1323,3.7239706932672156
1324,3.6051998134772103
1325,3.8384105083035203
1326,3.869007497187212
1327,3.9551128446481294
1328,6.049721198755949
1329,3.596958744121414
1330,6.345466696955229
1331,6.30144692420319
1332,5.402720021243366
1333,5.124094584005088
1334,5.22402876542348
1335,3.9707160687909053
1336,4.397321785022824
1337,3.866224649733811
1338,3.8463203719138637
1339,3.851206435019388
1340,3.8032890373585695
1341,3.959862064950173
1342,4.078789026253496
1343,4.126706423914315
1344,4.126706423914315
1345,4.232224629578127
1346,4.033816397052359
1347,4.187295767241473
1348,4.417231343321743
1349,4.429524898247173
1350,4.252481373441483
1351,4.579805306467513
1352,4.419062457315122
1353,4.593460523584864
1354,4.366384292649171
1355,3.46334658215177
1356,3.287735294434015
1357,4.067049845520325
1358,3.041027832713724
1359,3.2240092515468355
1360,3.487861809642835
1361,3.5415979089222285
1362,3.6115014607075517
1363,3.4147936599649564
1364,3.9093460824274335
1365,3.456383394072447
1366,3.241056588275212
1367,3.0841798433320258
1368,3.0484908712381746
1369,3.00478604974388
1370,2.808533331518509
1371,2.716787950086305
1372,2.960582263557068
1373,2.9293779338025288
1374,2.1847501683264667
1375,1.913391675294438
1376,1.93306229044374
1377,2.2594570425272247
1378,2.171824180418464
1379,2.121887767341548
1380,2.2059968793733753
1381,2.1460964531670563
1382,2.3211290124962902
1383,2.275414663826836
1384,2.5324299863752096
1385,3.017284665298562
1386,2.838693626239443
1387,3.130570227757642
1388,3.2317506414638766
1389,3.2037591266911996
1390,3.4794718608753095
1391,4.796114676550708
1392,4.994404049350857
1393,4.755698079005978
1394,5.091699176505993
1395,5.162159272825221
1396,5.267478352189055
1397,5.396018279856632
1398,4.997889057871489
1399,4.2906814226518755
1400,3.1466911612048896
1401,2.7483857986896876
1402,2.820428111429436
1403,2.718108829586818
1404,2.5348348791828728
1405,2.5927094809474722
1406,2.5374147357212
1407,2.8104039336451505
1408,2.865210577998567
1409,3.2474198443703948
1410,3.722242123992946
1411,3.601115633480564
1412,3.3245946443194283
1413,3.430295470494306
1414,3.301779019333438
1415,3.1559166285860143
1416,3.3328451761791347
1417,3.381848279248254
1418,3.5388603255884625
1419,4.070965456457115
1420,3.1589372432294676
1421,3.9744064154297356
1422,4.15086840622939
1423,2.912985366835568
1424,2.8997695064255664
1425,2.9986929666550597
1426,2.5732394782099153
1427,2.9714486570157943
1428,2.8154599861452128
1429,2.673378821700505
1430,2.0761477671131825
1431,2.6387951867204436
1432,2.3117083083171996
1433,2.1343006129415345
1434,2.121591139999283
1435,2.683831039434091
1436,2.3523573009789205
1437,2.560833056656847
1438,2.936833573879063
1439,2.977974815524931
1440,2.916057380529747
1441,2.389551314035712
1442,3.086164147647254
1443,3.3660497216284497
1444,3.6206183405081473
1445,3.183910455162714
1446,2.823320883407487
1447,2.74338685119253
1448,2.8371406442281732
1449,2.6063650384511434
1450,2.471453602067078
1451,2.270180775791126
1452,1.9645612800743235
1453,1.905145099219303
1454,1.8976071730168809
1455,1.8095488404720879
1456,1.7296653711195984
1457,1.8187487587390032
1458,2.0845330190474933
1459,1.908627104271788
1460,1.8531241258360347
1461,1.8275637635870043
1462,1.783324361089723
1463,1.8408535856474342
1464,1.9959131478793062
1465,1.9234968889011201
1466,1.9712482228142492
1467,1.9783035113038905
1468,2.008201493029224
1469,1.9597957172177767
1470,2.033894919859041
1471,2.059524859107472
1472,2.0670596869910627
1473,2.0673538809675844
1474,1.9050243851129647
1475,1.91508815598725
1476,1.867227710068953
1477,1.9663943954656096
1478,2.0637418177067177
1479,2.117094778668322
1480,2.1340234444169295
1481,2.053391501302166
1482,2.068135031497628
1483,2.0547386372946823
1484,2.191537220651084
1485,1.9900280510422776
1486,1.998345547490287
1487,2.2797931846157162
1488,2.2772291170346906
1489,1.6778159582802834
1490,1.4929089075312627
1491,2.176475361160823
1492,1.96687884131542
1493,2.2294152452139673
1494,2.1725728724137303
1495,2.193702441892921
1496,2.429409640196583
1497,2.7543091844769316
1498,2.334203659372117
1499,2.429984774267422
1500,2.387122705053359
1501,2.4076589652043032
1502,2.399368789142182
1503,2.2665792810343257
1504,2.3354702189663987
1505,2.221728816007952
1506,2.123546113578153
1507,2.227356511145003
1508,2.291034988651973
1509,2.454327782406898
1510,2.176573308233629
1511,2.0468449968399574
1512,2.0924885486942353
1513,1.8532434080309808
1514,1.8142769140097095
1515,1.9334958888457567
1516,1.8337995758385255
1517,1.9705430650651383
1518,2.0025223917420454
1519,1.9613828166203708
1520,1.983874162079976
1521,2.0550221177922037
1522,2.035124471791444
1523,1.858205559618667
1524,1.719603278916386
1525,1.8318825208035556
1526,1.7639207231808507
1527,1.8465982650510282
1528,1.8132084893344127
1529,1.938992218458328
1530,1.7434860723391299
1531,1.9825759313732474
1532,2.3941261543508494
1533,2.2215519754173156
1534,2.1946630574511854
1535,2.2186590448433194
1536,2.2682083131127797
1537,2.3130896872054563
1538,2.4545939445171383
1539,2.492144913124911
1540,2.5316096666376513
1541,2.4705253297355787
1542,2.436981089266457
1543,2.430403581399221
1544,2.4256130495750123
1545,2.4298534423869795
1546,2.4533006000208735
1547,2.457897339846145
1548,2.4199404020471014
1549,2.408868593774116
1550,2.3263129042229065
1551,2.3251256905592155
1552,2.5424407695038798
1553,2.5000343471373463
1554,2.381503180346955
1555,2.3532804496070616
1556,2.260003604242877
1557,2.248296081229004
1558,2.2990874533657117
1559,2.7415338746399525
1560,2.6716332119204056
1561,2.557648638805976
1562,2.1278044960542597
1563,2.111787320026892
1564,2.257504904599351
1565,1.987869924924561
1566,2.625472470764716
1567,2.018148916216563
1568,2.1835287538779706
1569,2.148089933807251
1570,1.9562897057452329
1571,2.030548970349418
1572,2.00299849327955
1573,1.9700735939014695
1574,2.47314253240833
1575,2.3577211135412264
1576,2.500891669654647
1577,2.468803803859366
1578,2.5849366864155203
1579,2.3882539888822274
1580,2.2844080738984816
1581,2.2467628935730044
1582,2.321650259143696
1583,2.293097312056573
1584,2.0792960004064374
1585,2.097811195457417
1586,2.050067546736924
1587,2.0060704701896177
1588,2.028759757546414
1589,1.9989755775103977
1590,1.977131207500816
1591,1.9394848626776375
1592,2.071234694629063
1593,2.043182579189361
1594,1.9907914729015315
1595,1.915436569989014
1596,2.376631617241098
1597,1.7814134310713015
1598,2.170211288717737
1599,2.4632887576657505
1600,2.3012512864206207
1601,2.432005333724115
1602,2.013378798860544
1603,2.4812244552873386
1604,2.8166355758770405
1605,2.015709783654565
1606,2.573627763643411
1607,3.102682948347344
1608,2.0528033950492732
1609,2.2867767735245357
1610,2.1306408117887936
1611,1.81453413917446
1612,1.7356066776183823
1613,1.7512858109683151
1614,1.8913469082213377
1615,2.0750666755110037
1616,1.781454687184933
1617,1.8956201001228201
1618,1.8522869894454725
1619,1.9089577947749585
1620,1.8810713332078588
1621,1.9585877163585765
1622,2.0095034237736735
1623,1.9363861416419652
1624,1.9769407239838088
1625,2.134884287125331
1626,2.361206873688088
1627,2.008460146907236
1628,1.8336624439697402
1629,2.1321933313921435
1630,1.7863017304080113
1631,1.85501741967487
1632,1.9418731825532947
1633,1.992621795284836
1634,1.9329583922128624
1635,2.123307329064753
1636,2.2132829393151803
1637,2.239079922456916
1638,2.351582305736871
1639,2.2107053705211577
1640,2.199890546692266
1641,2.6895629980572373
1642,2.5337592051999107
1643,2.0789194334799697
1644,1.6770793603782725
1645,2.0003222308206756
1646,2.0511284352536534
1647,2.144343611268974
1648,2.240640563685227
1649,2.104853901380084
1650,2.191307884168341
1651,1.9976246668336883
1652,2.1147986290080243
1653,2.275336308472948
1654,2.0380481227250966
1655,1.9439390302370205
1656,2.0098152480366416
1657,1.9125858890374259
1658,2.149660533333978
1659,2.1685617639689156
1660,2.0562092159974084
1661,2.1488970083915615
1662,2.208065568447012
1663,2.132284221049238
1664,2.1790540443215205
1665,2.3152885874698628
1666,2.06365348891941
1667,2.078268744315939
1668,2.003382908488506
1669,1.875694104984773
1670,1.6985270153492398
1671,1.6513317140590604
1672,1.6065188025451063
1673,1.7357519808743946
1674,1.517235160908582
1675,1.5231389185079305
1676,1.871083570615208
1677,1.7353541522661697
1678,1.711168701539249
1679,1.771107355369547
1680,1.8312730610933385
1681,1.6559567191448727
1682,1.3394402253609397
1683,1.4111797689183816
1684,1.404997795611795
1685,1.4400842514870322
1686,1.3562278750335877
1687,1.421001089340154
1688,1.423746915734321
1689,1.311824367607918
1690,1.3487689284595175
1691,1.3942029304661914
1692,1.508236271911534
1693,1.7666864280797763
1694,1.8768846312583483
1695,2.048370878279897
1696,1.9849423258911427
1697,2.3386228145146
1698,2.4631100805003676
1699,2.5249986527703743
1700,2.354341675950881
1701,2.381314756195823
1702,2.6612454811660493
1703,2.52460728920665
1704,2.548213639477826
1705,2.573648297366318
1706,2.739178683573818
1707,2.827932331918926
1708,2.780733889299904
1709,2.723022070840116
1710,2.64367866865918
1711,2.4031983178448053
1712,2.3168306932280283
1713,2.3214820474436446
1714,2.1617147972106494
1715,2.2782483424199613
1716,2.1680331840401954
1717,2.2375041039818826
1718,2.08119228207635
1719,1.5531628940178044
1720,1.6580864529150472
1721,1.5755225990143418
1722,1.5610906080397013
1723,1.5968839409657114
1724,1.5755225990143418
1725,1.5968839409657114
1726,1.612562611325822
1727,1.8971750926846505
1728,1.6237043827584525
1729,1.6237043827584525
1730,1.6237043827584525
1731,1.6237043827584525
1732,1.7131087049759888
1733,1.742877783692436
1734,1.8005231737633576
1735,1.9457976612992778
1736,1.873720280253715
1737,1.931365670324637
1738,2.0476475908734812
1739,1.9798242658137675
1740,1.9686824943811372
