,0
0,5.027087902350246
1,4.99711929905352
2,4.4055575802367475
3,4.340045824162491
4,3.7471521694985688
5,3.667903088040154
6,3.6309391123457098
7,4.1433594262477955
8,3.6758337055996773
9,3.8744723017981277
10,3.513297453339307
11,3.720865635203416
12,3.6417867430646638
13,3.352769415977705
14,3.3693028386406025
15,3.035180760720874
16,2.9784840302521087
17,2.906741127751018
18,2.996115482140461
19,3.0349002809295533
20,2.989458573518176
21,2.8588800132065533
22,2.7574310885913085
23,2.486309911954273
24,2.334124836511276
25,2.395799142249981
26,2.288882610353464
27,2.0656069089867573
28,1.9959129261311654
29,1.8748590656115822
30,1.7263413247234765
31,1.6547897491045875
32,1.6279453133861816
33,1.5322536385974044
34,1.5376967366028023
35,1.501225245896911
36,1.447569526690265
37,1.503679201995588
38,1.5010849990970372
39,1.4500133402785131
40,1.290277429176482
41,1.5015419511670183
42,1.5622290283561338
43,1.621665509920754
44,1.8275639751996369
45,1.7444673587448911
46,1.9117848545739484
47,1.9682963082371443
48,2.0188016653690988
49,2.2819796412078546
50,2.73848966594047
51,2.829004554387251
52,2.7903500889616657
53,2.8861154218558047
54,2.7859180750973564
55,2.785505572629822
56,2.7097540793892496
57,2.690039307405117
58,2.6155163798739682
59,2.254965104258426
60,2.116081553877664
61,2.1346572873667014
62,2.1446378923489506
63,2.1739031822806107
64,2.4558851017756558
65,2.5219476344954876
66,2.5789766825810028
67,2.729976498669227
68,2.9729449548160876
69,2.8837299938350367
70,3.0061072436603893
71,2.840635565749954
72,3.3681402201547677
73,3.3356815288780988
74,3.0085411369621133
75,3.047426860441455
76,2.8874033659242264
77,2.878886578110645
78,2.6068255776949334
79,2.495909994428774
80,2.6282990890377875
81,2.382145156042783
82,2.527400285847763
83,2.267025724417911
84,2.293380158281518
85,2.1255832114023603
86,2.2687802331933926
87,1.9779828346069581
88,1.8228984189100566
89,1.8893773233693025
90,1.8262807351845982
91,1.716277833768105
92,1.8945063441146277
93,1.9252388215089598
94,1.9970104962421633
95,2.297572302455697
96,2.5812461841684438
97,2.3252363121233945
98,2.278702862809058
99,1.979130231528713
100,1.9816013776046109
101,1.8695316973895926
102,1.7345683836125037
103,1.5806058777957754
104,1.6284382454615685
105,1.6036899337753956
106,1.6117779039667328
107,1.7282943339766643
108,1.764393676011389
109,1.9647222051527171
110,2.038036064466511
111,2.1448878042352497
112,2.2771033799864675
113,2.362709685393198
114,2.7881585644459244
115,2.781468991325009
116,3.2765967620421597
117,2.735854840890342
118,2.636563165228898
119,2.8834263580280934
120,3.0965981676368255
121,3.035777200697564
122,2.8583140858653504
123,2.7493525298691837
124,2.847689425350007
125,2.868147582885946
126,2.752636711112286
127,2.764741148487641
128,2.8254441302763738
129,2.781340571035631
130,2.6309143236981614
131,2.8951353302246354
132,3.177538218692221
133,3.1527209411429564
134,3.532674989740492
135,3.242877548254109
136,3.1177116372916145
137,3.106264739586376
138,3.275038611800618
139,3.3733085582256916
140,3.614421087137548
141,3.6811210484036576
142,4.115610817474603
143,4.070386788785901
144,4.097534985718888
145,4.128290110351889
146,5.08107877715143
147,5.26148277180029
148,5.718801355685843
149,5.696187290976078
150,6.08435550745722
151,5.713470289304601
152,6.053367028646904
153,5.631769785699341
154,5.69997027951267
155,5.492062444488304
156,5.43488371605592
157,4.983643509219779
158,5.203564455125695
159,4.911623206839616
160,4.891712643017709
161,5.313866469674831
162,5.3787008060701424
163,5.571684987211581
164,5.595791953898133
165,5.571684987211581
166,5.031133510793991
167,4.8524228433011185
168,4.526669088111034
169,4.570569721280969
170,4.053367259914134
171,3.977707126718311
172,4.659315462820828
173,4.730235799119071
174,4.715898585066784
175,4.768198527626977
176,4.780814634346345
177,4.780814634346345
178,4.780814634346345
179,4.572120060310434
180,4.831450308831882
181,4.683533142747711
182,4.7812763713869435
183,4.231416862195039
184,4.036155145210692
185,3.996257236007826
186,3.582933650256646
187,3.682056821067387
188,4.049861780801952
189,3.87167150174362
190,3.857156823713317
191,4.1643554363033015
192,4.664245584155303
193,4.231635991332563
194,3.946020239335417
195,4.547966909007782
196,3.4414036298879855
197,3.4279591200844637
198,3.4996857134533106
199,3.4456307115283145
200,3.0180130256381754
201,2.914232018271718
202,3.0979173004052543
203,3.3776512817011537
204,3.476308045620638
205,3.2342202005879837
206,3.38112303437189
207,3.2489137267398975
208,3.414095256594112
209,3.267707985008706
210,2.899784946405968
211,3.0623647816872404
212,2.942212520134323
213,2.900427019067921
214,2.8340501996986456
215,2.6403455599122774
216,2.430556953393443
217,2.625343493377977
218,2.2660421730114946
219,2.3368981548929324
220,2.32861434370701
221,2.303648817438235
222,2.289884501448041
223,2.373025278292177
224,2.301943277117311
225,2.3226050418231936
226,2.3372901606674703
227,2.7146849685576844
228,2.801264273447298
229,2.8557251435872972
230,3.164961129015404
231,3.2026792721520403
232,3.1285376684643116
233,3.138732892565492
234,3.1140211646388356
235,2.956690121233381
236,2.980588282195309
237,2.8855297212209194
238,2.458173132106067
239,2.5960224581101983
240,2.332033694336841
241,2.2005229689938246
242,2.2676377872001905
243,2.264346208433531
244,2.062093310987144
245,2.070892250386412
246,2.0567130960437274
247,2.0862004390621416
248,2.204063417787228
249,2.2710171886536825
250,2.3627295181974395
251,2.3738410922715136
252,2.58012354268929
253,2.423450927060617
254,2.279806795352484
255,2.2981542454772
256,2.373960492786988
257,2.303335586845969
258,2.3336076975106357
259,2.189141124750249
260,2.2365235298238395
261,2.27413893161017
262,2.3075790631948565
263,2.3367966558581013
264,2.30634546684433
265,2.317805415302001
266,2.317443202541265
267,2.2540367665814203
268,2.2221575097985946
269,2.2390092774094468
270,2.3721601237715504
271,2.810239290061674
272,3.7602011633687877
273,3.8176691801083122
274,4.755014166210443
275,4.102243214988603
276,4.6794659018548765
277,4.703605885434515
278,4.610744310222823
279,4.785762653983814
280,4.903040327261304
281,4.982034232436012
282,4.578355508654192
283,4.374988981142998
284,4.170781191448027
285,3.9833824849464006
286,4.004457938225637
287,3.953667537116371
288,3.432396808286777
289,3.390018809549403
290,3.074010260863853
291,3.0952992414920573
292,2.9897039288757647
293,2.8319029571513807
294,2.8407741756565614
295,2.829115915081099
296,2.7681396864882575
297,2.832325136761496
298,2.7252916468781034
299,2.6716559274817904
300,2.2933293873140568
301,2.3341618949076404
302,2.2946021064411664
303,2.2820586603618245
304,1.9787154376656098
305,1.9863978010741454
306,1.9742873884707366
307,1.9976135718652204
308,2.003180227871465
309,1.9525888006002539
310,1.8015641368021944
311,1.709164164260501
312,1.6522963277231022
313,1.608223666180583
314,1.5602839177144263
315,1.5755178235773861
316,1.5223871940237148
317,1.475913912363247
318,1.4309629187235582
319,1.4978519175278462
320,1.412845106165538
321,1.3907083023821498
322,1.361131111848022
323,1.262604709744315
324,1.1979205277064073
325,1.1951773124093792
326,1.2205288048536045
327,1.1707812467776422
328,1.15528468049796
329,1.087863092120535
330,1.0624033688091636
331,1.0659659563374726
332,1.009918476082389
333,0.9773982713557529
334,0.9535721961505879
335,0.9485775030746223
336,0.9557264279987939
337,0.889665426562638
338,0.886209321169734
339,0.8907026839623239
340,0.8076292027182866
341,0.8544289191132451
342,0.8654110971020923
343,0.8036252045334016
344,0.848321993497666
345,0.855823669757566
346,0.8710234595600059
347,1.0016420566053321
348,1.0672300849193062
349,1.191643981546933
350,1.544679676699445
351,1.6695468572473657
352,1.710862212222555
353,1.6486246329803318
354,1.8496532150433842
355,1.9757345925814138
356,2.098525558329991
357,2.0640411143985937
358,2.213453721348729
359,2.157350780701601
360,2.0988317752394767
361,2.1538324239368047
362,2.123269670712706
363,2.031628183999943
364,2.0565568770467726
365,2.0880097959043424
366,2.034428376358332
367,2.1530661095034676
368,2.0665273360338237
369,2.0378549129019077
370,2.201031914295104
371,2.4295100692430824
372,2.0319772686033697
373,2.0694548602345515
374,1.8182188020306924
375,1.7883279101472167
376,1.7504121958651309
377,1.6526606999500582
378,1.5134677170925193
379,1.4353061539151666
380,1.4501198973809515
381,1.4995226541974411
382,1.4861276370168561
383,1.3376201462691601
384,1.338174343186616
385,1.1574500537395538
386,1.10207723607957
387,1.119432701409612
388,1.1181929453325046
389,1.1060057224453799
390,1.0701133664665057
391,1.0073083075904594
392,1.0131104656845584
393,1.0228722756191915
394,0.9637080423328201
395,0.8400505873849761
396,0.8808754696334536
397,0.8274866176672234
398,0.8129326497284871
399,0.8030703795035776
400,0.8134132453449758
401,0.7756672846682444
402,0.8148876574759598
403,0.814823444396874
404,0.8541828138687078
405,0.8135458672628837
406,0.7477843269859327
407,0.7426821370771995
408,0.7860441374180885
409,0.7528852558027856
410,0.7440559017979655
411,0.7352850471204142
412,0.7345080886587079
413,0.7174439415123685
414,0.8184662636939762
415,0.8630480429056667
416,1.0726733287818917
417,1.5014252978546057
418,1.937166610426328
419,2.5582402743382127
420,3.4460769872657817
421,3.694258853953676
422,3.9787576810532084
423,4.992590838622683
424,5.61533491248811
425,6.947957365551115
426,7.319484847444223
427,5.649450051506305
428,5.298750786535165
429,5.284077491080619
430,5.284077491080619
431,5.508902301686681
432,5.508902301686681
433,7.097574645793397
434,5.687443752223121
435,5.535788926851779
436,6.130890364618744
437,5.87425839433694
438,6.062308151871072
439,5.7550635712687495
440,6.048393456422639
441,6.073893334098879
442,6.142959253771417
443,6.141837763480518
444,6.088831690606025
445,5.953370162665596
446,5.994728910506017
447,6.281707492195974
448,5.858565448967556
449,5.966959311394547
450,6.044897436811572
451,6.001450839945491
452,5.937200961192118
453,5.95024132577545
454,5.682535245001936
455,5.331416000002911
456,5.390681028159515
457,5.577859968604016
458,5.6143922266685315
459,4.876230446844052
460,4.876108412036041
461,5.256068412952141
462,4.756450857694739
463,4.673833400394262
464,4.570569721280969
465,4.2372197748694065
466,4.587065256995254
467,4.659696202035357
468,4.411003553903992
469,4.608925401493266
470,4.71813010008782
471,4.210194774869406
472,4.34239150453367
473,4.383337017354184
474,4.734546839926618
475,4.122950633906722
476,4.145147709711447
477,3.5285209415572996
478,3.51965338203349
479,4.056961163040525
480,3.5120217006666112
481,3.682234215211843
482,4.006422095857708
483,4.773484704720277
484,4.83116960055361
485,4.872957891777441
486,3.4179648335469572
487,4.161585813901954
488,4.161585813901954
489,3.3977464625786062
490,3.3977464625786062
491,3.050681037196539
492,3.3965697643706383
493,3.226269775334768
494,3.183264267937571
495,3.398236273209022
496,3.398236273209022
497,3.1502805943399275
498,3.363893993628919
499,3.3083740231224077
500,3.153169188369931
501,3.0350728520786756
502,2.8803519940328908
503,2.9126271290913017
504,2.667324444475644
505,2.9564131137502843
506,2.7912737410868362
507,2.897919004174144
508,2.6741848343926664
509,2.6037292823831724
510,2.857328560032677
511,2.6910756611696947
512,2.527398955463658
513,2.7252528386279757
514,2.59940384628433
515,2.7972798419574834
516,3.0634927574774045
517,3.1453204458252415
518,3.738423416678772
519,4.120801969586862
520,4.3541740490618075
521,4.7321060764117275
522,4.905657238002774
523,5.147878092154554
524,5.054294061104863
525,5.085479066840419
526,5.121298336709405
527,5.526269219128346
528,5.163177921239414
529,5.204610511883239
530,4.580625078225396
531,4.88659114269603
532,4.813480662322263
533,4.692491573568668
534,4.755966594988845
535,4.7588811455142235
536,4.836576187077981
537,4.046835738139901
538,4.1881307221600705
539,4.3965793775501085
540,3.660033315519106
541,3.9385177089983596
542,3.9252328503881406
543,4.278455054821957
544,4.278455054821957
545,4.44503771619841
546,4.411670852965633
547,4.3768482658266885
548,4.5181783135751274
549,5.046772783437453
550,4.865690008143954
551,4.508229611910554
552,4.367562188278856
553,4.077143164396032
554,4.247348953321227
555,3.5165384047636463
556,3.948743493071325
557,3.829147694653644
558,3.826668685165708
559,3.739377514183213
560,3.3098713087429306
561,3.824112759172932
562,3.3956359945336096
563,3.374927619272727
564,2.6493708675152363
565,2.610791062296684
566,2.6503216769716236
567,2.5409105935484804
568,2.5745690756135406
569,2.5020842523251514
570,2.537524232236666
571,2.8659871441763056
572,2.8857990675662504
573,2.645123883253229
574,2.830414435390215
575,3.1147438582677074
576,3.2047089873531074
577,3.087710039328831
578,2.892420164037183
579,3.066247333477413
580,3.219237030629963
581,3.744516925166913
582,4.397186378637629
583,5.46709769322097
584,5.443423817072695
585,5.224150833952015
586,5.175453037304005
587,5.106769816874186
588,5.088423488515295
589,4.960157882497322
590,4.521782279785569
591,4.526627609338086
592,4.537467073864303
593,4.354810592298604
594,4.3775030406794695
595,4.329102168632959
596,4.579379249352547
597,4.323854449280012
598,3.871200395469702
599,4.426978329829893
600,3.4499543893924822
601,3.780403940913375
602,3.717743919337851
603,3.4411419887311916
604,3.943928072077141
605,4.013379037091995
606,4.164108865212266
607,3.4890320559849117
608,3.50523033184698
609,3.38812033746098
610,3.4758010117441827
611,3.170517149499751
612,3.103805140172266
613,3.131119794106919
614,3.1512676466524683
615,3.141870861643563
616,3.0043693933880014
617,2.893308017083349
618,2.862662800868927
619,2.9004870763942994
620,2.6467086781802682
621,2.7481343240086304
622,2.8807886777393015
623,2.8853885915967425
624,2.8157571119699742
625,2.642427621592404
626,2.815627228461315
627,2.539752512147088
628,2.4032301230962223
629,2.3595632159474897
630,2.2799423044019127
631,2.227414050602062
632,2.1518153732447165
633,2.0767057351748845
634,1.973507514228952
635,2.029228447529133
636,2.0977105098735755
637,2.2751831734270973
638,2.1929811712398144
639,2.190471064540668
640,2.167995533780646
641,1.974304056012002
642,2.060312364684886
643,1.9064498365096385
644,1.848124896180749
645,1.8998279581652124
646,1.8290529858263838
647,1.930088129013495
648,2.2164293051130604
649,2.0052561405058773
650,1.7319208726139566
651,1.736481829771389
652,1.7037950079807072
653,1.6724135585526674
654,1.690633113359006
655,1.5239710255850847
656,1.5273997253447846
657,1.5422471012831116
658,1.4974137916350714
659,1.4789660535236588
660,1.4718322762948306
661,1.4883776815475982
662,1.3737116517186347
663,1.3046409331144273
664,1.2495347239735817
665,1.2383888209206264
666,1.2354827274051703
667,1.2339706525154057
668,1.2456160622574661
669,1.2454609776722239
670,1.3058780830095096
671,1.2949220143390976
672,1.5552511828699744
673,1.754125305985559
674,2.1789400256567113
675,2.293594628691638
676,2.578606817399261
677,2.7671248221299805
678,2.7938066316124432
679,3.1348149619481527
680,2.9777315291202937
681,2.907044458188445
682,2.7398189799458352
683,3.0419637017037338
684,3.420743725296933
685,3.628986317205473
686,3.6719135449282576
687,4.132336935648171
688,3.4772183912150387
689,4.039898292683238
690,4.560041378157282
691,4.35601853225164
692,4.362402650247043
693,4.368747723647375
694,4.352442437715415
695,4.870320715385374
696,4.7837951810081645
697,4.587150428938682
698,4.380811822045752
699,4.870903759703008
700,5.120241977703071
701,4.67566228976897
702,4.357054472741095
703,4.640905481114359
704,4.254169030909492
705,4.151936968164525
706,3.768575596919439
707,3.873723973989074
708,3.7623827448299
709,3.3528642904131796
710,3.6514920842150382
711,3.6527785033879705
712,3.3854290938772422
713,3.3577188881548197
714,3.1205035224883075
715,3.1177023878155663
716,3.106372356647692
717,3.087830572409893
718,2.9180275664242132
719,2.775137227869029
720,2.6402585039791733
721,2.8071201858931905
722,2.7426283710978563
723,2.4539337614366525
724,2.33564113443801
725,2.300081706019206
726,2.3242452783247116
727,2.0689759626785458
728,2.0362928735301016
729,1.8538022066648978
730,1.802440518903305
731,1.7709885713149942
732,1.5651566140078952
733,1.740814799978823
734,1.7362503073545632
735,1.5620357843447488
736,1.5324776118421606
737,1.4962606224333088
738,1.7271585472102147
739,1.7557660772592836
740,1.9517729419634342
741,2.1054994345457168
742,2.12074291367147
743,1.8881703955921678
744,1.959438280544825
745,1.7613542546634298
746,2.0847309643845118
747,2.674152447866513
748,3.413031675144772
749,3.115929911530218
750,3.157276349799476
751,3.003883558830451
752,3.5228053697363393
753,3.6782182154156438
754,3.653915927594729
755,3.6044280555636923
756,3.6294277970883995
757,3.673683251069148
758,3.8707376613592572
759,3.8024238232931724
760,3.9596474292170694
761,4.197840491094157
762,3.599497461437268
763,4.150360009875679
764,3.7754888961872877
765,4.072990196697996
766,3.4042645742494777
767,3.3608390867194156
768,3.5027874266310293
769,3.2826602352475818
770,3.168098608310698
771,3.003187590397817
772,2.876603666360332
773,3.116251786519685
774,2.891022252249142
775,2.9697746042663256
776,3.176677155664406
777,3.461745391793411
778,3.108310000732113
779,3.115712233872982
780,3.014927969520012
781,3.1234385440487364
782,2.9728045303279624
783,3.425952457173116
784,3.175848114174101
785,3.213772215880004
786,3.04854385115085
787,2.8376825383299398
788,2.5923061928020537
789,2.408251873244613
790,2.2659846039229508
791,2.192712413654362
792,2.0952216213363015
793,2.189930694879166
794,2.288403012153489
795,2.1380524841515554
796,2.0289744621603316
797,2.0249280423270113
798,2.0187787012742806
799,1.9029418789839736
800,1.8720392787963436
801,2.067924855797058
802,2.2479413556939924
803,2.5383655223540855
804,3.0461612707820875
805,3.335439951337563
806,2.931081469737684
807,3.193586066025013
808,3.3252246718237575
809,3.4137812365859515
810,3.647592397503492
811,3.2812594755053786
812,3.3924874046356486
813,3.950151598818141
814,3.9378193916798097
815,3.47514792083742
816,3.5012523386050813
817,3.5118246759247516
818,3.083684344613429
819,2.8997593063182174
820,2.9115055728271337
821,2.6243947318599528
822,2.3375023413145115
823,2.292529235847398
824,2.0283246427507735
825,2.223957570901717
826,2.2576540127448985
827,2.249488731942876
828,2.2706090066848343
829,2.0007309063508965
830,1.9550057271402552
831,1.8740023303907805
832,1.8458234739716404
833,1.8632634074701147
834,2.4013840460235616
835,2.5026631281698317
836,2.093992637671865
837,2.340279233608918
838,2.692986834974629
839,2.768526783015618
840,3.1634217296535594
841,3.6414595895713022
842,3.596086292307958
843,4.333618753587107
844,4.252240440478647
845,4.303500401216856
846,4.4837740264233386
847,4.467864166824296
848,4.396133503250093
849,4.226959380514239
850,4.132560639016402
851,4.459841218358082
852,4.278739711617219
853,4.787990521192568
854,4.367402249372698
855,4.888580101865028
856,4.917453352700449
857,4.847072836042264
858,4.836250575173298
859,5.072322150803566
860,5.2199836822036305
861,5.031070550471833
862,5.128846318015694
863,5.800102586175082
864,5.466862408351906
865,5.786891659772205
866,5.144379985433973
867,5.185201599849462
868,5.559953382335757
869,4.858824565087481
870,5.1904421637106655
871,4.89990937816046
872,4.804558112267175
873,4.689199721854494
874,4.4279166525176015
875,4.859181793648719
876,4.38987105056798
877,4.333000554738931
878,4.331339061720002
879,4.35964352017652
880,4.333271473820099
881,4.338314834244001
882,4.609193901446238
883,4.368431874461848
884,4.151672598197018
885,3.80164045888731
886,3.367251702276966
887,3.086486668964702
888,3.163070881462506
889,3.0359305837688937
890,3.043358503996814
891,3.1193282919821264
892,3.043699816387527
893,2.8978076947624376
894,2.549422047418274
895,2.3932216817669367
896,2.7970676100207745
897,2.3250644790140553
898,2.328299213255515
899,2.259459622173047
900,2.0298512770998176
901,1.9531421913449916
902,2.0138087922629797
903,2.049985834087676
904,1.860674895593895
905,1.8059480065186995
906,1.694736871418055
907,1.603594561860758
908,1.583186635185957
909,1.840953681092349
910,1.960441914779834
911,2.134287928561347
912,2.3880957907575997
913,2.521466368910572
914,2.533477855397059
915,2.670597649609492
916,2.6979974118498484
917,2.3888392553849678
918,2.3773421570361686
919,2.368229736330262
920,2.3483447848033636
921,2.5610092268203797
922,2.566383550817719
923,2.769758646469375
924,2.6727609034635327
925,2.6179730889035406
926,3.1426773303544264
927,4.476369090847955
928,5.321068534231267
929,5.677933069796616
930,6.233856181688569
931,6.435240751066559
932,6.040498247635032
933,5.552802522343062
934,5.552802522343062
935,5.552802522343062
936,5.552802522343062
937,5.552802522343062
938,5.370275664194929
939,5.357600792295783
940,5.082677938010881
941,4.9668135805468685
942,4.782698306183141
943,4.798524225593218
944,5.255489595218151
945,5.031301638558019
946,5.336612201765321
947,5.595791953898133
948,5.326131161065646
949,5.317795237479606
950,5.129095294383292
951,5.299863252185489
952,5.517220743852948
953,5.553753001917464
954,5.11448596648648
955,4.939876835931524
956,4.799631598632059
957,4.63987816066182
958,4.855729075562872
959,4.872369845825129
960,4.207561852812174
961,4.339375996788877
962,4.543544281259111
963,4.141645076700901
964,4.190723637158109
965,4.049000817100117
966,3.9729008702596427
967,3.9753627256656885
968,3.9322347851469055
969,4.068321023942822
970,3.5686889411422578
971,3.545256640665338
972,4.4804073530274655
973,4.63377973721119
974,4.906175128651071
975,5.271313267790303
976,5.2892873855427895
977,5.517220743852948
978,5.6143922266685315
979,5.571684987211581
980,5.6143922266685315
981,5.63232421196265
982,5.63232421196265
983,5.63232421196265
984,5.63232421196265
985,5.63232421196265
986,5.63232421196265
987,5.918635367876628
988,5.63232421196265
989,5.63232421196265
990,5.63232421196265
991,5.571684987211581
992,5.571684987211581
993,5.154123299639439
994,4.892606610054946
995,4.708452998532108
996,4.7012644533223575
997,4.792331623433645
998,4.792554689678168
999,4.740970477031738
1000,4.807416625237398
1001,5.272563948666427
1002,5.397193462106916
1003,5.553753001917464
1004,5.221891809747162
1005,5.282147958406687
1006,4.958353910712997
1007,4.8911593002074625
1008,4.167097132464806
1009,4.630637534036712
1010,4.190126108015548
1011,4.144038334453153
1012,4.142832613450019
1013,4.521682598172567
1014,4.778384610735315
1015,4.149050300750252
1016,4.050565021376872
1017,4.150473952305528
1018,3.79085064950113
1019,3.4626770008872563
1020,3.417233317270517
1021,3.437998140242434
1022,3.4285209035293915
1023,3.0750166995448502
1024,2.9409202147678712
1025,3.1305226203318606
1026,3.219930265220783
1027,3.2233150845841267
1028,3.0941577430148595
1029,2.9158428945666572
1030,2.7628511758275827
1031,2.3314492675581517
1032,2.4526373374570083
1033,2.318964927591642
1034,2.3392126163204408
1035,2.2890315534648344
1036,2.348232122434877
1037,2.363042212858139
1038,2.312406270208038
1039,2.318535230461494
1040,2.3762681424240317
1041,2.3732420549066187
1042,2.2367677089196
1043,2.154656744395196
1044,2.3265912031181943
1045,2.0337451940951987
1046,2.02965721156549
1047,2.1833916212228694
1048,2.0312061091692453
1049,2.0192453414953393
1050,2.184173290282928
1051,2.3860139624424344
1052,2.379677363612726
1053,2.4252813811478724
1054,2.4611147892857193
1055,2.6736882648088987
1056,2.4440896820894826
1057,2.5412776360574636
1058,2.4078316927505217
1059,2.325314367187833
1060,2.539465320918043
1061,2.4605284137238836
1062,2.3912138988197778
1063,2.4832320610428877
1064,2.6093848031393274
1065,2.6791813109074494
1066,2.6778311615349066
1067,2.901188348251945
1068,2.912321218250304
1069,2.90570828707332
1070,3.0231284829799403
1071,3.349250890744491
1072,3.7463045406263835
1073,3.713694709051708
1074,4.052855227830231
1075,4.085742605315794
1076,4.390940349267959
1077,4.356944720577537
1078,4.324509757290494
1079,4.382400558289595
1080,4.248739317158119
1081,4.109108979859244
1082,4.28625804389038
1083,5.284077491080619
1084,5.947643990959727
1085,6.598858161609682
1086,7.524372990197285
1087,7.926686008682179
1088,8.011012931759103
1089,8.011012931759103
1090,8.011012931759103
1091,4.6402794563230065
1092,7.55717101950469
1093,8.011012931759103
1094,8.011012931759103
1095,7.770425765546935
1096,8.011012931759103
1097,7.931301757516677
1098,7.564767464726135
1099,7.2426986329048155
1100,6.921324933207945
1101,6.571451322443384
1102,6.514762440686146
1103,5.677256858263716
1104,5.63232421196265
1105,5.4579403035916085
1106,5.4579403035916085
1107,4.807354926871105
1108,4.779036066382663
1109,4.446549770629008
1110,4.212512971371587
1111,4.010226870420648
1112,4.0647347540211225
1113,3.503261020802767
1114,3.5034202268838475
1115,3.286948680316929
1116,3.355597851717331
1117,3.2925895766299003
1118,3.4371251167117203
1119,2.9555493589783626
1120,2.9281859959671417
1121,2.844278878104678
1122,3.0466356482501076
1123,2.7878215376909306
1124,2.866503365709774
1125,2.7667047365911634
1126,2.7873432803551625
1127,2.779560111907762
1128,2.7449583585870516
1129,2.7897091617546828
1130,2.6196069283925314
1131,2.5960314237341464
1132,2.728251762581901
1133,3.1648246675618106
1134,3.1197822792244154
1135,2.891168488692826
1136,2.7051097245269045
1137,3.16531458258175
1138,2.8540672411430767
1139,2.7385111788749152
1140,2.7256437296341653
1141,2.990886159840186
1142,3.03497625191039
1143,3.1768596139186496
1144,3.080385675484314
1145,3.234829881117696
1146,3.2376203052394836
1147,3.235389189549075
1148,3.4041107702717692
1149,3.506645688149811
1150,3.33905651898175
1151,3.274735375238511
1152,3.534133115051337
1153,4.005672359002206
1154,3.3634867115340454
1155,3.3423204044310606
1156,3.7347025229958133
1157,3.686198735117025
1158,3.686198735117025
1159,3.393052011990146
1160,3.1738623302218056
1161,3.130087971610163
1162,3.0482618275769955
1163,3.119292178610777
1164,3.287467485271377
1165,3.208726740210645
1166,3.36664764654202
1167,3.5339977709413732
1168,3.686198735117025
1169,3.3799376140113795
1170,3.1977335214090763
1171,3.287467485271377
1172,3.10766455962624
1173,3.236743850960221
1174,3.240757130487912
1175,3.1086944064283193
1176,3.0727951400443207
1177,3.1568296968628653
1178,3.2064615918027
1179,3.15195361605245
1180,3.198321277350728
1181,2.9244349328463946
1182,2.919490529600308
1183,3.01792892936821
1184,3.272819733078395
1185,3.219250351901972
1186,3.1162552694982
1187,2.979439792322399
1188,2.9601696542606053
1189,3.2072536454643545
1190,3.2055236059464023
1191,3.225437067484864
1192,3.148188161129314
1193,2.980858083920989
1194,3.065763319135345
1195,3.064112393450729
1196,2.937971500851514
1197,3.066435555759911
1198,3.031376998732262
1199,3.047125052074407
1200,2.6569900418587107
1201,2.956477568735176
1202,2.8457930178251454
1203,2.7504078478661875
1204,2.9739840791518426
1205,2.455522672970942
1206,2.9739840791518426
1207,2.6647121799028057
1208,2.524384606660491
1209,2.9619664525454
1210,2.9837371415621825
1211,2.802221947527269
1212,3.1256300885783097
1213,2.954671775313302
1214,2.943461487458404
1215,2.494931223879673
1216,2.881252011693983
1217,2.791260564897232
1218,2.734812541047208
1219,2.6716425756593405
1220,2.8615601639534973
1221,3.0437787049025533
1222,2.7242979772105467
1223,2.7744952050528706
1224,2.5766119321874
1225,2.9863854065202293
1226,2.6757209932151045
1227,2.5971305568141245
1228,2.9290560937854337
1229,3.17649963003761
1230,3.2307486354140798
1231,3.610919783440706
1232,3.5682199225007922
1233,3.29973626950064
1234,3.295535511070927
1235,3.210615882224581
1236,3.2389583312738983
1237,3.2308780100826398
1238,3.2299433050602797
1239,3.1860160087456992
1240,3.2346618906652536
1241,3.2104712949581096
1242,3.1523982176171637
1243,3.570851193613214
1244,3.7949076782256146
1245,4.634382769890363
1246,5.248609691790579
1247,5.996853508381024
1248,7.118959907153658
1249,6.729641135438433
1250,5.758147600280215
1251,5.922891346515287
1252,5.718972832771331
1253,5.824455266990828
1254,5.9983828276823346
1255,6.740045112292715
1256,6.64156838919697
1257,7.101665538374913
1258,6.916120249935875
1259,7.395219491147989
1260,6.580376483604535
1261,6.185622245708969
1262,5.517252854905237
1263,6.313377871308155
1264,5.745311982487319
1265,5.918635367876628
1266,5.475872288885727
1267,5.475872288885727
1268,5.6143922266685315
1269,5.016518284006889
1270,5.037170755683824
1271,4.875252142716298
1272,4.988707465401662
1273,4.335335341481908
1274,5.01715834539215
1275,4.95963502989186
1276,5.00987138121288
1277,4.381270653742584
1278,4.962412078888929
1279,4.4781639729168425
1280,4.819007840194741
1281,4.651537667198649
1282,3.9288601328872454
1283,3.6478804930646636
1284,3.9234876853649117
1285,3.9708323932193177
1286,3.8570370849954534
1287,3.6430731622375965
1288,3.6430731622375965
1289,3.6430731622375965
1290,3.7224184591156146
1291,3.812364018824106
1292,3.2180180017415965
1293,3.9262462961423537
1294,3.650973204084841
1295,4.427523482063477
1296,4.209518036069634
1297,4.231634828998926
1298,4.800440714372093
1299,4.273005189374125
1300,4.9760125495885115
1301,4.938233528176691
1302,4.790312495915353
1303,4.745429720360885
1304,4.195643201125354
1305,3.7380070890408064
1306,3.9621590638058795
1307,3.6717395132476973
1308,3.245348578646418
1309,3.660682396022817
1310,3.995823414683184
1311,3.7518767031194176
1312,3.3839159304298625
1313,3.393052011990146
1314,3.095493487407082
1315,3.0710454293122504
1316,3.1223419501051284
1317,3.1446392986100764
1318,3.025601990380113
1319,2.9993385402885377
1320,2.9734677327875163
1321,2.910991151000051
1322,2.883369781074465
1323,2.854215784349241
1324,2.839408880020385
1325,2.757290346408439
1326,2.9423277062728297
1327,2.9740563528480033
1328,2.951549334391943
1329,2.807953962170739
1330,2.6074437715382732
1331,2.6643130186000024
1332,2.2861349930752546
1333,2.7054823702640793
1334,2.436676010728185
1335,2.6901533232146373
1336,2.704444989881304
1337,2.715364888040333
1338,2.8648116096763023
1339,2.562225752228385
1340,2.6920524460216555
1341,2.3292446665896747
1342,2.277635673461932
1343,2.297346592897796
1344,2.3066164954086257
1345,2.495108714771462
1346,2.337991514177394
1347,2.437212183670983
1348,2.3292446665896747
1349,2.2966711479747657
1350,2.268572760568722
1351,2.396892055479238
1352,2.349922018778243
1353,2.762488169634155
1354,2.741313748982615
1355,3.030683978603043
1356,2.8109583079948792
1357,2.6739562311393086
1358,2.9978678423426572
1359,3.031862231449232
1360,3.2729364491825974
1361,3.6440075336230624
1362,3.765555066308652
1363,4.676977417124257
1364,4.622717766388962
1365,4.658637310429762
1366,5.513449500707766
1367,4.764935642457289
1368,4.633222444086511
1369,4.035061792567575
1370,3.9927921611573183
1371,3.3724639697409144
1372,3.7027785962281365
1373,3.148756481262976
1374,3.4086889017092314
1375,3.340842441793498
1376,3.4086889017092314
1377,3.686198735117025
1378,3.96847701128538
1379,3.7641345161104574
1380,3.7143584573392476
1381,3.921557422391738
1382,3.8656814347091006
1383,4.069297660377624
1384,3.6139493080684613
1385,4.20316606037868
1386,4.035022344272738
1387,4.4815527199617256
1388,4.462227381051089
1389,4.464101428228282
1390,4.942603148894468
1391,4.55831327590168
1392,4.872201979879083
1393,4.754633695839288
1394,4.747552514182137
1395,4.646017873698085
1396,4.192650212220283
1397,4.4762430477905655
1398,4.593377591206775
1399,3.770228266110457
1400,3.9504167441059543
1401,4.663684303925523
1402,4.37324274712423
1403,4.269463228724254
1404,3.8694438633478208
1405,4.290683804612998
1406,4.445767093102988
1407,4.5235661095630855
1408,4.461462904958359
1409,4.6032429370657155
1410,4.4812329474159025
1411,4.552954626295935
1412,4.586154585837141
1413,4.358602820507096
1414,3.3784180813550244
1415,3.6595818819535526
1416,3.8322841781378303
1417,3.7012663666026757
1418,3.6430731622375965
1419,4.485948932945983
1420,3.562145969980311
1421,3.73394762645211
1422,3.663626134106925
1423,3.6430731622375965
1424,3.478754940018699
1425,3.4621827875090463
1426,3.8683265615183937
1427,3.6102606622375957
1428,3.7482073769811857
1429,3.5906692749799087
1430,3.769412198786519
1431,3.665645763247697
1432,3.3665069859416556
1433,3.373637667759837
1434,3.665645763247697
1435,3.35008370560868
1436,3.362283943793466
1437,3.3686769134682066
1438,3.316819637916988
1439,3.3627229783946606
1440,3.300365596009821
1441,3.1027375477092685
1442,2.7454091635944504
1443,2.5362527735512015
1444,2.577300612555655
1445,2.4210633791216574
1446,2.3871764846072283
1447,2.365324915498149
1448,2.3061219706422413
1449,2.003408781695806
1450,2.2681646070223924
1451,2.2971045274582367
1452,2.0483001929985436
1453,2.0854142443034904
1454,1.9428575101984873
1455,1.9116744345538685
1456,1.7172014701004874
1457,1.8946720722986656
1458,2.0214122325761155
1459,1.9868465642931266
1460,2.259769079015479
1461,2.2989455356776887
1462,2.551592258173835
1463,2.680347386708846
1464,2.799222685134113
1465,2.6668302229568313
1466,2.9374211957272403
1467,3.0162564890759507
1468,2.9983750382973198
1469,3.135446614981728
1470,3.1596617671499785
1471,2.8876419432659595
1472,3.0499948555269007
1473,3.3202971482255483
1474,3.034319508415259
1475,3.0559714123186428
1476,3.083920344608147
1477,3.0416265916827308
1478,3.3192814583353503
1479,3.5745284603691267
1480,2.9392993958400666
1481,2.910756847112973
1482,3.1061412118746587
1483,2.9705213862062214
1484,2.575196711029366
1485,2.357525004442145
1486,2.2739604520930063
1487,2.2914555871662663
1488,2.3343964482145467
1489,2.3343964482145467
1490,2.256373548223928
1491,2.4343715848908642
1492,2.668679185283603
1493,2.9393718739469152
1494,2.7645784525480535
1495,2.4246354500052565
1496,2.2543728161807155
1497,2.515434261510509
1498,2.291605154028432
1499,2.409373477428999
1500,2.311016916401345
1501,2.053079521595227
1502,2.329624248704189
1503,2.307484095807061
1504,2.3350819486307066
1505,2.532983812693641
1506,2.745543580174109
1507,2.7568550503988374
1508,2.809313984693709
1509,3.3681402201547677
1510,3.4453266506980116
1511,3.764715925665852
1512,4.4061494734611655
1513,4.428628225438356
1514,4.851370164884136
1515,4.64554850686398
1516,5.17044055283035
1517,5.284077491080619
1518,5.284077491080619
1519,5.284077491080619
1520,6.022074009516936
1521,6.459889170877089
1522,6.7653931382275125
1523,7.078897681232055
1524,7.397410436660809
1525,7.56634484984102
1526,7.203953492563239
1527,7.702428453737124
1528,7.731887682008852
1529,8.011012931759103
1530,8.011012931759103
1531,7.449898261013181
1532,7.416655298513968
1533,7.280360228443898
1534,7.080474534111578
1535,7.10343749707454
1536,6.324826744398716
1537,6.8122692324123735
1538,6.324826744398716
1539,6.2813080967738175
1540,6.450198131345102
1541,6.859559542982534
1542,6.395341403440348
1543,6.221699554515429
1544,6.228714924201371
1545,6.662104147107815
1546,6.47243116211776
1547,6.6387361092855
1548,6.768690668626311
1549,7.220402045951589
1550,7.017047910069079
1551,7.167265276824902
1552,7.582085043768713
1553,7.834211008682179
1554,7.0938181401931395
1555,7.3191599160248355
1556,7.054977675645969
1557,7.011157605575899
1558,6.419146223587097
1559,5.927305175197056
1560,5.738476251008947
1561,5.511065303591608
1562,5.4579403035916085
1563,5.4579403035916085
1564,4.935853462717068
1565,4.771035903866107
1566,4.584656478579163
1567,4.665837207169048
1568,4.4708800157108985
1569,4.528309100867776
1570,4.6475495887295875
1571,4.616178890498744
1572,4.578898795078793
1573,4.637192526066608
1574,3.760044717728888
1575,4.181676046084231
1576,3.7272322177288886
1577,3.6549291041757748
1578,3.6089742430646634
1579,3.7377196472248913
1580,3.3513020061626624
1581,3.3513020061626624
1582,3.3877193291268606
1583,3.613018885921806
1584,3.6102606622375957
1585,3.4621827875090463
1586,3.4216265484750976
1587,3.7926310836199413
1588,3.371942592002261
1589,3.4621827875090463
1590,3.3665069859416556
1591,3.6849838480430184
1592,3.373995230455762
1593,3.3750145319263503
1594,3.665645763247697
1595,3.4621827875090463
1596,3.4245597752919923
1597,3.3805428356207674
1598,3.4090724907244354
1599,3.4090724907244354
1600,3.7027785962281365
1601,3.2561235734966574
1602,3.3742033592911236
1603,3.465872023913258
1604,3.662033556545597
1605,3.686198735117025
1606,3.440237290955146
1607,3.275636662068603
1608,3.086684598045787
1609,2.886490313229849
1610,2.6716996386120146
1611,2.449571520416326
1612,2.5909284460276822
1613,2.418964308174291
1614,2.3393100658665715
1615,2.112327578838396
1616,1.8811577046932677
1617,1.8187679005947832
1618,1.7518133518821783
1619,1.6142582642488752
1620,1.5468515924259922
1621,1.522674796012983
1622,1.4917175853826858
1623,1.5490040328919112
1624,1.4429213623674244
1625,1.4298737772148902
1626,1.465031513622191
1627,1.3960087568783306
1628,1.5241462329703188
1629,1.4035662124324735
1630,1.530501368477805
1631,1.7317758043873483
1632,1.9380937674167953
1633,2.174681067145725
1634,2.2893838573328473
1635,2.7860284754156055
1636,2.801708336288544
1637,2.849292618117859
1638,3.1386886648318875
1639,2.645504364638529
1640,2.603329486286724
1641,2.7353402655164065
1642,2.7381313922768205
1643,2.973800175905645
1644,2.999207052953147
1645,2.994606125894983
1646,3.119297017850019
1647,3.0546715835715963
1648,3.077962149416014
1649,3.071522216924889
1650,3.1002882621054075
1651,3.131756419029609
1652,3.09249254231443
1653,3.0987501010249074
1654,2.634071407924946
1655,2.951991433257463
1656,2.8653025073682254
1657,2.940696206526012
1658,2.5973088231714896
1659,2.6234117136200594
1660,2.7225450202050254
1661,2.976084274195562
1662,2.7794619751862073
1663,3.128540420297863
1664,2.9099769349930886
1665,3.1572927633129417
1666,3.1355298705815633
1667,3.148203864884981
1668,3.0465405669730847
1669,2.8740342367660565
1670,2.6572093804440398
1671,2.696953226309454
1672,2.6549156218103054
1673,2.3969370350278068
1674,2.4324409694923257
1675,2.3089111190272877
1676,2.4113070536359302
1677,2.294680645088144
1678,2.2428868363807517
1679,2.196764013212728
1680,2.0947165376561183
1681,2.055856763473904
1682,2.1748936762100324
1683,2.0965121640621756
1684,2.056061972396095
1685,2.126838347141699
1686,2.206951983681835
1687,2.0718290978995952
1688,2.136631099998243
1689,2.0873983307354194
1690,2.080664035719676
1691,1.8626416572936668
1692,1.8468332207420215
1693,2.0036899244147626
1694,1.7830485872499833
1695,1.781798428169234
1696,1.5535763908817803
1697,1.8764653463890975
1698,1.713093235774219
1699,1.9034504124331644
1700,1.9290213589536092
1701,1.684976222628858
1702,1.6616979753527257
1703,1.5326380630397192
1704,1.5062755265857721
1705,1.5045892681256654
1706,1.4797315103112436
1707,1.5196755504373127
1708,1.5524249972403006
1709,1.7150515574346397
1710,1.8273831102821032
1711,1.9840559500430603
1712,2.0086453639652944
1713,2.0106515277114814
1714,2.039048219295342
1715,2.04521274294363
1716,2.0524365982264596
1717,2.5146746146563177
1718,2.532502739656318
1719,2.7492671277245373
1720,3.3681402201547677
1721,3.202836579770357
1722,3.625496510488708
1723,4.144284517370836
1724,3.8454708970563085
1725,4.360234335059096
1726,4.220531523517635
1727,4.256956711746604
1728,3.5615849731851745
1729,3.7972180755886145
1730,4.4145111539338195
1731,4.384281345182944
1732,4.501184136646356
1733,4.749708736634103
1734,5.376362195786444
1735,5.344661720640246
1736,5.966443172830271
1737,6.590709764309764
1738,6.865646742047903
1739,6.463301236603476
1740,5.157054941712418
1741,5.065535766625896
1742,5.246676784360145
1743,5.5351527291470655
1744,5.077848377714704
1745,4.800876818234728
1746,4.6195296321798045
1747,4.603369631833035
