,0
0,3.153872151193323
1,3.2723446545258046
2,3.4483963746082336
3,3.9893514194240796
4,4.260559833456273
5,4.740626895422003
6,4.765397025272566
7,5.360107839161027
8,5.241887361578405
9,5.219685167545206
10,5.5467476212097315
11,5.278758022862677
12,5.070966727638506
13,4.29157032320689
14,4.206049902601961
15,3.499436104071845
16,4.212985164160484
17,4.336456475108443
18,4.275147134206039
19,4.420371371180901
20,4.561738531942815
21,3.840314014057144
22,3.8426975210267504
23,4.108722926522998
24,3.841853533816495
25,3.89350315290544
26,3.8822870513365224
27,3.517272142504108
28,2.877344177217714
29,2.825666649645772
30,3.0659699969966043
31,3.183993622701894
32,3.135951613552901
33,2.8828389763503344
34,2.7628332394249386
35,2.7409767826065856
36,2.7212866118724492
37,2.6694177289979075
38,2.394687902056017
39,2.5457116169078495
40,2.600777887581967
41,2.9799327070946777
42,3.15252186226014
43,3.234149690754861
44,3.370978519968416
45,4.041691774998798
46,4.537496071726388
47,4.324836648156438
48,3.9677493011103615
49,4.365468445500626
50,3.4923768880802344
51,4.4517862221384705
52,4.480934847279921
53,4.722965238578986
54,5.239251792184053
55,5.304843206952514
56,5.268312139500005
57,5.3929358468418425
58,5.366827737383017
59,5.320211037473694
60,5.314954161026916
61,5.261915178258556
62,5.1707400046354905
63,4.80744319123352
64,4.750172903474163
65,4.747472495417373
66,5.0624261493931595
67,4.766811503308505
68,4.408919554458478
69,4.9051321692067456
70,4.499108017534307
71,4.796537379380803
72,3.6850940555365352
73,3.5596211021728705
74,3.4988579252000758
75,3.4092285576691648
76,3.0246238531271215
77,3.3477769709298473
78,2.9277035173612163
79,2.856187397700843
80,2.9852442542021116
81,2.9667650685024474
82,2.970724602463671
83,2.591848865708036
84,2.9102209400409893
85,2.702146496305801
86,2.5681717464490945
87,2.577379621041455
88,2.289833388157462
89,2.226049627494771
90,2.2405528544451965
91,2.256379112427703
92,2.265587919313273
93,2.329332795220805
94,2.358687408663356
95,2.547321110402942
96,2.4770826635957555
97,2.4890434250918543
98,3.411649748091311
99,3.0941416710999543
100,3.3595650284037712
101,3.0868387900442578
102,3.597604998958961
103,3.64591312125502
104,4.013350185687845
105,3.723226901332114
106,4.3315951659668945
107,5.130732426032646
108,5.506038084344188
109,5.53178423330264
110,5.53178423330264
111,5.244945481035967
112,5.488425667179957
113,5.588204554918013
114,5.190879833872886
115,5.340156549372216
116,5.252380429893956
117,4.91603284141395
118,4.3916414613899475
119,4.35288916032852
120,4.151258577936025
121,3.5201004417376076
122,4.22521137423096
123,4.239925981680801
124,4.003817767511071
125,3.3106146595956973
126,2.9106859568089365
127,2.7834540799592187
128,2.590534232879249
129,2.728459843119817
130,2.50759893811028
131,2.836279691038205
132,2.337758955946841
133,2.420009365269993
134,2.463529982708966
135,2.804035685211118
136,2.698129831834248
137,2.7401552701990286
138,2.768076722203484
139,3.0665414861065807
140,3.007094272809175
141,3.0030664985278057
142,2.913840681271173
143,2.3305589246372644
144,2.435277451906949
145,2.6860437275160107
146,2.874274808509797
147,2.77781652860511
148,2.989570875913457
149,3.7867399431203053
150,5.268144066529747
151,5.299729426671584
152,5.391742938369443
153,5.341532482756461
154,5.017900358852992
155,5.067883135626403
156,4.4651637326872144
157,4.070074524765112
158,4.697571377070069
159,3.596875758956214
160,4.899917806517281
161,5.4125216157125555
162,5.125207488830871
163,4.80649437510675
164,5.410885819281064
165,5.501214607234866
166,5.5004648772996605
167,5.542777433531025
168,5.434741626094357
169,5.137453108597851
170,5.175016857530443
171,5.294754569152668
172,5.407101080381544
173,4.644040001530891
174,4.345234239228205
175,3.7164651445949253
176,4.424388580776868
177,3.7433769206770524
178,3.435278863109245
179,3.327322392008524
180,2.8577647653079756
181,2.7462294145574115
182,2.7078098755778623
183,2.459601012595121
184,2.4515696865163434
185,2.2270322758567622
186,2.3100883787270825
187,2.289747303081999
188,2.293744507736601
189,2.3506047402890875
190,2.452160010311272
191,2.276838481573679
192,2.2203564692143996
193,2.248861339820244
194,2.1633509287031507
195,2.132498584817735
196,2.313398056769042
197,2.0385172710751056
198,2.015041195456615
199,2.1046720479857774
200,1.9203569993744705
201,1.9150615804516378
202,2.0818180107250006
203,1.967715991066488
204,1.755372679634926
205,1.7560466680382447
206,1.7968752732405444
207,1.7597694122947944
208,1.7984675677877608
209,2.278722295829475
210,2.315060314252672
211,3.1431738679814702
212,3.246270799836199
213,3.5957734458083666
214,3.9790525308356792
215,4.222986197988233
216,4.419821762067561
217,4.105033873410012
218,4.249310803249633
219,3.9607379021205262
220,3.35051667507655
221,3.3197278387334044
222,3.4199737512129325
223,3.6117301265622213
224,3.6439224794585496
225,3.281880121975917
226,3.051777581815527
227,2.7986013068880613
228,2.7988090714949445
229,2.658384828004926
230,2.4521292132635373
231,2.4755318551485193
232,2.428491327612101
233,2.6338440262865905
234,2.5503026868479246
235,2.5562261372519717
236,2.543600487573741
237,2.6466596020780835
238,2.343636152928285
239,2.284684712305259
240,2.1743327813242397
241,2.40814239688572
242,2.455831944064137
243,2.4892102393554656
244,2.4477353239711737
245,2.234309279924925
246,2.2758758509934895
247,2.1839129063419573
248,2.2944540052452598
249,3.1742788817650043
250,2.6175232607303047
251,2.3396635492475344
252,2.35119561112766
253,2.3395918102238675
254,2.301431115968376
255,2.2655753109998726
256,2.088198279792562
257,2.085008661895784
258,1.9207654306411013
259,1.8826693164065758
260,2.03513640457695
261,1.9801820041141902
262,2.0191001413324887
263,1.7271662230967868
264,1.6831956719403232
265,1.7531697557061328
266,1.7101296066388398
267,1.6645990524956722
268,1.6875517245027285
269,1.655044866447938
270,1.575076504844957
271,1.5261492727570733
272,1.5255382596129468
273,1.2782419240494056
274,1.3392798016881893
275,1.2382426699717142
276,1.3243017645141844
277,1.3101099574561044
278,1.2882248730102663
279,1.3139140241085734
280,1.03447827271004
281,0.9416893430676468
282,0.9794025820270766
283,0.9491820354183048
284,0.9707877149880938
285,1.003612017045661
286,1.0636336442097913
287,0.9316913205886653
288,0.9611675194317837
289,0.9060427914273249
290,0.8794064114410369
291,0.8444706296538
292,0.8847444551438354
293,0.8111438028658494
294,0.827675147519595
295,0.7920688724806461
296,0.8425229785043847
297,0.7969341041933002
298,0.7875646655329749
299,0.7971950942158398
300,0.7720720060855849
301,0.8241267501239848
302,0.7780283488786514
303,0.895278558758675
304,1.1376313588636389
305,1.2278616514215306
306,1.4936181216202775
307,1.3656990011038548
308,1.476441586782084
309,1.6883625101139825
310,1.4385773768376673
311,1.4745885943609152
312,1.5415542229691697
313,1.5733234585860758
314,1.662417841714686
315,1.814935868351916
316,1.6526782146254688
317,1.623783038283333
318,1.4747248868478788
319,1.294005432548706
320,1.30836505268872
321,1.2741192484768062
322,1.204224525627143
323,1.2073881879544406
324,1.2059212239640067
325,1.2294187144515476
326,1.5435169680899323
327,1.856461721669143
328,2.0956647380896984
329,2.2481968900890976
330,2.6018027322211217
331,2.7848908469732283
332,2.968771099197027
333,2.8585529905568943
334,2.42399980212033
335,2.358675853424275
336,2.2858612613459406
337,2.197273474281128
338,1.9257977406402906
339,2.1823273512126318
340,1.9294379757486462
341,2.188402686376428
342,1.7480140689828803
343,1.8681236470912952
344,1.989790409208057
345,2.2403715126840993
346,2.2227970450906525
347,2.120439199447953
348,2.214424434435941
349,2.4187144034124883
350,2.465102815789637
351,2.6824791360204436
352,2.6508909961663383
353,3.1441233870311254
354,3.1643858384832035
355,3.2694727718205336
356,3.512047255757247
357,3.123238888266284
358,2.9632771762765677
359,2.9956512758714795
360,2.9483881111843426
361,2.9853357104309812
362,3.5193906011588414
363,3.7038391761748812
364,3.686237394841575
365,3.410675111166565
366,3.533957194764384
367,3.5144134943727328
368,3.4662276839089303
369,3.407846244203215
370,3.3869740510114044
371,3.2370460619900663
372,3.33710619704802
373,3.316267271222263
374,3.3164006780313917
375,3.2093991726640065
376,3.348381314208376
377,3.2146366809905293
378,2.9571075604610715
379,2.936371054721217
380,3.1739210932515434
381,2.8182109615758177
382,3.1541321314523323
383,2.777715852545761
384,2.6932094127089377
385,2.657049984721547
386,2.6536507758462435
387,3.124824253551748
388,2.4648769924110736
389,2.571732370512878
390,2.410781505322719
391,2.3529201787803613
392,2.209264943667412
393,2.1302205568004937
394,2.1146203859532986
395,2.136965431420327
396,2.2004282849223245
397,2.1114826849262496
398,2.298572157307402
399,2.5835737236793532
400,2.116716085483202
401,2.116013523451984
402,2.270936247254696
403,2.156797770768185
404,2.110001613041158
405,2.2454106277791244
406,2.2434528396922246
407,2.0299319937509828
408,1.8230593959176098
409,2.2616949533873
410,2.132373403476237
411,1.9238663096850181
412,1.907936304353797
413,2.01149322261394
414,1.9987878807540522
415,1.990010353747709
416,1.927188997514803
417,1.9043840191452537
418,1.9236855402075035
419,1.66140028350993
420,1.643370109018756
421,1.6461552810075195
422,1.6124859451327405
423,1.5044782233539504
424,1.484205026544282
425,1.4768094278763775
426,1.483912552642423
427,1.3815339934873498
428,1.463584111217883
429,1.471074402358385
430,1.3955145264307538
431,1.3629400694467206
432,1.3570233098693707
433,1.3456584826024733
434,1.3647505511776514
435,1.2901540152516342
436,1.3045100940606504
437,1.2875269851023978
438,1.205527443238204
439,1.1481859534549708
440,1.134497502258977
441,1.1731170011372942
442,1.392722424257891
443,1.548612092470292
444,1.5123754286201332
445,1.5646672971040603
446,1.6084083943468332
447,1.7708090027052314
448,1.6797083303641898
449,1.708082187315783
450,1.7371230449851585
451,1.626853307585506
452,1.8025628851047917
453,1.9636347823540539
454,1.9914393304197193
455,2.307318235627046
456,2.2694291539132263
457,2.33946494351578
458,2.8084363137827237
459,3.307802211438919
460,3.29193508757001
461,3.3487654995889766
462,3.292497691302627
463,3.211397743392203
464,3.2988367668849006
465,3.389410125020958
466,3.6864522249124385
467,3.905670642191344
468,4.147089568984911
469,4.70467037884853
470,5.033615570041358
471,5.3135112684773995
472,5.13818483322982
473,5.0563646803189926
474,5.484476111169949
475,5.490555917738246
476,5.44541558042557
477,5.263388360905249
478,4.7843662532088125
479,4.7489219343537545
480,3.5334356348299827
481,3.344413026240885
482,3.1413606622392383
483,3.154320351051852
484,3.2968291702313355
485,3.380543343086433
486,3.381176490690191
487,3.4864592760710567
488,3.251224061009425
489,3.2635411606238356
490,3.230375072117369
491,2.7756786646052816
492,2.5882252174147724
493,2.4007464159278693
494,2.2522812801454273
495,2.3355354398868933
496,2.2534225452697414
497,2.11296896854356
498,2.045130414130393
499,1.816372329525112
500,1.9914366921418865
501,1.954056466217899
502,1.787817499958527
503,1.7503455347123882
504,1.6701682989614286
505,1.6524663846857734
506,1.6967333848126633
507,1.634451256198566
508,1.6609622641247954
509,1.6656848526756445
510,1.4797479173280568
511,1.5925841742621616
512,1.6060717018167132
513,1.6197183935581256
514,1.4345833301076163
515,1.5902561897031886
516,1.4532140442491266
517,1.386425134344501
518,1.3001217554185232
519,1.38720418071239
520,1.2197830650311148
521,1.1377599505161764
522,1.0442436930849954
523,1.1030515496041728
524,1.032588384577689
525,0.9811928783587832
526,1.0133210048040042
527,1.1898734787762315
528,1.063659324222226
529,1.01473456617893
530,0.9371746313790659
531,1.0540583300095987
532,0.9878383414183004
533,1.0444752603904348
534,1.110720321300902
535,1.198635613829145
536,1.5449292378368473
537,1.5678254821898305
538,1.5989815013823794
539,1.8542307942050242
540,1.8105730764781225
541,2.045941146701398
542,2.245173732092876
543,2.879420323323032
544,3.2983153666346974
545,3.5935076506406602
546,3.9533434484783103
547,4.491491150672079
548,4.427173375843997
549,4.655751366303242
550,4.12857736354584
551,4.053210964719224
552,3.61409858035297
553,3.9797745831077735
554,4.217277044048394
555,4.2384251092082215
556,4.46272416859573
557,4.0170834554358255
558,4.253398617913288
559,4.294420399219442
560,4.456814729827208
561,4.188981351387618
562,3.6137186681004025
563,3.504234638971893
564,3.9142862086877455
565,3.506263124258355
566,3.4484300781590784
567,3.4484719767238237
568,3.433536134104476
569,3.476250201304911
570,3.5110562460003414
571,3.5794268471483197
572,4.10357306491667
573,3.8064279126666762
574,4.462974518972809
575,3.7790406182588234
576,3.5996361653259745
577,3.701405827845236
578,4.161553761475374
579,3.624970686718048
580,4.571480905456712
581,4.576956392351284
582,4.832227758648308
583,4.556589137534858
584,4.883540363244288
585,4.88902732750051
586,4.349501504943797
587,4.805838760439901
588,4.991625626887292
589,5.730235670920499
590,5.976780494866112
591,6.142691577860767
592,6.097841517558768
593,6.156879260706115
594,5.77636482087286
595,5.697510937620997
596,4.703822198438066
597,4.685601260823757
598,4.211125424101398
599,3.6147684709841257
600,3.9265079604607416
601,3.616158331760077
602,3.5981637800993127
603,3.5146153529923723
604,3.410575015889638
605,3.317806426078351
606,3.3031664765711994
607,3.331374866196344
608,3.2667078830744987
609,2.9015032816667974
610,2.9488253772986606
611,2.7210442987668206
612,2.8010252037835737
613,3.227031028877483
614,2.7541138087736474
615,2.777670392813292
616,2.488432398000174
617,2.694363298577255
618,2.641650915785354
619,2.7159130287502355
620,2.459092720590987
621,2.448637946971674
622,2.4273925489947334
623,2.318359685172188
624,2.3544747876544005
625,2.357217300921454
626,2.2877336574160836
627,2.2564796794998236
628,2.0475232912290364
629,2.2050667243811386
630,2.216271231344004
631,2.1864473905782065
632,2.1181089952044094
633,2.1065058439184403
634,2.183520800003422
635,2.111082527565478
636,2.1205044025069366
637,2.098627287207503
638,2.0670743809767043
639,2.1435542128723855
640,2.3085963635653846
641,2.1639822778185804
642,2.13612510245957
643,2.051996097609208
644,2.020388915570049
645,2.0943582747588048
646,2.1250322049828356
647,2.1628354066997253
648,2.0797422883167083
649,2.009028494090598
650,1.8910997142164738
651,1.8436425967047774
652,1.7413127704451967
653,1.741512213892096
654,1.8488215559413086
655,1.5937423170213338
656,1.620103428164312
657,1.5087121889252175
658,1.4971461995261848
659,1.4772939191148518
660,1.4977896701386657
661,1.4282905219157864
662,1.510907603151985
663,1.9188318917140843
664,2.1452124539677047
665,2.211507110505935
666,2.137232901869232
667,2.0126290584115645
668,1.7589614603716137
669,2.1061683629248718
670,2.224483681695105
671,2.2362830713907718
672,2.338752319178629
673,2.642761629547958
674,2.5851993522450636
675,2.6335152312202528
676,2.740682343753125
677,3.1505947923563666
678,2.8184888987794356
679,3.2442090150219665
680,3.304275674440855
681,3.311531534126382
682,3.584696760172537
683,3.6910996982681796
684,3.996206036353245
685,3.9175462725439796
686,3.8704002615900657
687,4.397631227735844
688,4.201085503577036
689,4.348572360171075
690,4.701145430853185
691,4.631187522743117
692,5.145424933470306
693,5.088768710651929
694,5.220207861913111
695,4.775459026149262
696,4.412428809698904
697,4.581629629040355
698,4.146377077025783
699,4.006864154618488
700,3.2766509676016464
701,2.7911969523751807
702,3.180657925041383
703,2.575682700767366
704,2.873112265792452
705,2.6694890267302522
706,2.660511647348659
707,2.536202923743242
708,2.609234204043679
709,2.4607789681402292
710,2.5733981047550674
711,2.430788955871514
712,2.444142700281709
713,2.371928146457181
714,2.243638319992898
715,2.3693985501737775
716,2.3835359764913755
717,2.289114490845511
718,2.283453544948463
719,2.2983181479956905
720,2.2399822146328616
721,2.4788603842228443
722,2.329778320903136
723,2.4276884323062027
724,2.233448348823094
725,2.5234275826052457
726,2.4507999876611204
727,2.6376634532712973
728,2.977090162845399
729,2.5854972029910908
730,2.9583176913813176
731,2.538349350884925
732,2.4890792747890833
733,2.4091390359227662
734,2.504340736164522
735,2.4469486298631375
736,2.3784648318158386
737,2.241162830936375
738,2.2161852835665785
739,2.4502215937939233
740,2.3370944470582815
741,2.749577326586932
742,2.6670663292095464
743,3.163243928651002
744,2.7522800978315836
745,2.810579185497462
746,3.1712032043296228
747,3.765049037779018
748,3.754908097041486
749,3.686624860090967
750,3.6441188162650566
751,3.567146946501378
752,3.708817001175232
753,3.712602876242188
754,3.799081630238395
755,3.9615243659742507
756,3.955664066133032
757,3.763094470698829
758,3.7174133615195353
759,3.1162171688454
760,3.124345270156347
761,2.830811351702373
762,2.9166125215799132
763,2.4440503886956337
764,2.9797522719710874
765,2.548363883066423
766,2.436437275629743
767,2.29463097148839
768,2.3143613079834755
769,2.211840792503229
770,2.278426531869755
771,2.15474869877264
772,2.1669894757242574
773,2.3065661972732996
774,2.2628643413221745
775,2.1561128993103122
776,2.1017787431149206
777,2.0085463894654736
778,2.0272974979227585
779,2.066848654169895
780,2.065733610023613
781,2.166595783892149
782,2.017789383093696
783,1.943870845015938
784,1.8225737803594033
785,1.7370290770766925
786,1.8275012189641306
787,1.730332653163017
788,1.7135940853565248
789,1.7372082422130117
790,1.5184469017717486
791,1.4135392739247146
792,1.2943348673329154
793,1.3483731336767828
794,1.371781601244772
795,1.2958708774070686
796,1.2476363308014804
797,1.3259827770068142
798,1.2382183869372454
799,1.1961208737767193
800,1.1794816638941223
801,1.2700907623796396
802,1.1090748978793885
803,1.0696565555427398
804,1.1947366117291691
805,1.0632665934763585
806,1.132021734418023
807,1.1960727505970092
808,1.2176507827187448
809,1.16751188397725
810,1.2076150672647856
811,1.1405147171107808
812,1.1944050185584805
813,1.2593558898997326
814,1.330672776637142
815,1.7666882825417467
816,1.8401832214559086
817,2.0546644907406266
818,2.026178592507839
819,2.0551091940933297
820,1.818365655397103
821,1.6611888677095061
822,1.4071137076292437
823,1.6380876479176523
824,1.4371581675520402
825,1.369924788310676
826,1.3712488057694252
827,1.3432146104971605
828,1.3105623062738352
829,1.3106183878553437
830,1.301738192098509
831,1.28304769299445
832,1.2144072173659588
833,1.0825109609646133
834,1.1580687247568378
835,1.0531493573883357
836,1.061319576169871
837,1.038748040027171
838,1.07373339758801
839,1.0827376236067783
840,1.111105184879544
841,0.9338095872094125
842,0.9420209133612389
843,0.9231330826086297
844,0.9270672540817125
845,0.9035261764656338
846,0.8926316026642093
847,0.9369143707233756
848,0.988664863675155
849,1.0725085725083914
850,1.010631473509537
851,1.009372013989639
852,0.9398136316288881
853,0.8758430310214071
854,0.846454318363651
855,0.7218133197180159
856,0.7633145129583662
857,0.7989704883511387
858,0.887871271918559
859,1.0432572671900824
860,1.1943622141435546
861,1.1914069559429357
862,1.181547132392082
863,1.4143102641739775
864,1.4427859339248068
865,1.256700139125573
866,1.4728892713784325
867,1.5268000770336145
868,1.7912132040557156
869,2.1779566923853255
870,2.2729274599486984
871,2.528963141645888
872,3.2083617217045326
873,3.6194086052062224
874,4.270378578388281
875,4.25410632982581
876,4.833685385884762
877,5.289289854992945
878,5.523996721010205
879,5.491673667364788
880,5.550174573360209
881,5.241044654236075
882,5.246421833412743
883,4.7802612471713415
884,5.07067072342269
885,4.323300523653984
886,4.311670898600486
887,4.046400018566444
888,3.7940313115608335
889,4.261492122485093
890,4.294401710128917
891,4.199972144826424
892,4.198752373823405
893,4.272323711903168
894,4.849960821037258
895,4.653740412586242
896,5.080501755629453
897,5.178519739376664
898,5.261295425871609
899,5.726314477253768
900,6.092268110491228
901,5.759256880068069
902,5.342024023790175
903,4.946166248839836
904,5.13921923895452
905,5.1776523519109485
906,5.260116629496186
907,3.941101570639088
908,4.7089716891300535
909,4.503204216226064
910,4.251934377771978
911,3.9217259037811556
912,4.644759714586572
913,4.7032043559695556
914,4.6780318014468465
915,5.004500106706106
916,4.985668708483166
917,4.751015477742762
918,4.4819568587426675
919,5.078098634346362
920,4.207494349554422
921,5.073785150998573
922,4.529205895316214
923,3.5652799494501988
924,3.882436910745913
925,3.5478186891080914
926,4.170942881259083
927,3.477475255356135
928,3.6718761902334136
929,4.553818765959702
930,3.6287847844280297
931,4.187840742456591
932,3.5999794953773416
933,3.4085966237567935
934,3.1257387884201724
935,3.3144115865244204
936,3.0493371497892974
937,3.2976690772612414
938,3.516579416592471
939,3.6203999552046024
940,3.6759263812913754
941,3.6059755875968973
942,4.3718425171627375
943,3.6781483421085475
944,3.6164847112300484
945,3.497526959156048
946,3.3663766619069038
947,3.160836866751248
948,3.5009180433345075
949,3.072228740979886
950,2.883165231007891
951,2.9517898055569423
952,2.7068109573195254
953,2.4307582706743736
954,2.8556291336884416
955,2.4894070965233803
956,2.4670287027565756
957,2.442707717959197
958,2.4409585419344566
959,2.3880976081955394
960,2.6514385502570468
961,2.7246394686394004
962,2.5902248522430904
963,2.2931632761004663
964,2.308148212041367
965,2.263109307535857
966,2.2077587175304765
967,2.15562473588586
968,2.151229381460793
969,2.185517139518578
970,2.018173684400462
971,1.8070000711777017
972,1.7678048832244184
973,1.721327744508372
974,1.7288247406981592
975,1.6867828699067204
976,1.6662195244739482
977,1.6293347546180839
978,1.620665551050774
979,1.5508825539186872
980,1.3965256138693212
981,1.4780591090533084
982,1.452744519865675
983,1.4669049510362242
984,1.3729149652125368
985,1.45298553407691
986,1.3537051819564316
987,1.3804299659067247
988,1.2919837364267763
989,1.2757678559296584
990,1.1941458068860078
991,1.2493703389674653
992,1.2124561217799472
993,1.2054221455739451
994,1.1780722410320859
995,1.1393063862256476
996,1.0489376345314174
997,1.0425614315703982
998,1.0291703710906661
999,1.0430198993108541
1000,1.0301441305933612
1001,1.0074397167784244
1002,0.9934873155733728
1003,1.065216730795913
1004,1.0776791439299023
1005,1.2341087375801503
1006,1.134433670063958
1007,1.1720129830127863
1008,1.299441877532391
1009,1.3119022479355888
1010,1.6511629259985068
1011,1.4771046194603086
1012,1.3702275939649866
1013,1.2590769161606856
1014,1.2966931079521617
1015,1.228112066741542
1016,1.2351929212776296
1017,1.2660744311517542
1018,1.1979074810856207
1019,1.1016051405445033
1020,1.1469286509507217
1021,1.1774903492425681
1022,1.1295382401305714
1023,1.2118195695139564
1024,1.1552028073224438
1025,1.2110430823668086
1026,1.195290316370281
1027,1.2495004053276555
1028,1.2309957261488493
1029,1.2481126922167274
1030,1.2330636572012414
1031,1.3760870002145378
1032,1.449303633003313
1033,1.3769453368225022
1034,1.6383293336288034
1035,1.820281393635846
1036,1.7192513483695424
1037,1.7746229782996281
1038,1.7989535876542846
1039,1.7865792458183662
1040,1.7870201420464162
1041,1.9945300938182324
1042,2.1598694716151856
1043,2.1480220512595363
1044,2.365981303960138
1045,2.3597154719254623
1046,2.3320678609817933
1047,2.5716641238325972
1048,2.518386566879901
1049,2.675688821802327
1050,2.7473331514255173
1051,2.676646079257956
1052,2.5233704890843502
1053,2.358893447667126
1054,2.3044679403587685
1055,2.1186786462409404
1056,2.09509527183008
1057,2.3555744515087094
1058,2.408246863426704
1059,2.4704539040627473
1060,2.3711430917790524
1061,2.1641853839912915
1062,2.1181447278842978
1063,1.9068276579544683
1064,1.8960451597848058
1065,2.0469112876191655
1066,1.932746434651203
1067,1.947871127484503
1068,1.9609285480141068
1069,1.82056219092684
1070,1.76949947342101
1071,2.0909434864205156
1072,2.1629042979038067
1073,2.0644019178147817
1074,2.387868630616278
1075,2.4220403095589913
1076,2.602337754815454
1077,2.446131095446109
1078,2.516020381211126
1079,2.237600705035809
1080,1.8282025742657126
1081,1.8741526382584743
1082,1.9198804942830818
1083,1.9497100454051555
1084,2.0355949947444465
1085,2.134921979298371
1086,1.9461815038126948
1087,1.9266044341659836
1088,1.8654215695233332
1089,1.9184305828303705
1090,1.810059773561062
1091,2.227514935143207
1092,2.260134524990742
1093,2.380251165116544
1094,2.2929492132764686
1095,2.250477911565446
1096,2.279127372564925
1097,2.0703730132683886
1098,2.3411536980350367
1099,2.2793138866136085
1100,2.469424447778044
1101,2.126237262229899
1102,2.3841392092188296
1103,2.3544750003873056
1104,2.5597617368111196
1105,2.965159044275753
1106,2.697684824749493
1107,2.856940462791222
1108,2.9094800125402767
1109,2.5977688277591673
1110,2.556182496648556
1111,2.9650653968906973
1112,3.0352705976662055
1113,3.1195926669259046
1114,3.098913686116039
1115,3.592611831113277
1116,3.6677058440650483
1117,3.626413782582397
1118,3.598464760312148
1119,3.046642586017309
1120,3.3266388494248202
1121,2.8672493984989638
1122,2.690106821776165
1123,2.7566137436752656
1124,2.3690420958542986
1125,2.410120972642394
1126,2.4085476161461004
1127,2.3683983119637473
1128,2.736070126887221
1129,2.726320995493081
1130,2.767601728054249
1131,2.815937267764534
1132,2.8214694745435462
1133,2.725133397703019
1134,2.664102489781135
1135,2.436255505113417
1136,2.2567601385007454
1137,2.3160242525471206
1138,2.2754675624794194
1139,2.3506925610656864
1140,2.3828160208514206
1141,2.476064128645414
1142,2.4079223034516004
1143,2.2917481943554776
1144,2.207931454742546
1145,2.101928147301217
1146,2.1917143341967997
1147,2.093315181442002
1148,2.145658152965342
1149,2.1867127688884285
1150,2.1987896146849826
1151,2.023150618833775
1152,2.190905671870544
1153,2.197341830410242
1154,2.053854877416898
1155,2.1370430603491064
1156,2.098330367738614
1157,2.0231314067003643
1158,2.0222097413717157
1159,2.0659197117048995
1160,2.093268052109074
1161,2.074245172829183
1162,2.080319963897163
1163,2.2585850045724727
1164,2.1636664740776275
1165,2.3529110816146437
1166,2.4159220199462927
1167,2.7496600226248455
1168,3.1030580909405834
1169,3.602536593442837
1170,3.461798201421999
1171,2.940315654363638
1172,3.375700140759798
1173,4.071783511685401
1174,4.2204272629797375
1175,5.098073609168601
1176,5.778124688820658
1177,5.8527942035132465
1178,5.8261778822076415
1179,5.772487811466728
1180,5.815098756595158
1181,5.794414937198828
1182,5.85393997239219
1183,5.513167410460345
1184,5.695505619711282
1185,5.619820622001204
1186,5.25473717720608
1187,5.203128803646167
1188,5.270707546805087
1189,5.2683388217968625
1190,5.307777793130077
1191,5.325329005597267
1192,5.065701927051701
1193,5.510911110164399
1194,5.424555780396123
1195,5.782163496695508
1196,5.804025856581321
1197,5.604161976371054
1198,5.501442979558081
1199,5.114490965696506
1200,5.355347426442698
1201,5.70412722491045
1202,5.634805963328225
1203,5.67597288473605
1204,5.6578168874294015
1205,5.580658316098443
1206,5.106840920337946
1207,4.764221209804665
1208,4.253382995052454
1209,4.6886441419949945
1210,4.642560964494016
1211,4.164431846175564
1212,4.608031238070305
1213,4.148909480636177
1214,3.0492944371427657
1215,3.038453610114446
1216,3.2012532425827334
1217,3.1010103962734554
1218,2.8383068139809295
1219,3.1340977800218135
1220,2.8289867361694387
1221,3.1558323727028856
1222,3.5295252507224464
1223,3.1115727487931477
1224,3.153599663551228
1225,3.247351122059589
1226,3.4265243947019832
1227,3.2303311794996343
1228,2.912085954869844
1229,2.9112857486169297
1230,2.8651288078346933
1231,3.282545625143901
1232,2.8942716679590954
1233,2.8656741207371175
1234,2.8470181292167833
1235,2.896537450005513
1236,2.7946676806056807
1237,2.788945362797842
1238,2.786450903317077
1239,2.77132603146406
1240,2.307950795799286
1241,2.6344112949916543
1242,2.9920015757579272
1243,3.223379372246225
1244,3.140898086573695
1245,3.3027111702399403
1246,2.9963395714396106
1247,3.2708867925142324
1248,3.3498102234106026
1249,2.9197652197731636
1250,2.885598686427472
1251,2.8550636813239265
1252,3.2004307422775544
1253,3.3346551610919968
1254,2.766721699674903
1255,2.8470309335037576
1256,2.944181670725541
1257,2.9556974511390113
1258,2.843172819357214
1259,2.5970651892504604
1260,2.8462335519631834
1261,2.4345848991892667
1262,2.4534224857435234
1263,2.564968538440046
1264,2.7240795159538296
1265,2.413151900556776
1266,2.5045328921521977
1267,2.478888652007102
1268,2.420267825608986
1269,2.2180909066280647
1270,2.2021629138161325
1271,2.174058898497073
1272,2.261033535831803
1273,2.4094900647592947
1274,2.6673680291783395
1275,3.0014037735029104
1276,2.870759830103455
1277,2.9780644761923276
1278,2.7061420923425032
1279,2.3506376769627666
1280,2.9486377483098503
1281,2.8344609503365406
1282,2.9451315191414897
1283,2.9155582367844994
1284,3.3745421480275235
1285,3.667027160339317
1286,4.086213239518185
1287,4.08551113062434
1288,4.197261133543051
1289,4.163061971366104
1290,4.326294492529579
1291,4.436196332053851
1292,4.371684013435495
1293,4.354710310664526
1294,4.5899537047199335
1295,4.768161747811568
1296,4.6298735349588735
1297,4.581243118254058
1298,3.9830107377116746
1299,3.2118207710577225
1300,3.0731323434075444
1301,2.7566492319885754
1302,2.7641111084893937
1303,2.531997907213539
1304,2.5713476836364184
1305,2.247827255251147
1306,2.1007621045995597
1307,1.9754541783361157
1308,2.370283526620206
1309,2.3132139282104975
1310,2.2586128117416244
1311,2.2374282714080667
1312,2.2711480279466842
1313,2.3093839847743083
1314,2.3059129030262104
1315,2.1509270070140376
1316,2.067099479561046
1317,1.928098719456521
1318,1.8708439444087708
1319,1.934487473479448
1320,1.943098441728777
1321,2.6215843381993507
1322,2.3849778857724795
1323,2.631316847307096
1324,2.244259757137059
1325,2.7565986955179658
1326,2.6153167035167306
1327,2.9995447050949307
1328,2.9280529453208892
1329,2.878348795960424
1330,2.6965028563787716
1331,2.45591188808231
1332,2.428459613559961
1333,2.2942037513782556
1334,2.102767098761843
1335,2.0953933639401927
1336,1.8745808650053688
1337,1.954553710250949
1338,1.992224395713791
1339,2.2190349974735954
1340,2.7976379391620454
1341,2.900237693510034
1342,2.631550160626339
1343,3.0689006098481784
1344,2.9523741928708014
1345,3.0782952855257095
1346,3.2222324454501576
1347,3.6347618021296015
1348,3.4516962875564654
1349,3.2151627830547094
1350,3.461921448924643
1351,3.5039654679789547
1352,3.653199107737611
1353,3.8670858873936442
1354,4.343553024219448
1355,4.268997868334846
1356,4.35969100118311
1357,5.068587980212225
1358,4.920295332335536
1359,5.151675114245958
1360,5.145205581319133
1361,5.168467570968443
1362,5.164597289568306
1363,5.164597289568306
1364,5.197499546531568
1365,5.193772646618743
1366,5.211105038723362
1367,5.211106951937976
1368,5.225854985812439
1369,5.246261323324895
1370,5.237769597759428
1371,5.229674321183671
1372,5.259275385101445
1373,5.37056386372539
1374,5.401140940507348
1375,5.469982887994132
1376,5.2932485930273225
1377,5.164660226587427
1378,4.704278037274762
1379,4.660163115282662
1380,5.134681267897202
1381,4.640322136285505
1382,5.131525221538053
1383,5.299139351583436
1384,4.745115206923032
1385,4.803336077397556
1386,4.505954383581143
1387,4.527984120311087
1388,4.510783194076619
1389,4.149004609932301
1390,3.609656209761602
1391,4.502157336423087
1392,4.162161134021335
1393,4.509217492185944
1394,4.53319032013873
1395,3.8607158928528436
1396,4.535824611688307
1397,3.699282613494798
1398,3.543352830854033
1399,3.4684103083469235
1400,3.2196635245747696
1401,3.382678060210175
1402,3.4297934449416014
1403,2.8856043132438987
1404,2.9452429821078363
1405,3.1683001626077902
1406,3.1523515481677546
1407,3.3581752381703946
1408,2.9112094621207234
1409,3.0812667005786034
1410,2.9309168516035466
1411,2.8331697682065684
1412,2.8011357732192352
1413,2.6511050806720777
1414,2.7996236105055874
1415,2.539638686291664
1416,2.643038334782287
1417,2.660043738059358
1418,2.6632751152965604
1419,2.304992017247015
1420,2.635220744976966
1421,2.2582678135999075
1422,2.3359402916324576
1423,2.1993929294322156
1424,2.243477448743057
1425,2.154603205151302
1426,2.120750381150422
1427,2.1579846085782486
1428,2.0800190473407474
1429,1.7588872873899746
1430,1.7564056586303176
1431,1.7204371187011294
1432,1.9505281737490436
1433,1.6831357289324775
1434,2.027453263217883
1435,1.710061045413162
1436,1.6760355059285863
1437,1.801332100374301
1438,2.0271263575241463
1439,1.8306937524699096
1440,2.287846069479566
1441,1.8895009120306396
1442,2.3176020747016874
1443,2.451545331951525
1444,2.520464416679877
1445,2.5529728651935177
1446,2.5506668263784675
1447,2.6572339668656473
1448,2.421180749611114
1449,2.7271617595616284
1450,2.4737904227839125
1451,2.368015393211027
1452,2.3621522753584956
1453,2.2836748030971763
1454,2.352850883551524
1455,2.236130653630585
1456,2.2081632279683667
1457,1.9631797893672518
1458,1.9623852965528912
1459,2.0455874906613576
1460,1.8688763325334325
1461,1.8735355236485418
1462,1.9631576113059035
1463,2.048722294987915
1464,2.215966576095525
1465,1.6855091879684612
1466,1.9470553465086826
1467,1.9544363519831034
1468,1.9741715955771695
1469,1.917181314294074
1470,2.304048223617701
1471,2.1023536360311432
1472,1.985248135096872
1473,1.9825561219609933
1474,1.7149647162233035
1475,1.7451694511033549
1476,1.7544082847480118
1477,1.7169421446417206
1478,1.5617610180555763
1479,1.5584303499826897
1480,1.6094132342256566
1481,1.7527965351110002
1482,1.5664198930703124
1483,1.5236089353919997
1484,1.473611363437692
1485,1.3185181683259306
1486,1.370650793706853
1487,1.3419551931282916
1488,1.2737735880977163
1489,1.331821638086743
1490,1.2521239895384466
1491,1.1114070615671021
1492,1.2759198883344958
1493,1.4255893769303427
1494,1.566297919619977
1495,1.6151913920210363
1496,1.8986892916916336
1497,2.203979778084667
1498,2.255305825573808
1499,1.8271280642517516
1500,2.160781672076904
1501,3.249420675084855
1502,3.3518241564766544
1503,3.5580039450088874
1504,3.755508837637557
1505,3.7724164715225097
1506,3.6729815862043194
1507,3.707506063679667
1508,4.067120629064674
1509,4.271425092892211
1510,4.32945982907219
1511,4.950138593381559
1512,4.746851180386598
1513,4.331341933017737
1514,4.498616065054376
1515,4.524868695560175
1516,5.087171118374063
1517,4.706287511204885
1518,5.404652750480991
1519,5.2350877092164305
1520,5.2458736376260875
1521,5.310485740347564
1522,5.030376295969444
1523,5.626584162062279
1524,5.591871326627396
1525,5.365653466978345
1526,4.87677333269093
1527,4.9110716810287185
1528,4.747730616339368
1529,4.640773479658297
1530,4.809876972043982
1531,4.9925737746446766
1532,4.282615618250291
1533,3.7098015744211152
1534,3.3986533914782133
1535,3.5081930559344205
1536,3.2967182705696585
1537,3.30927347264374
1538,3.035131451322204
1539,2.784727136711198
1540,2.835441215698713
1541,2.943017320622788
1542,2.9488485768730626
1543,2.495662249313854
1544,3.0071172243186943
1545,2.4547061415070637
1546,2.339270460116176
1547,2.3642554376358325
1548,2.2191184750682766
1549,2.17325758404546
1550,2.233625681250266
1551,2.140351122460443
1552,1.8545851907576394
1553,1.8448630272460436
1554,1.7691278607851029
1555,1.7272735253132365
1556,1.5304669414492822
1557,1.6558136376499606
1558,1.5530201140757385
1559,1.608801159630669
1560,1.6710424985990857
1561,1.6269624115284311
1562,1.7124454683504395
1563,2.012260944543544
1564,1.9378520184181531
1565,1.98483134227682
1566,1.7191138118794682
1567,1.7176076419772786
1568,1.7298333386477396
1569,1.7629268450494038
1570,1.787794929018362
1571,2.0657980757244716
1572,1.8377012673441555
1573,2.0766859019938186
1574,2.1281206252173384
1575,2.113497358101436
1576,1.8200725809083456
1577,2.0838782176825634
1578,1.7423933595879508
1579,1.7861300289158746
1580,1.8051272105780223
1581,1.859316954648003
1582,1.8283556061647195
1583,1.734812968168975
1584,1.764446403837515
1585,1.677851145716901
1586,1.7387149888299662
1587,1.6951711295361753
1588,1.5057494796018958
1589,1.5670621800557243
1590,1.438206931556028
1591,1.3690568577129942
1592,1.89738895548309
1593,1.9861399008606386
1594,2.353050835202912
1595,2.378303887079973
1596,2.4304759418064226
1597,2.4494810379683143
1598,2.563355351897552
1599,3.2606110876711667
1600,2.962751789026213
1601,2.9253742384132977
1602,3.3661649734617276
1603,3.3550992617200657
1604,3.616705569408138
1605,3.655868159199116
1606,3.4956320899235127
1607,3.733778613376246
1608,3.7466583204262416
1609,3.4315258286064103
1610,3.028123174344607
1611,3.122746336042806
1612,3.0501330370744943
1613,2.939297877521664
1614,3.6166156090344126
1615,3.557095168905415
1616,3.4304274210764976
1617,2.8592862252698814
1618,2.8502901746070455
1619,2.9958430283484265
1620,3.4108795865864856
1621,3.5298364197377974
1622,3.920684306348074
1623,4.827131614989653
1624,4.952558147712579
1625,4.226204826164742
1626,3.954162680375174
1627,3.957907103425815
1628,3.463634797537493
1629,3.3984601173793436
1630,3.489613880568204
1631,3.7735113845007633
1632,3.2245621465247734
1633,3.4851886847449323
1634,3.307537715149463
1635,3.425615984003193
1636,3.403477904566459
1637,2.8765480927786014
1638,2.7709611804267693
1639,2.730363015571732
1640,2.7525320174374106
1641,2.490139888409079
1642,2.4227731134030748
1643,2.500870071177892
1644,2.462946321643138
1645,2.811845120375723
1646,2.688020380378169
1647,2.791398477073138
1648,2.7853349824117535
1649,2.7456434128207614
1650,2.371864156395329
1651,2.394756955514051
1652,2.871408686971187
1653,2.9304114247245074
1654,3.395277123077432
1655,3.381169928230936
1656,2.2979230756242504
1657,2.3436188854630315
1658,2.207635455376302
1659,2.157645757538092
1660,2.0126695841357294
1661,2.0367941879874465
1662,2.200638989944972
1663,2.159649996445881
1664,2.152206532460354
1665,1.9954048016172556
1666,2.0612448496985594
1667,1.9850288690169744
1668,1.9222785408891887
1669,1.9271341446091474
1670,1.9167982203640046
1671,1.7024780280368559
1672,1.73100863467952
1673,1.6923099323107178
1674,1.8355542957475344
1675,1.7486778922677608
1676,2.2836453050248577
1677,2.289536571147715
1678,1.8369593442891958
1679,1.8101293572584136
1680,1.7561517008022862
1681,1.7408994722822857
1682,1.7494834414831708
1683,1.533741938339678
1684,1.7294945059955946
1685,1.749748676560434
1686,1.727732700853554
1687,1.6354467835190956
1688,1.488913046036924
1689,1.4514404687428357
1690,1.4829735983102998
1691,1.5266669243103415
1692,1.3687519269803312
1693,1.4396027139197503
1694,2.3600829079739816
1695,2.41259520037063
1696,2.357963523599504
1697,2.32723728200297
1698,2.673678661616239
1699,2.9643184130572604
1700,2.5392210047052237
1701,2.439569882901903
1702,2.485594458058881
1703,2.1431082359101516
1704,2.1087561246167343
1705,2.301872209528166
1706,2.346347453259379
1707,2.340588976217174
1708,2.1670638933311355
1709,2.0596242892942787
1710,1.7710997589287065
1711,1.7607860546540777
1712,1.4741046234129898
1713,2.114371419366657
1714,1.7180080705585816
1715,2.358942649353597
1716,2.3112602373251683
1717,2.3455484508196647
1718,2.269184355799179
1719,3.0596890933378837
1720,2.823166171008357
1721,2.974753214414166
1722,3.176674945559515
1723,3.191669975834649
1724,3.1539544538825446
1725,3.0865947646170495
1726,3.7367181327432393
1727,4.0664994546128925
1728,3.977387001919892
1729,4.035962597923869
1730,4.776244535122279
1731,4.786367676314523
1732,5.075313865648055
1733,5.200410042712485
1734,5.116082909359217
1735,4.739793620020504
1736,4.247423245370941
1737,4.39183608705506
1738,4.496642320839483
1739,4.3695101805296295
1740,4.287112154154112
1741,4.799776896749879
