,0
0,1.6700755232271494
1,1.5595223473930997
2,1.4657033042808394
3,1.4797229829570984
4,1.2440089755305999
5,1.4222605606669794
6,1.2684464767753483
7,1.371895968205183
8,1.2716654919561179
9,1.3220177485656008
10,1.4477438050118625
11,1.550929860493821
12,1.6353507083283827
13,1.7231536601196302
14,1.696458963414896
15,1.9235220877109447
16,1.856266619700978
17,1.794158402781356
18,1.721051115533125
19,1.7034039422505527
20,1.7873451501427224
21,1.7634891678142757
22,1.8982540208136294
23,1.9172090644615685
24,1.8129496333024728
25,1.9366948875927574
26,1.9415588817694087
27,1.7808650683358858
28,1.794503245005077
29,1.7209815658556142
30,1.654361677386818
31,1.5539428450120563
32,1.636438853656186
33,1.527613774914421
34,1.4992425205874313
35,1.3623340247599058
36,1.5467034035091771
37,1.4118329039887338
38,1.2875317968176316
39,1.2717772800852976
40,1.2260100615413991
41,1.2599604007578342
42,1.2783532117137437
43,1.2104307367077958
44,1.2603840793251029
45,1.2528028733107104
46,1.2648002718326905
47,1.1766936822301384
48,1.169699512932927
49,1.2060732918057504
50,1.1584793281969459
51,1.180731408332619
52,1.287279237605785
53,1.2806425210760957
54,1.3857730554322214
55,1.6510949151134173
56,1.5254067231733563
57,1.5357128558241937
58,1.6578150120675235
59,1.71161542013603
60,1.7052978642122758
61,1.9765185507854002
62,2.106185600150867
63,2.214567174171369
64,2.145775372688683
65,2.1926171273803052
66,2.5737041683677337
67,2.7392552918708715
68,2.748106293420606
69,3.1467909598036785
70,3.3290783494394667
71,4.087491367836686
72,4.062737138494813
73,4.18430227909003
74,5.253188046616499
75,5.217724231698187
76,5.1969446522841825
77,5.052324998422177
78,4.423156998385817
79,4.707260934163673
80,3.767826497279781
81,4.210254511217873
82,4.4082059252566
83,3.9466108086720286
84,4.02204455793251
85,4.391532024346563
86,4.360845988651316
87,4.418879257877382
88,4.003129274753101
89,4.391548939311417
90,4.4228758868337605
91,4.110715150046785
92,4.348147146804659
93,4.78454868877777
94,5.222417891284468
95,5.2173490142575405
96,5.233302037030189
97,5.112749347035677
98,5.438062823167975
99,5.25688243935324
100,4.592811874308421
101,4.359241738281823
102,4.619044400457561
103,4.942966286560466
104,5.202001263245644
105,4.922160018896988
106,4.737340723932877
107,4.960066513602089
108,3.9431738349741225
109,4.744192769968068
110,4.361769048565698
111,3.940908559802194
112,3.7302656963117964
113,3.6916898006881853
114,3.1422675377637237
115,3.4725105829540293
116,3.430852577885366
117,3.4207703287706575
118,3.4350668182034663
119,3.408886756421347
120,3.3310438459783756
121,3.2130965177097788
122,3.366721752608436
123,3.356073506502499
124,3.349092658997583
125,3.436334200487915
126,3.0434241796965016
127,2.9897309371077334
128,3.16554472732641
129,3.371145206359482
130,3.048334418964224
131,3.3720531797296207
132,3.4001140494586495
133,3.345330829113521
134,3.5054096036026072
135,3.395330463690745
136,3.5920610366344814
137,3.323351958283442
138,3.2878742852923692
139,3.0968986588561074
140,3.132219519255016
141,2.6224536573656168
142,2.508182103664324
143,2.3517694016832484
144,2.7106858622029337
145,2.563284462498257
146,2.4462847638712186
147,2.3165309760896036
148,2.1803848508237507
149,2.1623575123974823
150,2.051828607214186
151,1.7857840001299192
152,1.700018732580579
153,1.6404949084164042
154,1.5459165710494247
155,1.6439563107280655
156,1.6386418053652383
157,1.612832664386414
158,1.486853092843027
159,1.448016082500412
160,1.3186282964986977
161,1.4022731856284956
162,1.3230824823023675
163,1.3136743686329688
164,1.0815806638434997
165,1.270999752554426
166,1.183746457335582
167,1.2784431712598845
168,1.5503618214211874
169,1.7576629559438075
170,1.7594879934337537
171,1.8206962843569143
172,1.648247045282246
173,1.9644216814697535
174,1.7111277854721965
175,2.033933498576025
176,1.8721573168115229
177,2.0420778011395124
178,2.352475055704777
179,2.217090827461537
180,2.253861383194951
181,2.1525265795539523
182,2.2013725672456257
183,2.1394266835633338
184,2.2224949588657776
185,2.273733794380751
186,2.245715543315602
187,2.1983195366254735
188,2.1856663020362235
189,2.1616079602045613
190,1.956931358161976
191,2.03004701591085
192,2.1437745887351443
193,2.162504234925953
194,1.8917395177053118
195,2.118138987924253
196,2.232383300705286
197,2.2678542897542515
198,2.216040863769369
199,2.4611753226261497
200,2.689450207783754
201,2.409233666197496
202,2.462353267470419
203,2.5918032427600277
204,2.4767965128974487
205,2.4356258421456825
206,2.394890938700328
207,2.5870191035276586
208,2.5199915662313654
209,2.3984406122134567
210,2.3383420920489657
211,2.5408069327089873
212,2.4552282328140986
213,2.5691167665934502
214,2.560716470503361
215,2.4478972367035126
216,2.317822236665712
217,2.1388738550161652
218,2.108240861749997
219,2.1381540389988465
220,2.059947052014155
221,2.069618615371474
222,2.053745955064145
223,1.9260086641706133
224,1.9430991289752158
225,1.8671542445070033
226,1.7702876720387093
227,1.7657343572459778
228,1.5852397184183142
229,1.6318900142035273
230,1.581219772084309
231,1.548962252427851
232,1.500490521200242
233,1.4476739508158387
234,1.4807940148984706
235,1.5036393599804168
236,1.3295555022728422
237,1.5132779484685583
238,1.3913621195449604
239,1.2954076667533694
240,1.3963643215525947
241,1.3738807210898412
242,1.4865113992823498
243,1.5108571738172567
244,1.507465673344123
245,1.4387367026624842
246,1.4956613152584504
247,1.5548832520420242
248,1.5462990341564349
249,1.5659186128920088
250,1.6708920660554336
251,1.653382011701107
252,1.4830093050120396
253,1.532234749115156
254,1.6016159394252656
255,1.4729229273389481
256,1.4608144741393616
257,1.4111393783980106
258,1.4668647718043242
259,1.6013925398978894
260,1.6924840871967066
261,1.6672299302490359
262,1.4698343584497873
263,1.4947611159591536
264,1.3378194938070498
265,1.3715063696903953
266,1.3048426872396657
267,1.2133131310335488
268,1.2199584340265461
269,1.2023605833190996
270,1.2716743783291493
271,1.1135166954215372
272,1.2700697040871818
273,1.2249205040959947
274,1.4042779576628754
275,1.5024318968842907
276,1.717608704035557
277,1.9675113548331185
278,1.9714119782674813
279,2.2045814113336073
280,2.408501267083842
281,2.5195080414774376
282,2.9955154012274208
283,3.2188166853772033
284,2.9883898428297098
285,3.2322768285827066
286,2.64745132099561
287,2.535578724813778
288,2.462652815743839
289,2.2858283294538833
290,2.25857829430989
291,2.11962609750782
292,1.9855744630660452
293,1.9381075946098223
294,1.9182770321115863
295,1.7944077332432777
296,1.8102441237342244
297,1.7620317791631581
298,1.7454229666180368
299,1.8201306650679467
300,1.894416322173945
301,1.6724377147439846
302,1.6597774791170175
303,1.6195830630311618
304,1.5454732422552706
305,1.5285430369311934
306,1.559214174707481
307,1.414814087292024
308,1.4831206015034528
309,1.4458287618626382
310,1.7127518445288812
311,1.557107920234318
312,1.522498009372363
313,1.4590039506081893
314,1.4929721975502117
315,1.4782350508819464
316,1.4160979648180132
317,1.472569869596257
318,1.3240053496579196
319,1.346620054032221
320,1.3294974409282234
321,1.441897298878481
322,1.4490060159578995
323,1.3928955555184168
324,1.432225858753555
325,1.3712090372119548
326,1.3801577124258955
327,1.3668392052204101
328,1.3491421113557642
329,1.473525513239995
330,1.6581349484048977
331,1.777942999738061
332,1.8449313124823081
333,1.8091541367165676
334,1.832869092011191
335,1.930191028170307
336,1.919743603250048
337,1.8278612297063843
338,1.718067667640944
339,1.6104676359081573
340,1.3996601841007752
341,1.3874480413187116
342,1.405818965078648
343,1.433373132775067
344,1.3820149617610493
345,1.3962586331870614
346,1.4166214446296135
347,1.4292654511129588
348,1.4453344287258163
349,1.4001530218200475
350,1.4105929161008492
351,1.2245819463592087
352,1.21970957713669
353,1.1985914611995505
354,1.0976289264047183
355,1.1894492888900814
356,1.1610782822650834
357,1.2857524792582353
358,1.3002476433770802
359,1.2660145085105547
360,1.3596373983337595
361,1.353396633598997
362,1.419380176615624
363,1.4376488271419048
364,1.4135988154348962
365,1.4780813078663266
366,1.5751643558831074
367,1.6945830752868678
368,1.6724945175848904
369,1.6972528612362923
370,1.6569748853641841
371,1.7173490752865317
372,1.752962545419758
373,1.7814217805355015
374,1.8850543183414628
375,1.8555774593818049
376,1.849781082161317
377,1.9238495997070089
378,1.9919146128884493
379,1.971566065913551
380,2.3392044891092687
381,2.2917002211974253
382,2.4221315514827
383,2.4482947192930813
384,2.519067740048035
385,2.41782320986868
386,2.5122334272275673
387,2.50450496416613
388,2.5370543864131414
389,2.19832591380792
390,2.3769252390947377
391,2.158406228918217
392,2.0606501572303704
393,2.124611179595119
394,2.347294889937256
395,2.290742000293591
396,2.343869053713074
397,2.273494511394832
398,2.2803982978804926
399,2.3166245208755054
400,2.3364096578566915
401,2.137236899627591
402,2.0688397212721186
403,2.310553573051037
404,2.1833216613543707
405,2.23750198721099
406,2.3422620617681185
407,2.3509564296500183
408,2.425686243766926
409,2.2561706227380283
410,2.5249360885422543
411,2.474205479748321
412,2.541699114449509
413,2.4351022063463836
414,2.3930987529432404
415,2.3952359345785457
416,2.768027659891914
417,2.679062485840841
418,3.1446632436122925
419,2.9442084759945315
420,3.24149007155833
421,3.4789561072467543
422,3.4274451529901997
423,2.9466680143973454
424,2.738520248046909
425,2.9358607384837665
426,2.5648857011134805
427,2.552991414908045
428,2.429089998655861
429,2.346025597866757
430,2.4020000986484824
431,2.108914386935599
432,2.1762113485317376
433,2.1898837519414744
434,2.0763130154964573
435,1.940550894351296
436,1.9748053562836057
437,1.693971101873353
438,1.658382457167418
439,1.8557741759804163
440,1.5900102846938653
441,1.6015879566348998
442,1.60789253854739
443,1.6199721710709736
444,1.5924241029487844
445,1.5434912844982727
446,1.6093996803296085
447,1.5168098642240564
448,1.5380752942232325
449,1.5200087937463411
450,1.5488956034835146
451,1.397919339051788
452,1.2639675662872987
453,1.2747264395892568
454,1.250271997278355
455,1.2127932987920818
456,1.1794186081586049
457,1.1136047538420861
458,1.188774004896878
459,1.1830765526458007
460,1.1897177515337203
461,1.2432243457653165
462,1.2878589025770355
463,1.3123853977099993
464,1.4380635817390237
465,1.3169862160765753
466,1.208697854310209
467,1.33111225355502
468,1.3711967528493971
469,1.3671526055398764
470,1.4682152132417758
471,1.3408796103188971
472,1.3674551507558255
473,1.338535168539962
474,1.421598848239591
475,1.5589094705844193
476,2.039306631528914
477,2.2541124343860854
478,1.9940844499804877
479,1.978310490059128
480,1.8359744911242342
481,2.0856259328583504
482,2.490138818080573
483,2.5705377278666584
484,2.3343544032650976
485,2.4172603083595727
486,2.346702305678738
487,2.3553286468045225
488,2.2361207333697797
489,2.0449884272918655
490,2.0798830787321543
491,2.0406143920272095
492,2.0286121198905827
493,1.8667172839229367
494,1.8805213383377521
495,1.9018691490995898
496,1.7844617506350022
497,1.7902589553124841
498,1.870014967074064
499,1.9124779639106946
500,1.8562179068734515
501,1.9052809345078692
502,1.9756271770326306
503,1.881302033932102
504,1.9288298082241253
505,1.86822016558571
506,1.9193418298036364
507,1.834952626886592
508,1.855264023168285
509,1.6139042013218303
510,1.454706702788367
511,1.3909443979068277
512,1.544926145430713
513,1.794287081496912
514,1.8011236613889805
515,1.8262450208565866
516,1.912229483486215
517,1.9476665271724518
518,1.9777706044533636
519,2.040988988705614
520,2.270073706685079
521,2.5492087780713217
522,2.561471122341192
523,2.5154723715903793
524,2.894373154402146
525,2.77295004396702
526,2.5779887990170667
527,2.393130198300408
528,2.3834561279057964
529,2.3729067411808638
530,2.5446490730172266
531,2.707791925832728
532,3.0034304715630307
533,3.0859362460529565
534,3.50654548062632
535,3.32795152341435
536,3.458088257356668
537,3.166582991413313
538,3.3791594299693655
539,3.439762319731161
540,3.412886767856286
541,3.1353378826243516
542,3.345726330056601
543,3.1440801838741885
544,3.239742379312232
545,3.130113854451416
546,3.2221605924242143
547,3.0861044775753337
548,3.2575617936514174
549,3.225440305747495
550,2.7864407508720537
551,3.073433700885942
552,3.174387718234989
553,2.9232243700924427
554,2.933245704339905
555,2.908963687583792
556,3.235643446517204
557,3.3761422275201594
558,3.351972993316735
559,3.393195948622539
560,3.2227198791380993
561,3.3367714679827345
562,3.1064580405269173
563,2.9745094344475493
564,3.094927422889701
565,3.1376628709101158
566,3.337855516212108
567,3.564355755580814
568,3.3354271522148586
569,3.4226914355412563
570,3.3572175510318742
571,2.9218050602619496
572,2.8411025646550816
573,2.70062258480783
574,2.634512601935259
575,2.8390682247251773
576,2.63566524004063
577,2.6499325587696867
578,2.554234131749636
579,2.3864033648628102
580,2.565485231988773
581,2.6469853945461774
582,2.6020897195700834
583,2.693250650686729
584,2.9890624615914376
585,2.9932528150654814
586,2.967817281843129
587,2.9397041313481567
588,3.6789945358714937
589,4.055364830505535
590,4.227504259420516
591,4.482061417616005
592,5.165638597820858
593,5.632215138572656
594,5.602123488053486
595,6.122359079312826
596,5.806546192323349
597,5.448672989398557
598,5.549432381070444
599,5.351801145740578
600,5.044751249727135
601,4.586204927295481
602,4.503647602931215
603,4.897585459820325
604,4.511682680168497
605,4.402846965325947
606,4.365929309022247
607,4.273642980485958
608,4.488523053846012
609,4.87441047894754
610,4.335210670682551
611,4.031253313173621
612,3.832116465721102
613,3.8226207342507563
614,3.536011395067359
615,3.6498918473265807
616,3.6649150863016127
617,3.5354105706006953
618,3.399325040389074
619,3.6698331062292437
620,3.7032965133950855
621,3.8758980000609466
622,4.133242295781508
623,3.872833548388234
624,3.903334062925213
625,3.928746403965284
626,3.7990634344697765
627,3.787657595699329
628,3.9152295492670266
629,4.086061508927551
630,3.929971690863319
631,4.570992050787975
632,4.553994479459361
633,4.103294122324172
634,4.4347290746521795
635,3.798077484082859
636,3.872190283854939
637,4.007950831744377
638,4.084405419259556
639,3.9977786678173626
640,3.4484839411060992
641,3.649782185036693
642,3.242782125805292
643,3.636105985187447
644,3.4172967522510436
645,3.6295330477729384
646,3.4323452340465113
647,3.289568946299916
648,3.435785830854221
649,3.3203413155930663
650,3.4799251852636566
651,3.793571615387984
652,3.7970573198309667
653,4.0032040600145296
654,3.7697518319123717
655,3.602516902010469
656,3.377036089388084
657,3.2819165858725903
658,3.3651943685535186
659,3.250594506702117
660,3.1348600045235204
661,3.193391607737508
662,2.975985520209899
663,2.696016638014518
664,2.8053089643288938
665,2.780389366931709
666,2.6488995554689825
667,2.475267920565084
668,2.4003311921057198
669,2.713210806427131
670,3.0241525083720444
671,3.0836217351948134
672,3.0406820785838735
673,2.9726428556425697
674,2.9062692025812464
675,2.7409678878965056
676,2.933573898618969
677,3.1701954382488986
678,3.3319554523823696
679,3.097791154912422
680,3.190184741968376
681,2.6762370532675583
682,3.0669296872024665
683,2.969846582231188
684,2.99882857460248
685,2.705041001929831
686,2.929679845398176
687,2.8768370604230995
688,3.147837971789953
689,3.356033822478396
690,3.077671578036278
691,3.077079363302008
692,2.9883160045342247
693,2.8378229788338225
694,2.9143669541364305
695,2.725407128521749
696,2.834303525901324
697,2.6046710117220733
698,2.5777487956540313
699,2.5974392600988847
700,2.5161515256201357
701,2.3723271971834254
702,2.6824713328401826
703,2.5976029799739853
704,2.5768976184799026
705,2.4933921400480856
706,2.6093952621245955
707,2.5251301963673183
708,2.4443096259749706
709,2.267813999084307
710,2.1293375834299284
711,2.2656063042527457
712,2.358858439942134
713,2.226007429263212
714,2.0947692038536005
715,2.0604888611822543
716,2.2494580890795888
717,2.368836496225813
718,2.0430586853111192
719,1.9714053509597906
720,1.7574235945909888
721,1.8228950666201618
722,1.8327854551349116
723,1.879842733637944
724,1.9150957839609168
725,2.037944677833022
726,2.2894725007292758
727,2.3011648265305387
728,2.4444624978454983
729,2.6267222710754474
730,2.535123901164065
731,2.792475983431006
732,2.800471859758064
733,3.120308878440874
734,3.099242551197502
735,3.104747273063258
736,3.458246943112333
737,3.7899824266273567
738,3.9491479756052574
739,4.115627816738042
740,4.622945702777028
741,4.596540997268492
742,4.552931780582262
743,4.345200713046065
744,4.55829359879064
745,4.527893296918125
746,4.3019059643920325
747,4.638622929635491
748,4.612897677096405
749,4.457819323349526
750,5.185943595935456
751,4.621922776214811
752,4.613354428595156
753,5.416914587823982
754,5.201537646131697
755,5.246508709623168
756,5.207555039848881
757,5.173996773120666
758,4.4818480908843465
759,4.228118187005324
760,4.072400873930324
761,3.9512591533819474
762,4.496662878280341
763,4.0704805049246655
764,4.2379400114892825
765,4.341565153214832
766,4.6501577651873305
767,4.361035409474929
768,4.037250572740922
769,4.065614653929334
770,4.356320148557244
771,3.8827457282567206
772,3.6969897902144715
773,3.5247402416012625
774,3.6274997187802125
775,3.872286289225025
776,3.9068751536711606
777,3.9424009425626556
778,3.8126390011845497
779,4.0051032950507715
780,4.080297817009392
781,3.9012860803699176
782,4.116495661228129
783,4.677985639499946
784,4.611872776328502
785,4.763815818020883
786,3.9642678953889887
787,3.732503693414239
788,3.6332168256647
789,3.691072479950321
790,3.6252726827768873
791,3.672154400702692
792,3.5251404474687105
793,3.444336004608243
794,3.6537532211235617
795,4.120270159263345
796,3.819049722052612
797,4.55208429822488
798,4.822098417484732
799,5.007933609869848
800,4.8836270258875665
801,4.9933649103746705
802,5.003347175600306
803,5.2449363621528295
804,4.895306073680026
805,4.872242942094087
806,6.087170578827638
807,6.401648851392879
808,5.627747275995971
809,6.189204409383392
810,6.455425913431894
811,6.711788666372933
812,6.458243852471916
813,6.284415209328665
814,6.082036620133532
815,5.810231807359616
816,5.160120402089675
817,4.6690427458411765
818,4.6479872519169305
819,4.7402044314280225
820,4.770810123028925
821,3.991495171223088
822,3.990608071918739
823,4.1901156171795835
824,4.099162678697151
825,4.14553411037857
826,4.488866437229259
827,4.461745255530348
828,4.536596882521374
829,4.497190610415096
830,4.651061054743837
831,4.707964675963446
832,4.685368294297897
833,4.688705104199061
834,4.711963937223795
835,4.724567250012701
836,4.383049498062264
837,4.318515293876867
838,4.164468191215832
839,4.473257690801615
840,4.847258142592962
841,4.600535397965763
842,4.132631838627761
843,4.049488056673682
844,3.7975310626284564
845,3.9114157746430087
846,3.716628674743176
847,3.51995745775873
848,3.5162793142076674
849,3.1500635427669708
850,3.392198379390357
851,3.5545248713788227
852,3.3314237857889824
853,3.3431985941348117
854,3.60157693713604
855,3.536004279018361
856,3.327345374908689
857,3.4189928079207363
858,3.3476272840902217
859,3.3451987029332915
860,3.3255372286927494
861,3.288682761900926
862,3.3562091578978457
863,3.358283076983831
864,2.9749968483324456
865,3.084851428959802
866,3.0834262206534473
867,3.310585295154805
868,3.561436463032125
869,4.180297113136014
870,3.6738472729685383
871,3.729618383057893
872,3.672437673278524
873,3.6520474459608168
874,3.3865056011391568
875,3.6003369004519308
876,3.642015127671955
877,3.116849624040966
878,2.7986780958289015
879,3.0647694774701626
880,2.917426169984249
881,3.070571283471397
882,2.6490206947413193
883,2.7626260145261115
884,3.0956366511330167
885,2.850181314306098
886,2.6403020403098774
887,2.5228708383378557
888,2.552194332239633
889,2.3982517771135137
890,2.118079228485089
891,2.14934535977232
892,1.9592928736087962
893,2.1393937326714743
894,2.041034714503485
895,1.8830186872856132
896,2.0267208219647963
897,1.9030658185878693
898,1.9282287754952476
899,1.8870841365132662
900,1.8815667348967153
901,1.907208532573469
902,1.558807819630273
903,1.5603731021587701
904,1.5114822061712498
905,1.3917314818996833
906,1.387681605220396
907,1.3498594359379348
908,1.2031421171089411
909,1.144585641984824
910,1.1443332666792767
911,1.083604112817378
912,1.0785298530906404
913,1.0412851279074062
914,1.0511575431418108
915,1.073069890219263
916,0.9919025311749402
917,0.9669698178901518
918,0.9901219026164675
919,0.8875141470319196
920,0.8434823121370963
921,0.7706797099322523
922,0.7448917142736488
923,0.7407356104502552
924,0.6804090919219933
925,0.7639440649774246
926,0.7533712257573841
927,0.7662181901686727
928,0.7423993518347297
929,0.7442404421991555
930,0.6831292069328342
931,0.6571089611754842
932,0.6502839896262792
933,0.6289300179935211
934,0.6340095079995148
935,0.760536453899749
936,0.9961861949754056
937,1.1513101172100446
938,1.7883766294213612
939,2.6033608974622164
940,3.0226960386277346
941,2.889080776131023
942,3.13986138795178
943,3.1656556062946493
944,3.069952507710206
945,2.6710883991647294
946,2.5887967225174675
947,2.635993509347663
948,2.6035196835304846
949,2.5790145305849945
950,2.6182198232232223
951,2.624786315260461
952,2.8141639013582735
953,2.597951333213714
954,2.5734946715658635
955,2.402922063861923
956,2.6059566204263915
957,2.5984755695110837
958,2.913705421964596
959,3.433485766414685
960,3.162229706176251
961,3.834808682385239
962,3.451359951713501
963,3.3950699201340355
964,3.674509808673614
965,3.886442049892207
966,3.527251191742307
967,3.7150889879970883
968,4.082867905198329
969,3.79008860205313
970,3.695407656783236
971,3.780750686290404
972,3.5138864061759665
973,3.624772851801313
974,3.49124313262584
975,3.5942174528926434
976,3.484964928360905
977,3.4623565427089775
978,3.072912205013152
979,2.9900588187978445
980,3.458532673832946
981,3.4556595250202164
982,3.1775230211255363
983,3.076220072379204
984,2.827219652666474
985,3.2596170598408154
986,2.9238710051642234
987,3.186434198006387
988,3.261851309509597
989,3.0852710843554223
990,3.214502344027539
991,3.4105895207215475
992,3.4503308857472907
993,3.2509505628629713
994,3.171624654893882
995,3.0813510236934927
996,2.961614278933525
997,3.453458456734464
998,3.2147479898627402
999,3.1341836814855215
1000,3.017840276025208
1001,2.9715497564298263
1002,3.0111408982669765
1003,2.902821453888495
1004,2.591379386052896
1005,2.4858632958334907
1006,2.3420188262481902
1007,2.03808005246603
1008,2.227609788137775
1009,2.0951792768837025
1010,2.145896420242343
1011,1.9994948291730763
1012,1.96714436730777
1013,1.9924727087832013
1014,1.9449125182578642
1015,2.0422301450853597
1016,2.1914996408448415
1017,2.408523202289551
1018,2.660933343099503
1019,2.6738618873409474
1020,3.5011591665075743
1021,3.539222520643575
1022,3.4845446877174564
1023,2.7243872281958534
1024,2.714805717272029
1025,2.9220912143135744
1026,2.9874410208026285
1027,2.7327140260820744
1028,2.978950739883337
1029,3.1141139290498128
1030,3.1327746953575453
1031,3.8942865549157015
1032,3.9715362389678703
1033,4.641701439801193
1034,4.605705605785868
1035,4.980222842229146
1036,5.0612947867859654
1037,5.447545052789129
1038,5.116910862218692
1039,5.12266825831774
1040,5.066430520268821
1041,5.410298363552808
1042,5.095348195813615
1043,6.19528445177202
1044,5.610053325368575
1045,5.649173769725089
1046,5.769675516265813
1047,5.904886329273948
1048,5.86397712088525
1049,6.176806815348074
1050,5.809942313692094
1051,5.199891768323742
1052,5.784415199222545
1053,5.06880001798665
1054,5.079603080367959
1055,4.458675507346286
1056,3.9933850153296637
1057,4.019199666308501
1058,4.391710219925876
1059,3.8583269298570215
1060,4.003576106467884
1061,3.754405497877501
1062,3.824854240035906
1063,3.5155066995352335
1064,3.8004760199613634
1065,3.6618887642145017
1066,3.662609697345234
1067,3.7136950430555142
1068,3.866505853089814
1069,3.848624931110489
1070,3.879681204320099
1071,3.958823017987503
1072,3.7840172927162663
1073,3.7670315507127308
1074,3.7222196101035863
1075,4.170290916025432
1076,3.7576340871970615
1077,3.449026742302413
1078,3.5042781389735946
1079,3.508018920098771
1080,3.2380714445513714
1081,3.214047062275619
1082,3.0863699079037703
1083,2.962047103773508
1084,2.9438085784795183
1085,2.93542323807762
1086,3.1093490008224323
1087,2.9800903840325668
1088,3.158678435998469
1089,2.966510082947141
1090,3.1268758112147466
1091,2.9198921799741773
1092,2.624055982175447
1093,2.4331250149150345
1094,2.527478269061189
1095,2.4531667456077315
1096,2.4014657455992414
1097,2.344179638556786
1098,2.337289027701038
1099,2.3053810762977096
1100,2.303201170529413
1101,1.9833936520148057
1102,1.9446982021179935
1103,2.0622775399002973
1104,1.9429763753779543
1105,1.9979307418531465
1106,2.3908278604343307
1107,2.861483841383309
1108,2.735038906802448
1109,2.909070902160306
1110,3.020314376481728
1111,3.1388351239642027
1112,2.9699613082787297
1113,3.0749642915626336
1114,3.0136543999970566
1115,2.852204243065306
1116,2.5295248169835216
1117,2.3758625358207555
1118,2.2069339050031065
1119,2.1204147577688492
1120,2.1156017828459905
1121,2.0482763450496018
1122,2.2039702519880424
1123,2.1755396478322893
1124,2.082660787716979
1125,2.012898678653392
1126,1.9164779104229264
1127,1.7272822885536805
1128,1.7987518816336037
1129,1.6633171650136094
1130,1.6005683535674673
1131,1.5822586424288931
1132,1.5536202242671124
1133,1.5104001315955815
1134,1.4967145975305847
1135,1.5494567357716609
1136,1.5508569205798497
1137,1.5599266942901058
1138,1.5730168809743974
1139,1.5091350704421764
1140,1.5733924394144883
1141,1.589132025910548
1142,1.6432748004910016
1143,1.8670827608999299
1144,1.815467322336989
1145,1.7815943629502318
1146,1.8429849347330378
1147,1.82188783872471
1148,1.8333161123271893
1149,1.9247363201633902
1150,1.951377614363042
1151,2.031056062676655
1152,1.9538384464612237
1153,2.010709058108345
1154,2.002922007653142
1155,1.8264799727556387
1156,1.9815802218945064
1157,1.9424654713204001
1158,1.9098738404173285
1159,1.9183382153235937
1160,1.8826912975664967
1161,1.8850180714123528
1162,2.0397706782373053
1163,1.9107515413807685
1164,2.0860429542056504
1165,1.909761307160042
1166,1.809324165929719
1167,1.8010476877007497
1168,1.8147413435841013
1169,1.878661989884559
1170,1.9105034558453762
1171,1.959025288661403
1172,2.061879376132868
1173,1.8959156811701783
1174,2.1042998228548413
1175,2.1241881365498223
1176,2.111583147872276
1177,2.321943953495829
1178,2.3190433622080735
1179,2.561342394395737
1180,2.9369056775237357
1181,2.9646129737920464
1182,2.9419132424267613
1183,3.373820444467661
1184,2.739131260080613
1185,3.03822009809236
1186,3.285808146834015
1187,3.225532406245435
1188,3.5553563259200436
1189,3.0685486550850576
1190,3.2323721086991255
1191,3.7009678504633388
1192,3.7472488208850114
1193,3.6945349818636077
1194,3.659216491214222
1195,3.382360976708597
1196,3.40297654458319
1197,3.63532076083692
1198,3.8326461169246566
1199,3.531662297525368
1200,3.7508714760459165
1201,3.734983131710167
1202,3.8115570748062906
1203,4.184494783217865
1204,4.035822821072538
1205,4.037314617772774
1206,4.183823700500142
1207,4.797962666705481
1208,4.955344298390653
1209,4.96385607684797
1210,5.030898362209056
1211,5.310278757709838
1212,5.871200356055403
1213,5.706645206150887
1214,6.182328191932773
1215,6.040495194013121
1216,5.111851037426231
1217,5.081299142017536
1218,4.903818526618025
1219,4.9346568094919245
1220,5.000746071240791
1221,4.563309933997044
1222,4.555688656236212
1223,4.562851834738224
1224,4.660155339615615
1225,4.757545760345492
1226,4.078476587493413
1227,4.636935142150128
1228,4.511490575764378
1229,3.8960556184261823
1230,3.908505053657805
1231,4.5572461063068035
1232,3.7541503580743245
1233,3.9838027370055635
1234,3.9872673287060665
1235,4.5722863812985715
1236,3.7882029122862306
1237,4.368395112424792
1238,3.8013103935677535
1239,3.7096446979224824
1240,3.4536543020037542
1241,3.5384468881880538
1242,3.5091220366452416
1243,3.500555873427741
1244,3.457157895711276
1245,3.4938629600439044
1246,3.7902927218873126
1247,3.6093233146623573
1248,3.7908860683844026
1249,3.862725284263858
1250,3.735656830959194
1251,3.7922162546530616
1252,4.068199982159945
1253,4.312886989001302
1254,3.8635263706748924
1255,4.027446350286152
1256,5.0144523190342
1257,4.593607903325929
1258,3.845907100869963
1259,3.953484558570376
1260,4.149540611777109
1261,4.764414124834096
1262,4.9313412553096665
1263,5.345515078554777
1264,5.739016954428783
1265,5.8181370448476555
1266,5.0809332386894095
1267,4.998551108510662
1268,5.022620081389438
1269,4.8614824109356745
1270,4.7160834558602085
1271,4.50533929892476
1272,3.8838172868162846
1273,4.11053702367647
1274,4.046744453085197
1275,4.37091135957208
1276,3.8369954704131355
1277,4.230586568770817
1278,4.036545154516112
1279,4.279611556284491
1280,3.905861473536687
1281,3.7966797003125006
1282,3.80223238966041
1283,3.829349212118891
1284,4.116481539462063
1285,4.576715866570358
1286,4.022124097970207
1287,3.9815971326314634
1288,4.3247555177993835
1289,4.911924088999513
1290,4.93883541154481
1291,4.870649797732824
1292,4.491907381913505
1293,4.711894357601773
1294,4.480026042941842
1295,4.8103697878485026
1296,5.010228983080449
1297,4.990680062133222
1298,5.025364787718372
1299,4.842992659998374
1300,5.059012860148686
1301,5.125701471322366
1302,5.262571868035364
1303,4.7478909872331
1304,4.681382142992956
1305,4.747743255805067
1306,4.472384392654712
1307,4.496426995211927
1308,4.822506805764178
1309,4.425488055220439
1310,4.7123622019955524
1311,4.326816282897632
1312,4.420059606286463
1313,3.8639616620253694
1314,3.7736008180291662
1315,3.864831230092036
1316,3.73959323566684
1317,3.6116639340495564
1318,3.596806806421443
1319,3.468132686057654
1320,3.2075067408344347
1321,3.571552348383002
1322,3.191694303871561
1323,2.82553705135179
1324,2.8834170403494697
1325,2.680529002011213
1326,2.807513771890421
1327,2.6217766704555263
1328,2.5747929259035076
1329,2.590777453848084
1330,2.4475482786846796
1331,2.2963410298448124
1332,2.2886682842475716
1333,2.3973523372695014
1334,2.601638696167044
1335,2.583778807286952
1336,2.6707261388507124
1337,2.591371517995432
1338,2.756471063106236
1339,2.7718454709502574
1340,3.108477525694615
1341,3.042350097693563
1342,3.0963326188528466
1343,2.9315659511758634
1344,2.904504850270285
1345,2.9922173517216297
1346,3.1085253221751814
1347,3.3074904674783863
1348,3.450250733118074
1349,3.6332898326448677
1350,3.453042187039825
1351,3.7513029675237233
1352,4.096185973086237
1353,4.100745295120136
1354,4.489650293124673
1355,4.288700230402407
1356,4.510426225485561
1357,4.387211513371429
1358,4.578771648120815
1359,4.499398767845355
1360,5.016420212565873
1361,5.020449760157234
1362,4.472325053364306
1363,5.013083029666233
1364,4.921127088272173
1365,4.422858212318584
1366,3.65189975664987
1367,3.4846372332493245
1368,3.4255121051574275
1369,3.4522609478872024
1370,3.158837865581776
1371,3.0770988809579047
1372,3.3346170208846653
1373,3.156536954200319
1374,3.64070275263442
1375,3.368267757243024
1376,3.4087429381131384
1377,3.6542901812820885
1378,3.1728134395334315
1379,3.044910217146918
1380,3.447123785100701
1381,2.6924802629382953
1382,2.902062195744216
1383,3.0916903337151616
1384,3.4219130351600575
1385,3.3940403232410232
1386,3.409865740545698
1387,3.406100704996161
1388,3.7841311344624216
1389,3.7435996563517713
1390,3.4107151728207117
1391,3.5867101236859766
1392,3.457180335877251
1393,3.419150799306019
1394,2.9933840091847017
1395,2.8423487293120204
1396,2.867276234790613
1397,2.958242570514806
1398,3.0390824687411615
1399,3.0958785608923423
1400,3.315082995166582
1401,3.4949483511114816
1402,3.432280175954984
1403,3.258288616535947
1404,3.086111809495686
1405,3.0892828948189144
1406,3.2177318707237084
1407,3.4695331880743847
1408,3.3298129298903145
1409,3.4704423005151193
1410,3.819011187806744
1411,4.101323370318062
1412,4.083544236929805
1413,4.602543805952764
1414,4.239056222935932
1415,4.251670869536583
1416,5.007239120643084
1417,4.86126112869046
1418,4.026067996759145
1419,3.617692933768754
1420,3.584616779706738
1421,3.6186389367779674
1422,3.5879564506902435
1423,3.3121121950564216
1424,3.2625028953462443
1425,3.3491870142747513
1426,3.238394485434416
1427,3.349190790790802
1428,3.1622937496940096
1429,3.6119748746324816
1430,3.3635460530596766
1431,3.6141053562814807
1432,3.597859286846746
1433,3.4224037065271617
1434,3.415164110738267
1435,3.4854712450124636
1436,3.662110701966467
1437,3.690033423155661
1438,3.813653536089261
1439,3.760204092822304
1440,4.039961119025267
1441,4.1166157853523595
1442,3.701429029089626
1443,3.403105638473685
1444,3.5419234543626565
1445,3.4828713717551665
1446,3.3889172339451363
1447,3.037127178772408
1448,3.4241130689612795
1449,3.1836447333354543
1450,3.1148645906448706
1451,2.8690200901847627
1452,2.743203566507519
1453,2.7681452077143853
1454,2.714403419891145
1455,2.850287237863634
1456,2.8887891879512795
1457,2.716377097573361
1458,2.6651561718223613
1459,2.605216853105277
1460,2.640217563617535
1461,2.5557455224436683
1462,2.4746240522458987
1463,2.643063743314998
1464,2.6264112119123455
1465,2.63660166161714
1466,2.698470201977215
1467,2.583236935928538
1468,2.534656929274359
1469,2.5558338857675857
1470,2.4307082790950716
1471,2.489533767771439
1472,2.3565681158873093
1473,2.244621688431235
1474,2.0588193589036434
1475,2.0122077470641884
1476,2.0118757093768527
1477,2.0151811665594646
1478,1.9990408074652224
1479,1.9686436201243027
1480,1.9759602765858624
1481,1.8639417911620284
1482,1.7609871561445343
1483,1.8153077459245222
1484,1.784481972394064
1485,1.8040433302228271
1486,1.6784282146230918
1487,1.8047064978494145
1488,1.7713576844288514
1489,1.7912377726330049
1490,1.7722886262876913
1491,1.744715951139984
1492,1.7340406500793024
1493,1.6098142818098162
1494,1.6565742999050688
1495,1.5427758688434199
1496,1.6395939065795144
1497,1.7390325429805125
1498,1.5888983407867014
1499,1.4651829156158938
1500,1.5593447891345995
1501,1.483412507107027
1502,1.3858652313826039
1503,1.364611711812677
1504,1.442692531234208
1505,1.4991091457126091
1506,1.4810671695198783
1507,1.5337014951887298
1508,1.536269725611213
1509,1.6258536382461763
1510,1.5984422649759913
1511,1.7339096203281943
1512,1.9379445958010673
1513,2.198337250172438
1514,2.303380038796042
1515,2.3681057524960587
1516,2.510784755051304
1517,2.388410640109107
1518,2.422358690601725
1519,2.348500023415421
1520,2.396846069333434
1521,2.533756489779652
1522,2.51551689199313
1523,2.3698000065342537
1524,2.4084535765647854
1525,2.3907250112640575
1526,3.0753427039873964
1527,3.4284645381808843
1528,3.766055023791755
1529,3.8633431155468148
1530,3.8881528122716724
1531,3.3872359229506905
1532,3.0985220403777203
1533,3.165720780367353
1534,2.993272667248762
1535,3.1070417253004594
1536,3.0035891182054124
1537,3.4138991291123792
1538,2.7871358756932234
1539,2.978780590486089
1540,2.770091690859671
1541,3.1172168956400617
1542,2.926474239943549
1543,3.356186933040413
1544,2.819213074270659
1545,2.988463139065989
1546,2.9376329479690497
1547,2.9443501114537964
1548,2.7709334902070357
1549,2.7352251922411126
1550,3.0206069567176486
1551,3.361462641108512
1552,3.7371168137561637
1553,3.9650966183209717
1554,4.185351558872089
1555,4.2680525818101875
1556,3.8387471748871738
1557,3.587878297341083
1558,3.5502357588071756
1559,3.569095119045385
1560,3.722096154475481
1561,3.634666118068517
1562,3.210037351553814
1563,3.8576049948074735
1564,3.410972778452895
1565,3.601789995647384
1566,3.8488308841198218
1567,3.405831425358056
1568,3.436209555395682
1569,3.352823403215729
1570,3.204212380181179
1571,3.120649523126015
1572,2.92491930522684
1573,3.018935046207827
1574,3.073373515170436
1575,3.4206420896177154
1576,3.409144857153675
1577,3.4490427644954194
1578,3.381451208856487
1579,3.377444821381689
1580,3.379313275248725
1581,3.3868283331302265
1582,3.1553116320607435
1583,3.1982035259951114
1584,3.386067239225308
1585,3.568343624576623
1586,3.4017987846704996
1587,3.704771829897125
1588,3.754092347578023
1589,4.171406637053322
1590,4.139813237805744
1591,4.024819166455086
1592,4.663652332197865
1593,5.256175634457792
1594,5.955407014461079
1595,6.4105852016135
1596,6.721196742469319
1597,6.392811216330292
1598,6.368547796639893
1599,6.050541152376937
1600,5.88777024852582
1601,5.376713240316588
1602,5.373401688120277
1603,5.1274915787501865
1604,5.54510733232862
1605,4.603553793073687
1606,4.873125710634479
1607,5.027936251228396
1608,4.383963183053979
1609,4.482745481372357
1610,4.716329659903932
1611,5.305844440603619
1612,5.10327590362887
1613,6.1308395597020535
1614,6.428502973730051
1615,6.480491569091153
1616,6.092970882197825
1617,4.783223284075761
1618,5.770246743108624
1619,5.148371019337611
1620,5.955053807671931
1621,5.502685541933565
1622,6.128525299180977
1623,6.419610010424202
1624,6.139407656873341
1625,5.976598053733714
1626,6.406587333932297
1627,6.000831188297702
1628,5.668574182593111
1629,4.7926279014229545
1630,4.493655122545911
1631,4.080436493868529
1632,4.116132613954454
1633,4.451192272505947
1634,4.316427982660825
1635,3.8241656324360767
1636,3.8039289338329834
1637,4.035815825943701
1638,4.101158212798291
1639,3.596598927531156
1640,4.582112882264486
1641,4.740431558899793
1642,4.6729764974552
1643,4.36329840361308
1644,4.718390986422531
1645,4.581786772265619
1646,4.506811671001318
1647,3.8456379700410857
1648,3.589540656325118
1649,3.5649604365644487
1650,3.5614146878287594
1651,3.4598069367647732
1652,3.5599772442326323
1653,3.392908975717079
1654,3.7494368495934296
1655,4.518874959338305
1656,4.593134957637482
1657,5.081374517260184
1658,5.681604324376976
1659,6.097605975875991
1660,5.715389793900495
1661,5.014800400331549
1662,4.889592997699265
1663,4.948414797963544
1664,4.664503656011285
1665,4.824798078997596
1666,4.604250518848084
1667,4.311667001993728
1668,3.9817669589164897
1669,3.795507310998061
1670,3.7311581542620664
1671,3.961376111293186
1672,4.044728403172011
1673,3.745514687162066
1674,3.844170980241896
1675,3.8749560376745293
1676,3.729510638263686
1677,3.733209450187096
1678,4.646857392230713
1679,4.850519517988498
1680,4.839376995378485
1681,4.189954437074755
1682,4.441715397815616
1683,3.932849138415005
1684,3.523522961224841
1685,3.750326151279702
1686,3.9203201793415583
1687,3.9308082836083242
1688,3.819123192565232
1689,4.056957264115298
1690,4.657597908599245
1691,3.9145272894482495
1692,3.981767662142045
1693,4.668632190601721
1694,5.155866014164094
1695,5.155683167814665
1696,5.087082052573212
1697,4.786685300332577
1698,4.882609222795403
1699,4.91034690074934
1700,4.8031239191333945
1701,4.1420706061320995
1702,4.188201588474743
1703,4.022090421227735
1704,4.435632472765108
1705,4.00135947511068
1706,3.823399246454569
1707,4.0582717256694565
1708,3.8458937216136806
1709,4.0224635164612765
1710,3.7572443952034296
1711,3.6469161794315004
1712,3.401982327615013
1713,3.417230629140858
1714,2.944411025214072
1715,3.321069922577624
1716,3.0032154700563476
1717,2.6878666128431505
1718,2.9389095997496875
1719,2.7150794060531447
1720,2.878441103458166
1721,3.067912863371811
1722,3.3469742043950292
1723,3.6259047319738125
1724,3.630072442418242
1725,3.4834590909577825
1726,3.307208561207087
1727,3.2445376284011096
1728,3.470161247235914
1729,3.23690848456354
1730,3.184513410830287
1731,3.244321460404465
