,0
0,6.152573765936219
1,6.1410932464557
2,6.119497704374132
3,6.097115195815154
4,6.065313512813823
5,6.055449114602385
6,6.055449114602385
7,5.69454071558039
8,6.039970046663958
9,6.068579964115789
10,5.792682260810638
11,4.888469254139947
12,4.477011227414977
13,4.278118842608754
14,4.710986092233401
15,4.678704027749641
16,4.761752748070264
17,4.7488100383208725
18,4.708173265831248
19,4.471841434849036
20,4.305273842914527
21,4.0157169061080555
22,3.9144292666731357
23,3.7121404275827135
24,3.9432528123764627
25,3.785145448157666
26,3.2536803538444032
27,3.3707364619728413
28,3.105035717560692
29,2.8917308385905938
30,2.89229212549995
31,3.192599607458099
32,2.8555147555767135
33,3.1575106960889308
34,2.9701857447424826
35,2.9484435013152535
36,2.9979569054417
37,2.8283095430119833
38,3.215704509101848
39,3.4463005353574356
40,3.652382898163498
41,3.8306939656389405
42,4.170441339390897
43,5.3468715543045775
44,6.05847828204195
45,6.085511892325715
46,6.084379835058364
47,6.084379835058364
48,6.084379835058364
49,6.084379835058364
50,5.625796066457824
51,5.420717022753218
52,5.1766552476827545
53,5.232528677557347
54,4.7792111095743754
55,5.305677712642642
56,5.310118898955837
57,4.734836922683881
58,4.716572149166114
59,4.564528752151612
60,4.69205177940807
61,4.619046614361594
62,4.532943930134351
63,4.354291692303906
64,4.129689430185011
65,3.9152876335568254
66,3.782316325463644
67,3.603738698607453
68,4.034509164283842
69,4.1048960170429165
70,3.8340696006288066
71,3.883272153448587
72,3.803858375559955
73,3.5604709671194383
74,3.7022449004304328
75,3.6620155914898653
76,3.530476725201151
77,3.2127065194201085
78,3.632319767239191
79,3.7142911935852747
80,3.734960675284498
81,4.095770052422923
82,3.8393888675300993
83,4.165554345676615
84,4.469287786536535
85,4.427696746233775
86,4.657205683198491
87,5.3229347217783065
88,5.3342694765608085
89,5.688598263192336
90,5.650243849907845
91,5.389885208004335
92,4.712327159894083
93,4.666677229096621
94,5.317172089785395
95,5.335839647717658
96,4.68697308279329
97,4.673683646454511
98,4.6107545331799695
99,4.603421899747444
100,4.334867890686368
101,4.155958383020791
102,4.055163948673318
103,3.704777182736126
104,3.4037318912789423
105,3.4060558120254827
106,3.3497629101312274
107,3.1199640940842084
108,3.3225618119894635
109,3.404061243979182
110,3.446045354616637
111,3.424657380826045
112,3.431272757486331
113,3.2061493238046457
114,3.4578996356632903
115,3.4277142219013332
116,3.48179372427677
117,3.5645578901699064
118,3.5211843885742478
119,3.592745167638781
120,3.609068721766582
121,3.607106183784001
122,3.682772683527969
123,3.7338849492833974
124,3.8960302220130956
125,4.121580166104573
126,4.587525566153463
127,5.26766564437611
128,5.354888595359057
129,5.359128728759128
130,6.066575030845138
131,6.1140815510621085
132,6.125983766493735
133,6.129759688122141
134,6.129759688122141
135,6.129759688122141
136,6.1410932464557
137,6.106821307719476
138,6.119497704374132
139,6.085466030556802
140,6.057376178157737
141,6.057376178157737
142,6.041024619676045
143,6.053145298489834
144,6.053471883669361
145,6.0415696682377344
146,6.045150716818783
147,6.068579964115789
148,5.5756846305646555
149,5.997564258213748
150,5.538274913206784
151,5.772093957247925
152,4.941792148924636
153,4.77609221227026
154,4.771560832642766
155,4.674273331652839
156,4.30699345652412
157,4.270538864167906
158,4.441214194849683
159,4.0899097220519485
160,3.71428268027432
161,3.4390044241647635
162,3.435463792969886
163,3.470309436201906
164,3.1156236055881616
165,2.9994495159258205
166,2.9472020606994183
167,2.8156921598457543
168,2.873213998515027
169,2.6202327730850454
170,2.8764154716793984
171,2.882259845348197
172,2.8110699648199717
173,2.580330986925768
174,2.5176118736246713
175,2.812069958201839
176,2.9055102215651667
177,2.37631211046326
178,2.2336889328783402
179,2.1113628391967163
180,2.243692263422715
181,2.290888026287953
182,2.274014253963935
183,2.4468696499016773
184,2.4921044879953405
185,2.5580910109127912
186,2.4744219369590286
187,2.3722730486343537
188,2.3769266112226917
189,2.484319909924807
190,2.587717517143436
191,2.567929365083831
192,2.5975199626557366
193,2.8666774646587747
194,2.866619926226086
195,3.03845067868508
196,2.8373157827969964
197,3.034966268730348
198,3.2091760416507027
199,3.188364798737858
200,3.166516770574542
201,3.153688381669766
202,3.0958452266022825
203,2.805206431912505
204,2.7895832474141176
205,2.7840172607791613
206,2.778907496853166
207,2.586818438857876
208,3.4744734284303225
209,2.8245126787586297
210,3.061209763824132
211,3.489117657016326
212,3.31498166098526
213,3.388625306461831
214,3.2039979123723583
215,3.2334675039120397
216,3.098930468041808
217,2.760964412952224
218,2.9616815068152107
219,3.0225264734962916
220,2.7462103962236792
221,2.7661555197153347
222,2.4774875004532744
223,2.1610243274200918
224,2.2184502048691885
225,2.120126111857514
226,2.126724232390906
227,2.0330662757924096
228,2.024697940608698
229,1.9706651148661363
230,2.075823270144525
231,2.108533709046585
232,1.9996623963031002
233,1.9796520914192448
234,2.0629386015696487
235,1.9907943546623892
236,1.939104242813702
237,1.9265053641084537
238,1.83550967234897
239,1.8259336148350909
240,1.7588287728120362
241,1.761487207731414
242,1.754283522592827
243,1.5611169282888586
244,1.7183867355871087
245,1.6624335154672842
246,1.8332154364491993
247,1.6699935153609933
248,1.9279693757135634
249,1.8879950998793773
250,1.6722533906723145
251,1.8358048259252848
252,1.6551944723801326
253,1.6549470111514388
254,1.5905534677982633
255,1.6551414836358673
256,1.9144961107160823
257,1.8368003136803517
258,1.8348913525927903
259,1.762531213350653
260,1.711946548150047
261,1.827292075591765
262,1.8451529637567172
263,1.9195870895981457
264,1.9659189046981014
265,1.9592109195401501
266,1.8486968177122252
267,1.6348652961845365
268,1.5402133201191113
269,1.5296881042137531
270,1.5152736959946358
271,1.497736254078378
272,1.4638349187853124
273,1.450806688394714
274,1.406179281477448
275,1.4494769186590626
276,1.4184387990954905
277,1.3759440104400367
278,1.4307726237437113
279,1.4038161144065608
280,1.5148893375449493
281,1.410184372419309
282,1.4309262162635639
283,1.4154814028081684
284,1.4803519951725073
285,1.2685068151210108
286,1.2070745089731696
287,1.2639589012331418
288,1.2339564012720026
289,1.1402824209200462
290,1.0746840864719314
291,1.1440342457307349
292,1.3930348919911832
293,1.6855678587155671
294,1.6473674215351632
295,1.4997742682294875
296,1.4892652024931152
297,1.6587159692702031
298,1.7768805327458486
299,1.9383838740220778
300,2.264628256490885
301,2.402868075942044
302,2.29628052067652
303,2.265180516378185
304,2.286171326596632
305,2.322593704512453
306,1.8765226766974423
307,1.852073133279893
308,1.9990610461019513
309,2.014820375193481
310,1.8744203224841112
311,2.10007226256855
312,2.1920108392454773
313,2.3168286438661925
314,2.308843024671415
315,2.298105787842758
316,2.095009264769324
317,2.045094076511544
318,2.154123594503925
319,2.0584558319760866
320,2.0302064790423606
321,2.121893789234961
322,2.5304206754697307
323,2.3235472305032427
324,2.2916497506227946
325,2.0878895835026574
326,1.8667752764315566
327,1.7253386895746883
328,1.8184193387027014
329,1.9282313324872071
330,1.9423683545598476
331,1.7516658963472782
332,1.8758422620002235
333,1.8853481770311749
334,1.6634070635720812
335,1.9472792962783685
336,2.1186989438833916
337,2.0434168774256496
338,2.043187151480361
339,2.344570387741122
340,2.407472917609569
341,2.9150465803239096
342,2.9033975832615955
343,2.9208576789886695
344,2.679184809183591
345,2.9723245726858596
346,3.037179214196798
347,2.8365188126508185
348,2.6775147362825242
349,2.631449543243993
350,2.476587785544346
351,2.3668308743043536
352,2.7939944785176136
353,2.4991287056050195
354,2.63002670300893
355,2.5836880991577234
356,2.6590211737578335
357,2.78286833328429
358,3.0202537589677907
359,2.7955758933621464
360,2.771798957970918
361,2.992338620736874
362,3.0665320877892936
363,2.816929021303369
364,3.144226370729465
365,3.204901104298088
366,3.161613662843507
367,3.0455710367186204
368,3.024677750315938
369,3.1662323343723684
370,3.173218963850421
371,3.176002405831494
372,3.154980613205791
373,2.8746331090159645
374,3.541569585232503
375,3.761339657279224
376,3.7774783521244073
377,3.999704530982911
378,3.9377519595877057
379,3.964469911221335
380,3.8937728173324477
381,3.8914165594224412
382,3.640963555783701
383,3.432024884407616
384,3.282601551979856
385,3.026181769566945
386,2.9711547883015856
387,2.9853188346592487
388,2.938405398925295
389,3.4348487150073033
390,3.4518485274954736
391,3.089191649859257
392,2.945352882839579
393,3.525520175800599
394,3.29491565839491
395,3.0913080004179956
396,3.2252852400397565
397,3.0591343458720077
398,2.948913754772236
399,2.7982975856940175
400,2.761570944449508
401,2.7458905136387286
402,2.6342077955170584
403,2.7642715606439614
404,2.698083199283704
405,2.5660478198439343
406,2.688264277221015
407,2.855727566901286
408,2.593717643504734
409,2.5021945185564562
410,2.723712539618385
411,2.4287871971523183
412,2.3865387703757985
413,2.2881936735412474
414,2.2917483625954533
415,2.2394305198879243
416,2.1126368988871946
417,2.0738303541173817
418,2.1716473817796893
419,2.157492499502785
420,1.9874689708499402
421,1.9568349782121217
422,1.9324122968934836
423,1.8093191446099604
424,1.8296213263312826
425,1.8565530845876599
426,1.9523641819557902
427,1.9710326453036018
428,1.7549417430501741
429,1.740890034105904
430,1.6897155286685381
431,1.5043108546615922
432,1.55199181480899
433,1.446128150416262
434,1.3677864139080145
435,1.426297897992014
436,1.3551732666851803
437,1.340013429082308
438,1.352599760371155
439,1.3357742836273636
440,1.2440017528501164
441,1.2939570506299214
442,1.3575785035822134
443,1.3554429386479274
444,1.3421642299612004
445,1.5282624958388284
446,1.662222926747048
447,1.775546427165159
448,1.9150573875178054
449,1.8040262691163782
450,2.009684407702584
451,2.103471003220551
452,2.3968504624081626
453,2.3839756066199755
454,2.3978160131287143
455,3.0590182994431525
456,3.0661633180673116
457,3.7184640233767716
458,3.818626464458203
459,3.8255643348270234
460,4.012938512086775
461,4.657979439323043
462,4.851267505584065
463,4.679693163775973
464,4.723371896560931
465,4.84469216947546
466,4.236239330533286
467,4.831789361559006
468,3.9717862623676137
469,3.827431413681197
470,3.5936368556783793
471,3.841262195215938
472,3.6113835564193906
473,3.440081619093404
474,3.3312619964490393
475,2.9933739190623982
476,2.9653748921823646
477,2.653947634672376
478,2.66347175387788
479,2.424396185968182
480,2.3421972796038255
481,2.3131992341464622
482,2.30692439715446
483,2.3525219097413053
484,2.7649478936675274
485,2.9032139364141387
486,2.9861544736561147
487,2.8724524336776334
488,2.9609950148149577
489,3.4977637649757516
490,3.927318592904259
491,4.292306688396263
492,3.990685912694439
493,4.066965444986378
494,3.690791847940045
495,3.4715743271781387
496,3.4187399527515847
497,3.2181823556190072
498,2.792432155362896
499,2.8586456023942595
500,3.5200630794621883
501,2.9056953805500183
502,2.7208585893010406
503,2.9144555376817594
504,2.708240655171225
505,2.8219320235401755
506,2.789644866506489
507,2.5395207841047545
508,2.2937771845864616
509,2.2104086647261854
510,2.430213747999653
511,2.3157264435667164
512,2.1435483651659246
513,2.1012461647439893
514,2.0174649952681913
515,1.741477428555607
516,1.8161902489473554
517,1.813540587643452
518,1.7134237830240375
519,1.59341920987252
520,1.7874417824501263
521,1.6954097302936653
522,1.6105600756286858
523,1.585489759045771
524,1.5746460568401965
525,1.457395713167663
526,1.4640812270157266
527,1.537418177488094
528,1.5947913361812593
529,1.5000966254151928
530,1.7228289504211138
531,1.9455313577623419
532,1.9378936472891042
533,1.7477755783945024
534,1.9726458179073298
535,2.100547717585947
536,2.257331386923755
537,2.256782471625929
538,2.347404332759654
539,2.4888442754566587
540,2.628041627972314
541,3.0816635425970764
542,3.7749844289351095
543,3.5297853253405966
544,3.8182953843842307
545,3.7126591402237565
546,3.7814857537957267
547,4.01740717714727
548,3.94392944400299
549,3.9719503480407514
550,3.7670028896972547
551,3.5331699243015775
552,3.8575634367282214
553,3.785163366338231
554,3.8335646927535003
555,4.183600696410453
556,3.8848222562332513
557,3.757454726288865
558,3.5083851609528742
559,3.76544765653765
560,3.8853756489536138
561,4.0012608526776345
562,4.200929576231565
563,4.463353800700623
564,4.5975841407857665
565,4.328692833968888
566,4.505970449575605
567,4.0025593256015295
568,4.243345350413132
569,4.660790920647886
570,4.675231823745238
571,4.271578235359386
572,4.6621376266558805
573,5.2980187588214545
574,4.6836943697673705
575,4.612439952399535
576,4.1946436370217635
577,4.515335172419906
578,4.662081883306532
579,4.679013207930107
580,4.6967236094534215
581,4.911287301828994
582,5.347689953707018
583,5.676598038464951
584,6.100954897622955
585,5.305051452665104
586,4.702425222143776
587,4.129835766606785
588,4.034362498973258
589,3.7856023913082746
590,3.919966150894908
591,3.765330641779324
592,3.495885667695061
593,3.5274505530565348
594,3.5270892819855595
595,3.430755777977406
596,3.331434187092791
597,2.9731300253253647
598,2.9335253638197285
599,3.0681555022458125
600,2.3768002963463526
601,2.3454828351090575
602,2.298728567706773
603,2.299070976104791
604,2.375360733200815
605,2.4170545947616264
606,2.3957323437017344
607,2.3093342976249875
608,2.29328123893113
609,2.1311940793291644
610,2.2427710340519127
611,2.2822183195154135
612,2.421936816849038
613,2.435968001689447
614,2.357779602355953
615,2.4561842213176637
616,2.519612059241552
617,2.381127691792597
618,2.403381785755561
619,2.356105143409403
620,2.526018800518177
621,2.52509230913453
622,2.535654716556467
623,2.5287456939185566
624,2.4379691736219056
625,2.5360271158138383
626,2.7812011687470326
627,2.9087606782264834
628,2.9534005050827843
629,3.061922384696491
630,3.5549561375416228
631,3.5671953218829215
632,3.152987570082472
633,3.1394434438622314
634,3.2734096560906596
635,2.819184051759841
636,2.892852065770268
637,2.77655212617088
638,2.7289290661886283
639,2.528602061873138
640,2.46321423249619
641,2.44790608541126
642,2.3348674601420965
643,2.2724568063754065
644,2.258879415200196
645,2.1164117018691395
646,2.083627892931089
647,2.128342552617058
648,2.0195499121772253
649,2.0450999453617316
650,2.093059783916237
651,2.0346472442853436
652,1.9830122673368864
653,1.9072857900444433
654,1.9498241881961895
655,1.9328933492941534
656,1.9369557953222383
657,1.9357425715269532
658,1.9025973645296737
659,1.9209427682300426
660,1.9233377610762465
661,2.0217467701984764
662,2.0229213139634585
663,1.9122570858493406
664,1.8975931171730651
665,1.9131921476284488
666,1.892787286501088
667,2.0796556850203154
668,2.2129348171879086
669,2.083716950682135
670,2.1588433162893415
671,2.0896849203028913
672,2.082127681245652
673,2.370835057257532
674,2.516072687441088
675,2.902985136111638
676,3.3385110313520836
677,3.74269791223519
678,3.7007664023063707
679,3.913099721130398
680,3.889053175388532
681,4.295162666947734
682,4.289181652319661
683,4.786877639797319
684,4.811166272055696
685,4.800149853712943
686,4.618178691599478
687,4.611209913752613
688,3.9742638721760453
689,4.286260416144116
690,3.780867511578484
691,3.8405754426634573
692,3.627563991729364
693,3.5039811276428976
694,3.409584281183765
695,3.159284256776112
696,3.4614764976761605
697,2.8849133356430827
698,2.9618774524133507
699,2.852458735337607
700,2.7917934979998047
701,2.7890484735054693
702,2.7620271956912736
703,2.7627840820263594
704,2.558410360179343
705,2.5797891093251857
706,2.5454314210665796
707,2.471284067839758
708,2.472789631675872
709,2.2193373542168584
710,2.2850899288041924
711,2.311749903688967
712,2.3092309843558847
713,2.2916191151055747
714,2.3083243411473666
715,2.136074380770226
716,2.1362550655527146
717,2.261406764702734
718,2.278542144311485
719,2.5402734431818486
720,2.828424246302253
721,3.0255606787151303
722,3.045338611575796
723,3.1966878905638807
724,3.1119342193285666
725,3.199842824622423
726,3.3094507153346715
727,3.5701042045723796
728,3.903638434287317
729,3.80578907198607
730,3.9613149441126945
731,3.8932591309845828
732,3.6850965813665177
733,3.5133966418152967
734,3.5491379431124064
735,3.4894953895983916
736,3.522599618698225
737,3.4990189609888884
738,3.287252624851932
739,3.268803361647625
740,3.4015210320310985
741,3.468284026388794
742,3.099695124223083
743,3.2060044042094122
744,3.313791479604358
745,3.066815603842212
746,3.208547988329005
747,3.250386629296934
748,3.291707575866382
749,3.5045419074438726
750,3.2697113609852613
751,3.1656600301935454
752,3.110801272545882
753,3.529470065844158
754,3.019625022367591
755,2.573155458309707
756,2.530327984163282
757,2.1652085549266937
758,2.1408618721098485
759,2.249156803098582
760,2.085193648501714
761,2.105771115443955
762,2.1744799095500684
763,2.2315431031540465
764,2.3149444986817156
765,2.242182661746019
766,2.251943540834627
767,2.3064820453322006
768,2.2331731584760313
769,2.401308238126144
770,2.330156659174025
771,2.4965146892917764
772,2.7783494937746984
773,2.5445432614797303
774,2.9114946497316647
775,2.5424717413021654
776,2.35768949459075
777,2.49057313748963
778,2.477473570416325
779,2.473305359219956
780,2.45211816583034
781,2.6254072663958445
782,2.530615034268988
783,2.2738441268668614
784,2.223559825765988
785,2.148295921972255
786,1.9801345823555139
787,1.8570591420211096
788,1.9651105518160707
789,1.9774291961537114
790,1.8568438611598133
791,1.901348958061201
792,1.8176885638465143
793,1.75746685817218
794,1.7576668418413253
795,1.740999936305047
796,1.7565273097854852
797,1.760174216729011
798,1.7523376467533163
799,1.7110780044831828
800,2.0208178969259993
801,2.0171342181523855
802,2.0183984051603288
803,2.2054573246859888
804,2.2249046001802477
805,2.3360061675500763
806,2.088615207041919
807,2.068741697723663
808,2.1585232909634837
809,2.2259598994209964
810,2.08416032329359
811,2.0733883436836344
812,1.953408886795591
813,2.0084723612639155
814,1.943849516895402
815,1.8744446140219697
816,2.032398291306978
817,1.9914437178677589
818,2.093154056181273
819,1.7650382869549173
820,1.88465003685709
821,1.7823673025865918
822,1.6621161989016073
823,1.7667575553344768
824,1.6323666295096597
825,1.5970254931486145
826,1.546822758700263
827,1.4637535306625902
828,1.4902144051007893
829,1.460991373919226
830,1.326908470061297
831,1.34836781916121
832,1.3882834811413003
833,1.2905444439016391
834,1.3255144568329422
835,1.3389499047621145
836,1.230450591751365
837,1.0565610475699962
838,1.0315681067080982
839,1.1019119317775392
840,0.9941247875489049
841,0.9862529620989552
842,1.0236057551127038
843,0.9887392563745855
844,0.9305117683679119
845,0.9889936938672823
846,0.9332290229059548
847,1.0298953925347605
848,1.3469677647501226
849,1.3960448706051911
850,1.7010311758731835
851,1.6978689696500278
852,1.7110396591598789
853,1.9674723418806093
854,2.1119326105626475
855,2.4091011731034655
856,2.457375521967019
857,2.444086555083068
858,2.840684099381825
859,3.1496410884649744
860,3.5545091190980322
861,3.7904252411849155
862,3.908165510215229
863,4.169284397439453
864,4.446653440567525
865,4.888965602501107
866,5.2776420801571975
867,4.855580818404214
868,4.727489959900288
869,4.247268806908876
870,3.9798962566989124
871,3.9984746549580876
872,3.7730868512914126
873,3.539044578590129
874,3.662940436612698
875,3.7161143125090113
876,3.8954988212720965
877,3.928484796481364
878,3.8996941105481073
879,3.9300458068582484
880,4.400632321859964
881,3.7825522519533554
882,4.080370324476428
883,3.7869868179334563
884,3.6260321569222964
885,3.884554130022322
886,3.772876243286188
887,4.101001643435397
888,3.924654081694878
889,4.450852812824492
890,3.9955382924326797
891,3.9998087152427106
892,3.803169669168802
893,4.6666874836358705
894,4.556979334184935
895,4.451363628380813
896,4.6902846786873615
897,4.6073935997209
898,4.8104985023971585
899,5.343087298848651
900,4.726604472742455
901,5.352004490851248
902,4.641325479119398
903,4.630306153866708
904,4.379374979184898
905,4.227806764739255
906,3.803622604076382
907,3.6435997543741854
908,3.4971407329818502
909,3.6388462363951337
910,3.5578835965443028
911,3.479058659920236
912,3.419493356115398
913,3.4396505935029054
914,3.770501540498624
915,3.026181783469106
916,3.1181231708359105
917,3.2862581143795735
918,3.3802948244826556
919,3.387088447412002
920,3.2557354653737898
921,3.3105397142544724
922,3.0692636335145296
923,3.294402786210955
924,2.957712956244475
925,2.843525087006637
926,3.174312635675561
927,3.5337825248720898
928,2.8593637534092995
929,3.5775527647234053
930,3.008639914312785
931,3.0716542017882493
932,3.509589348807833
933,3.441045415404317
934,2.784940799604913
935,2.7554651035864364
936,2.7381714726316564
937,2.9006791378171126
938,2.6128029561943813
939,2.90215062151903
940,2.735927381189512
941,2.569724688606138
942,2.554571470216761
943,2.7506643676178397
944,2.867995531677116
945,2.359376429408
946,2.5059615064296517
947,2.5080067253458482
948,2.4669652025960276
949,2.5301287846655525
950,2.492960205545371
951,2.4451985699069523
952,2.722631334668608
953,2.541759285975233
954,2.5049853220103473
955,2.502673683072692
956,2.6914042307105084
957,2.6690471525841475
958,2.749134752500099
959,2.71117586835961
960,2.938112406206547
961,2.7806504021515184
962,2.6694894519360792
963,2.5987719756648353
964,2.567665397861058
965,2.3131765547866263
966,2.4755295138280715
967,2.3070099535895334
968,2.514106616394177
969,2.5483363362912113
970,2.6973760416758097
971,2.66345610686696
972,2.4904311585967096
973,2.518443009989183
974,2.3401908025053113
975,2.4641192800789007
976,2.378463909086606
977,2.2168253301906744
978,2.0971845560462223
979,2.0857572238247513
980,1.9842043571875951
981,2.078277128099665
982,2.035926333276162
983,1.925831308347241
984,1.9410071224600558
985,1.833412696778611
986,1.795957916117706
987,1.6194749799084787
988,1.5678560696897006
989,1.7211585763913124
990,1.6133284922837954
991,1.589420150941706
992,1.5470664437822628
993,1.5508315123020295
994,1.5237264150801897
995,1.5240100287378215
996,1.5122931210800237
997,1.4876771384801057
998,1.4293416862679351
999,1.4152458046213405
1000,1.3882156210318062
1001,1.450555361563557
1002,1.5021823173742077
1003,1.5685753325304088
1004,1.6472432333237774
1005,1.860131679055984
1006,2.0322505833417117
1007,2.595998554801573
1008,2.569546087953428
1009,2.365947471976162
1010,2.2730104381779204
1011,2.152957041016261
1012,2.3192692288646386
1013,2.178032090118091
1014,2.134295906561353
1015,2.0310544239022774
1016,1.9889511351082396
1017,1.9864935023634427
1018,2.0027245123868815
1019,1.9327508696672873
1020,1.9014907901739886
1021,1.9127654177106586
1022,1.7085209284567762
1023,1.7003286037090477
1024,1.6267448710782553
1025,1.6084253421222268
1026,1.5452396460770599
1027,1.4936580224748692
1028,1.5227064758915243
1029,1.5052113414997057
1030,1.569934178959557
1031,1.653644707102242
1032,1.456723467936677
1033,1.42655847809639
1034,1.4529974523139253
1035,1.4074489629808788
1036,1.3340996923822266
1037,1.4000791770265608
1038,1.4032936347603826
1039,1.3417597631780909
1040,1.4132154542250333
1041,1.346834979161665
1042,1.6071318734176345
1043,1.596005771366474
1044,1.8945238153053203
1045,2.1094085957234725
1046,2.2858442934009795
1047,2.2951920573551368
1048,2.324267610466688
1049,2.333410931826662
1050,2.5290464459269644
1051,2.7376370360921487
1052,2.9199911175898516
1053,2.62193015635812
1054,3.0304926506890655
1055,3.136543816109339
1056,3.009820409777236
1057,3.1540719065058176
1058,2.784886425079259
1059,2.3527627525144084
1060,2.454369872348506
1061,2.506197670674192
1062,2.3217587146270757
1063,2.1810927658060786
1064,2.2000470851617666
1065,2.188190631155163
1066,2.201322378498691
1067,2.1024598175551863
1068,1.8822707039052549
1069,1.9813362646140174
1070,1.8539833515073902
1071,1.7072864128640075
1072,1.6414269639098018
1073,1.8276530360031555
1074,1.9731165581566124
1075,1.7582452986213346
1076,1.7301882963917536
1077,1.5958874445751332
1078,1.825531327671457
1079,1.8490439222865895
1080,1.6345614135201398
1081,1.7587301680655272
1082,1.915376681627116
1083,2.111374479693974
1084,2.1733267968789987
1085,1.8749432649170552
1086,1.9150296543019338
1087,2.1980546609849156
1088,2.352625269702045
1089,2.3488391366406467
1090,2.298526128629377
1091,2.054882252440063
1092,2.089533699759745
1093,2.2624151523889573
1094,2.186518480406875
1095,2.3673820380304047
1096,2.324511821786253
1097,2.4809964280859877
1098,2.5323805599318363
1099,2.526476069799959
1100,2.4292217272868184
1101,2.406186024912612
1102,2.337599200662277
1103,2.273296864191867
1104,2.0868347377399523
1105,2.2519063160795714
1106,2.157133449752625
1107,2.092581255058282
1108,2.2023702092575337
1109,2.1789589775653138
1110,2.29965712703724
1111,2.2924247095921033
1112,2.168660531083541
1113,2.1264209213511385
1114,2.125541043790947
1115,2.2208103752131994
1116,2.153875205307067
1117,2.0285969394171013
1118,2.102969895005717
1119,2.444766301692725
1120,2.3303699823254993
1121,2.395743938581395
1122,2.5444452946131495
1123,2.9439899171948674
1124,2.8391992853620507
1125,2.9810239371382616
1126,3.045636076724931
1127,3.0727693185049385
1128,3.0765627859259514
1129,3.073584096584305
1130,3.0564801798024086
1131,3.067881553892533
1132,3.0135139877784605
1133,3.152524628557511
1134,2.983397131355101
1135,3.1715278344810955
1136,3.1649076735221593
1137,3.218637800170438
1138,3.068887035114331
1139,3.130305751918541
1140,3.038863323501621
1141,2.8422705819902836
1142,3.0236410632104382
1143,3.116962691394228
1144,3.0208523706221513
1145,2.626177405404777
1146,2.776377709686366
1147,2.9832091086359327
1148,2.990180420780789
1149,3.0361442924821027
1150,3.3858464563332715
1151,3.223955192446819
1152,3.2219433349249105
1153,3.390202379451433
1154,3.1544792689521612
1155,3.4319081276544057
1156,3.5467668584771626
1157,3.494478803169911
1158,3.3978269464904858
1159,3.5241342853893234
1160,3.2629584370851306
1161,3.237127715207553
1162,3.5856377147943834
1163,3.370107430026758
1164,3.6368851636690978
1165,3.74118056917012
1166,3.6403510647892636
1167,3.899298109503176
1168,3.825286545958993
1169,3.6335014388531697
1170,3.706241049246426
1171,3.964057193043681
1172,3.8325002338689154
1173,4.333302102723351
1174,4.074088764804598
1175,4.527332227135643
1176,4.664884024125925
1177,4.720293186721799
1178,4.73310272145514
1179,5.5509136567066495
1180,6.127544897065439
1181,6.152573765936219
1182,6.152573765936219
1183,6.152573765936219
1184,6.152573765936219
1185,6.152573765936219
1186,6.141115905014073
1187,6.1070504403808155
1188,5.765972725869827
1189,5.703144708723727
1190,5.559007110417408
1191,4.880123851705694
1192,6.031847365690536
1193,5.497675921334453
1194,5.630908440047387
1195,6.010905635632913
1196,6.023352899626229
1197,6.020590408732436
1198,6.042568116482203
1199,6.043310333544021
1200,6.022747916328561
1201,6.028860091391291
1202,5.714937841416539
1203,5.689542008975802
1204,5.515256146846155
1205,5.484903447658007
1206,5.425181348956707
1207,5.409399805488308
1208,5.340224615342917
1209,5.399517894538134
1210,5.45863552713022
1211,4.833573679050309
1212,4.81138741968284
1213,4.532168436935477
1214,4.61880392124881
1215,3.9214834690159948
1216,4.263017797768383
1217,4.277031484448241
1218,4.303647427029407
1219,3.972884671523244
1220,3.698596947226915
1221,3.4169476045655633
1222,3.342203841955622
1223,3.402343887990507
1224,3.3867430806425305
1225,3.4263780009614497
1226,3.1448055976073577
1227,3.4617013483210397
1228,3.430341808189442
1229,3.179744882238298
1230,3.0336342624456796
1231,2.98558929896457
1232,2.824129803839899
1233,2.996305531177038
1234,3.010994846338408
1235,3.504018132299978
1236,3.0471298679290855
1237,3.163264536823086
1238,3.2313823301665336
1239,3.0954916678907023
1240,3.076129890626032
1241,3.6158161332482717
1242,4.120622642239854
1243,4.618935346940504
1244,5.416027211221372
1245,5.456989042922174
1246,6.035960185613096
1247,6.0681382513063085
1248,6.081280281552751
1249,6.105885834124657
1250,6.085469539635847
1251,6.085469539635847
1252,6.0750899939945775
1253,5.40409782358243
1254,4.816643841706705
1255,4.601712762249396
1256,4.25340932399484
1257,3.8236305024555275
1258,4.053594475135048
1259,4.286216425378109
1260,3.6499418659622056
1261,3.8408510732854277
1262,3.6821581388718165
1263,3.7151566099869866
1264,3.6721293041618037
1265,3.4610434633047706
1266,3.2790412322719447
1267,3.2806127474223086
1268,3.149779526828229
1269,2.8512746894787124
1270,2.8715582492134923
1271,2.925713406003619
1272,2.917522294372477
1273,3.472805550927543
1274,3.9250417144203835
1275,4.287882460552232
1276,4.592065697096863
1277,4.7432465088920726
1278,5.4310240445538565
1279,5.314945989300578
1280,5.435514219251668
1281,5.437039387345985
1282,5.235656914606127
1283,4.924185083511704
1284,5.48410597048791
1285,5.311132362061982
1286,5.06941828533712
1287,5.119407002140616
1288,4.090694154370644
1289,4.740808456753223
1290,4.3597115117587935
1291,4.697366105601833
1292,4.232665703606489
1293,3.716119480121304
1294,3.505104770036437
1295,3.512250655550115
1296,3.4981773699699197
1297,3.575137353153152
1298,3.602732990690265
1299,3.241450808755747
1300,3.0186131879821496
1301,2.9519878851108676
1302,3.016116629967975
1303,3.0123338148259933
1304,3.0296792230112537
1305,3.1515442922763435
1306,3.0966072197302292
1307,3.304203770054958
1308,3.450767915617506
1309,3.996243513391444
1310,5.6019375639894
1311,5.5065694713065305
1312,5.336754779256174
1313,5.421996133984488
1314,5.413414475355131
1315,4.8270307725350525
1316,4.7106824933911815
1317,5.45203382238509
1318,5.29869146923112
1319,4.363981023531308
1320,4.0757012201851595
1321,3.90633768582026
1322,3.757678211162123
1323,3.7714408428368253
1324,2.9758703684117878
1325,3.4043038154737983
1326,3.3895489114274637
1327,3.277306187342569
1328,3.9390945795030263
1329,3.9612707715123237
1330,3.7070688603631416
1331,3.7843045306107097
1332,3.884800017641889
1333,3.8158053063434596
1334,3.9625659308172927
1335,3.85796010565777
1336,3.8121965243277116
1337,3.7212305771845884
1338,3.4239614380697234
1339,3.425218407919033
1340,3.0949383934652652
1341,3.0932530670550706
1342,2.933816625832234
1343,2.889224549455421
1344,2.8039811208011
1345,2.662941317177458
1346,2.4379359725783623
1347,2.291661009602546
1348,2.363049987548406
1349,2.3265181727613493
1350,2.1928570332616
1351,2.432181794502754
1352,2.51647562656815
1353,2.5561143847134695
1354,2.839549287312813
1355,2.605319928898548
1356,3.0664189880663457
1357,2.921077595204942
1358,3.1904964252799903
1359,3.7630093118741206
1360,3.6499461015315426
1361,3.7262018753376265
1362,3.837320180253939
1363,4.204196758948121
1364,4.498526133645369
1365,4.855914015944482
1366,5.676149321060533
1367,6.0925755519958145
1368,6.116416703001672
1369,6.1055674720049256
1370,6.1055674720049256
1371,6.129759688122141
1372,6.095553179761221
1373,5.687894125819116
1374,6.107595488942506
1375,5.575142802591117
1376,5.6278500960591815
1377,5.606898966303274
1378,5.595323336051174
1379,4.861472087332829
1380,5.383856237238483
1381,5.433661018991914
1382,5.656156785608722
1383,5.6501795780910244
1384,6.069317992424677
1385,6.068628562502512
1386,6.080775853346825
1387,5.72235782414573
1388,5.462275482652121
1389,4.899395442171493
1390,4.6501616828710715
1391,4.8929702358214735
1392,4.690299293885926
1393,4.698812549921305
1394,4.69827338352178
1395,4.6757611953131635
1396,4.594153318177482
1397,4.099495460702421
1398,4.343074298122591
1399,4.025008425222513
1400,4.020396900862167
1401,3.9868565796591966
1402,3.757819495680221
1403,3.5269670638239186
1404,3.4519170112493214
1405,3.3593043693615305
1406,3.1983272900031974
1407,3.4380592033574313
1408,3.363541746580612
1409,2.998037847531338
1410,3.172154586649682
1411,3.0164938169058217
1412,3.052087470034617
1413,3.0555009161801916
1414,2.985318733908433
1415,3.027535022048171
1416,2.849694808544955
1417,3.011500125851304
1418,3.157317801283518
1419,2.8270520425201333
1420,2.832985807962726
1421,3.0634531892783627
1422,2.780011005507193
1423,2.736149091385401
1424,2.8004530351847077
1425,2.539665143467898
1426,2.4937741135686413
1427,2.7968521684776118
1428,3.0030605048377566
1429,3.6278086426945664
1430,4.018355964290495
1431,3.861249373769252
1432,4.53553508061399
1433,4.173182645986073
1434,3.786955231677292
1435,3.510258724982881
1436,3.5635360678729886
1437,3.4683697988090145
1438,3.0274908017108135
1439,2.6122655880875296
1440,2.863594114250059
1441,2.7587781276715773
1442,2.5674904032881396
1443,2.5030125185835104
1444,2.7615288610292716
1445,3.380848257471525
1446,3.8547274294048903
1447,4.1827609291719305
1448,4.3008953864368555
1449,4.6823318988618485
1450,4.64286817270441
1451,4.580652339085062
1452,4.060262482436522
1453,3.7506684967713997
1454,4.10213891776154
1455,4.322658139648477
1456,4.529802123480231
1457,4.161050376293539
1458,4.25414912039439
1459,4.395749614417531
1460,4.450460215812128
1461,4.3253262141179265
1462,4.299285541171114
1463,4.015317572349294
1464,4.035677611614679
1465,3.8301618063404446
1466,3.61053990178128
1467,3.4241581507324144
1468,3.45894437057181
1469,3.4773092136691046
1470,3.477021571866037
1471,3.488264680978494
1472,3.420738841998716
1473,3.474119321455906
1474,3.655960691218013
1475,3.656686879614213
1476,3.4562053274442244
1477,3.1385088388215028
1478,3.1586861617847224
1479,3.137009708064421
1480,3.48376045967851
1481,2.9246340737461702
1482,3.069417100484202
1483,2.972120297585131
1484,2.7550087875958043
1485,2.787545115184316
1486,2.855863532315063
1487,2.6006332077506666
1488,2.5786032562583334
1489,2.7010909140052752
1490,2.737991985617138
1491,2.429043789692877
1492,2.527753824335086
1493,2.3398206195580213
1494,2.254180936425265
1495,2.117868863987243
1496,2.096661765032513
1497,1.946139876063446
1498,1.730778890355118
1499,1.7325426816747944
1500,1.9367010798535091
1501,2.0261364832597626
1502,1.9458932151040431
1503,2.174837201877588
1504,2.3672490815701184
1505,2.39558380990488
1506,2.5795938516115546
1507,2.913114673725987
1508,2.6824361926321485
1509,3.102325936933477
1510,3.76258433041478
1511,3.884212988687842
1512,3.9210609732931805
1513,4.156457180882324
1514,4.749400184966405
1515,4.895808985468329
1516,4.907248773664309
1517,4.7490550341865045
1518,4.905751277769864
1519,4.916199282922355
1520,4.83333463904932
1521,5.321442610416583
1522,4.809585380314928
1523,4.767782669427893
1524,4.55183804150279
1525,4.61817419260154
1526,4.277787652652587
1527,4.594689653331286
1528,4.34561727669074
1529,4.523126729986199
1530,4.590305276819534
1531,4.067064091876835
1532,4.296952777063075
1533,4.066500595949524
1534,3.9770649061669956
1535,3.6149627441004695
1536,3.4787282464089073
1537,2.91541336526278
1538,2.904580097137094
1539,2.6470145384837025
1540,2.571950494802325
1541,2.454364020179728
1542,2.3789779954492403
1543,2.2933183296182307
1544,2.4830031471865994
1545,2.4470183179550458
1546,2.791577916247749
1547,2.772888786893851
1548,2.708159524814238
1549,2.4082408630399317
1550,2.4456145707948784
1551,2.1263729122179353
1552,2.1348984661364656
1553,2.110128453733396
1554,2.011941621913049
1555,1.9881143593917743
1556,1.8719075858232144
1557,1.8476946503381682
1558,1.83494699842548
1559,1.8530457379109262
1560,1.9513459888747087
1561,1.9835494953956114
1562,1.974241691429813
1563,1.9091841693125975
1564,1.970283562080994
1565,1.937640538646324
1566,1.7650454704004985
1567,1.8231211634908302
1568,1.979955972865385
1569,2.052444242564966
1570,1.9662982075393445
1571,1.9744414850779035
1572,2.0037366184547314
1573,2.0146610983312625
1574,1.8749580546519973
1575,1.8646648875933647
1576,2.0151758689988766
1577,2.01790096662972
1578,2.0317350278644435
1579,2.134238197064974
1580,2.0320006796105896
1581,2.0245762720176352
1582,2.017551764311845
1583,1.8597445157378916
1584,1.9034881113435618
1585,2.139241089194266
1586,2.1237530292616906
1587,2.2072214453422805
1588,2.21718260230362
1589,2.0500890070556084
1590,2.2246562031152464
1591,2.076793903836533
1592,2.306516280684928
1593,2.085239336242439
1594,2.413648569113456
1595,2.321263833798628
1596,2.274782565739264
1597,2.2797102725187997
1598,2.3551837112429395
1599,2.3616965943233863
1600,2.4424108800869155
1601,2.5451660486336314
1602,2.604321566811649
1603,2.6022525585834537
1604,2.6288249907361267
1605,2.8955974842436847
1606,2.6153247562194224
1607,2.848445517111876
1608,2.835797776130596
1609,2.8635919919163535
1610,2.8692566616318698
1611,2.90074012919607
1612,3.034742929435784
1613,3.0319981846216444
1614,3.0646352773313033
1615,3.789204587045543
1616,3.8079422933242277
1617,3.998294008570728
1618,4.7797720874549245
1619,5.306458380950386
1620,5.318271231090442
1621,4.82814189086741
1622,4.794681481739
1623,4.789051164888349
1624,4.786213806826844
1625,4.775573348079243
1626,4.771646909382287
1627,4.733446643132852
1628,4.327901335757961
1629,3.9972896448970756
1630,3.993741621969793
1631,3.9325479268364227
1632,3.6139764888915256
1633,2.9552151072666817
1634,2.743252278696362
1635,2.5870379179251146
1636,2.5728659629158304
1637,2.328513036233567
1638,2.461166147465221
1639,2.3468437369268513
1640,2.3536670928550754
1641,2.3013981288138945
1642,2.514110003708977
1643,2.6807588941197396
1644,2.771886540037549
1645,2.817720853679181
1646,3.120418521482296
1647,3.4588151782532455
1648,3.282129756907174
1649,3.4467694253416945
1650,3.5081399287624837
1651,3.4530420878057635
1652,3.443860801534472
1653,3.449696396653708
1654,3.2710444315355987
1655,3.167765321533902
1656,3.2974306986539688
1657,3.577742383851459
1658,3.899370914512007
1659,4.011615916177375
1660,3.99982125964092
1661,4.432973098344026
1662,4.60379770972791
1663,4.696510541887288
1664,4.30175215017046
1665,4.048204723021403
1666,4.254091157108396
1667,4.24261773699756
1668,3.7623631693757456
1669,3.568899758788299
1670,3.417956841099808
1671,3.021645118333113
1672,3.1523294882289523
1673,3.182386654063955
1674,3.1596198389622208
1675,2.7888179797078307
1676,2.760751149930327
1677,2.6107311323036027
1678,2.626059774865961
1679,2.530263460781793
1680,2.269374783429872
1681,2.519336074182113
1682,2.274862803980668
1683,2.3801047497223893
1684,2.2905982763754182
1685,2.1185015760020725
1686,2.026562332337733
1687,2.042577229972029
1688,1.9860951621470488
1689,2.0491931948229163
1690,2.021768083277474
1691,1.9622872962271838
1692,2.003429978106984
1693,2.2509973588146295
1694,2.0718758924020713
1695,1.8989920583294997
1696,1.871732524864328
1697,1.8714739649727912
1698,1.8627423636317566
1699,1.7575314545513407
1700,1.7360086385726476
1701,1.6210202487747278
1702,1.6271614076214396
1703,1.6236746613282038
1704,1.6072346441328638
1705,1.6139929934691832
1706,1.4648786366636055
1707,1.5443182615299142
1708,1.4564572414191932
1709,1.499137087418306
1710,1.5033066149894907
1711,1.5636615467070116
1712,2.244192619181829
1713,2.962233315353258
1714,3.8804531639803304
1715,3.7692594384095686
1716,3.464608370455093
1717,3.5377637163660616
1718,3.446030020612776
1719,3.1733762976821476
1720,2.961546895157175
1721,2.952536959821853
1722,2.5863478000428244
1723,2.501170735412404
1724,2.35360308326107
1725,2.4206426508873466
1726,2.351912718467715
1727,2.2300267681389068
1728,2.1625738985972416
1729,2.2557782064076126
1730,2.2060296973631455
1731,2.097275060666245
1732,2.1403069948286633
1733,2.358399062235073
1734,2.4088731720940957
1735,2.6760233553776485
1736,3.1299477836308203
1737,3.6226288706935557
1738,3.648714155327864
1739,4.143231679671558
1740,4.322504511657249
1741,4.766937200572002
1742,4.822870414278742
1743,4.802303982828737
1744,4.77034534364841
1745,5.2224386159325755
1746,4.7648210522629
