,0
0,3.9530794009296892
1,3.762041469217508
2,4.150487096969224
3,3.832095542465545
4,3.8625000358566615
5,3.5240438845517223
6,3.2019929239647067
7,3.7009133586206424
8,4.4488785856244455
9,4.4387246902216075
10,4.622213422385946
11,4.383943332196777
12,4.825033162891938
13,5.330947343628343
14,5.448426968284404
15,4.720439072443535
16,5.047921430068968
17,4.7915517346356715
18,4.634101829377425
19,4.8608359016773255
20,4.943231194542278
21,5.4344816960332825
22,5.139729607483959
23,5.038928423411147
24,4.40040620375391
25,4.241334953607878
26,4.106862271809025
27,3.885508020878099
28,3.8175978069912326
29,3.977676778982001
30,3.8089478257626883
31,3.272227886541584
32,3.289959611263175
33,3.061147885369108
34,3.166916714984789
35,3.2313531802010793
36,3.45104685828177
37,3.300794537985135
38,3.360712480270023
39,3.7870419198058243
40,4.255059637142499
41,4.435506567222351
42,4.079096060782389
43,4.955248376335909
44,5.21915929097077
45,5.468942023295475
46,6.467323312393921
47,6.969442421897036
48,7.1163071082083995
49,7.128044387838238
50,7.097488993857132
51,7.1559120655862
52,6.948216658352375
53,6.922068062581487
54,6.55798390097761
55,6.634908146593984
56,6.628831431816064
57,6.5606578156828474
58,6.07585728972297
59,5.036446568740761
60,5.891831643297228
61,5.621562977582578
62,5.606291310218203
63,5.011617053593059
64,4.92465202794176
65,4.867639330083212
66,4.313851423518669
67,3.7637305954831284
68,3.55026310538204
69,3.464630286471605
70,3.4142898360342926
71,3.358302873796873
72,3.280547444108244
73,3.317842500199749
74,3.0570073513226923
75,3.10641309659313
76,3.010037730595918
77,2.970951936114526
78,3.010162105647201
79,2.880528766567449
80,2.870321692595152
81,2.7594399083132726
82,2.7399041924070775
83,2.6503208228810533
84,2.55904352570163
85,2.532524612222201
86,2.4839550903673766
87,2.6862214745216018
88,2.5339703242651628
89,3.106251701712232
90,2.95079126378528
91,2.850616026614449
92,2.741774644339897
93,2.5509436153949396
94,2.2785676149758416
95,2.505009796056411
96,2.2981911699763
97,2.5015797301908314
98,2.606835301518094
99,2.5373839616025218
100,2.5953084818181433
101,2.38397670702807
102,2.6864096872485552
103,2.500579925351283
104,2.225849663288655
105,2.455362282292966
106,2.1993619368655044
107,2.203920071606664
108,2.4563827002242697
109,2.5514469975115994
110,2.9133115279062567
111,3.3994480920656778
112,3.48796276867418
113,3.0626670356816006
114,2.9344060797084914
115,2.949581287125282
116,3.4246109003417824
117,3.1566515644687976
118,3.127843639878094
119,3.193674760158467
120,3.163618596984294
121,2.8714039967808187
122,2.651560404599494
123,2.7147044003328133
124,2.621063741643075
125,2.549905104660264
126,2.4805127111287426
127,2.351011695468006
128,2.676128280002626
129,2.4537168923285146
130,2.4504412277999155
131,2.4832547629699566
132,2.2535504211311284
133,2.234635540780927
134,2.0880399878342657
135,2.085854591043589
136,1.926083103667011
137,1.9759541724894423
138,1.941547021359843
139,2.2117934121311156
140,2.44026379416346
141,2.4000792448941572
142,2.4768291337711714
143,2.981051985031815
144,3.5289798808569808
145,4.091164569633249
146,3.765479414941676
147,4.1414676995163715
148,4.286646040852436
149,4.865687541240466
150,4.571551449723283
151,5.962299844633501
152,6.131063185409258
153,6.038713010315986
154,5.2177896304957665
155,4.38704459034019
156,4.436550857804014
157,5.8870949541811
158,6.129691314830836
159,5.963731246111387
160,6.076451456190531
161,4.627176917497199
162,4.871144837552409
163,4.544393419457026
164,4.376856876349606
165,3.8374893861147448
166,3.80579947833847
167,3.7793594091898233
168,3.475300168372613
169,3.318618367526435
170,3.1039146679511833
171,3.1610229548695594
172,3.0405712494041826
173,3.198442495877929
174,3.0097473325823203
175,2.988870954530673
176,3.1071989064009236
177,3.0444324129512137
178,3.007858839052173
179,2.9282341862981354
180,2.9333101893301485
181,2.886047918825048
182,2.7666468277644585
183,2.715890906245305
184,2.730645851376943
185,2.630965113977605
186,2.443312824800375
187,2.189000850073402
188,2.184544391535923
189,2.27397065055037
190,2.427747870255921
191,2.457464938495325
192,2.1922466885753034
193,2.1801211777083833
194,2.0717867595904
195,2.058841709720391
196,1.9085437583326847
197,1.7439640873757263
198,1.5723863516248586
199,1.6042194727257575
200,1.5646897409366352
201,1.8353188937574385
202,2.0545888379951007
203,2.3918340307036767
204,2.4047198934733323
205,2.4837657980900656
206,2.6308630120977576
207,3.1040229269329602
208,3.386211918217881
209,3.5812025328344275
210,3.238859744072441
211,3.2286737555524696
212,3.176038696400396
213,3.1551409832156687
214,2.9664267137993403
215,3.2623232919915943
216,2.796380775035047
217,2.767388051367207
218,2.703472727132099
219,2.6510413174326657
220,2.5653326178053892
221,2.705218184465475
222,2.747583476236414
223,3.1660620044999686
224,3.17502585113808
225,2.7217102958208494
226,2.7346281443051166
227,2.6115035148754218
228,2.672185620295818
229,2.651311506391472
230,2.674579195831814
231,2.7333483024664953
232,2.8426544750924703
233,3.3349599134974715
234,3.1211755588585284
235,2.9766823726925757
236,2.894244640740147
237,3.1560944580723302
238,3.2091024776125785
239,3.0327478161433
240,3.0019037825214663
241,2.8873585664938233
242,2.626802294132583
243,2.5120758215662433
244,2.501353164334851
245,2.736638177268458
246,2.841316477486459
247,2.802128478596187
248,2.456515273105968
249,2.71677151286918
250,2.485455721061709
251,2.3764413135869917
252,2.3479839391015
253,2.5963304303715478
254,2.385367605282364
255,2.351931690548622
256,2.127871829992745
257,2.208979940840451
258,2.137081488810611
259,2.0860970941358588
260,2.161765062742763
261,2.1030906008500487
262,2.175719258244754
263,2.3452057286261345
264,2.4982253115749886
265,2.5214609027600154
266,2.6411804963973737
267,2.622242500888269
268,2.6646861112433813
269,2.582643222559361
270,2.4990400440175153
271,2.470711837827652
272,2.258479935497454
273,2.0935348491312453
274,1.8662857887525313
275,2.007848661970433
276,1.991557652450799
277,2.019365339593082
278,2.032519916561121
279,1.948667199203233
280,1.925174188618244
281,1.9337187527563813
282,1.711850685354264
283,1.62636181458274
284,1.5521079268937235
285,1.3868676841819718
286,1.3232860443166763
287,1.2138366779389984
288,1.0269230655322084
289,1.1275385071303725
290,1.1214467957001317
291,1.132525963426259
292,1.1488708346108858
293,1.132204009059264
294,1.078406258823633
295,1.0810666318116295
296,0.953447335651489
297,0.9614644398289273
298,0.9188823527636634
299,0.8413227301346549
300,1.0375963725388793
301,0.8681105091737968
302,0.9283760808039665
303,1.134853753277899
304,1.1037612382634725
305,1.2725123431065406
306,1.4204969281318232
307,1.462906574184812
308,1.9130826439521098
309,2.0358620245415717
310,2.475545157417086
311,2.577421215566328
312,2.5899489360442827
313,2.864044001111766
314,3.1864589441448636
315,3.0741592019399695
316,3.3161675415929794
317,3.9231047027922297
318,3.47629432284789
319,3.644852638314749
320,4.1785302942248785
321,4.128116181344227
322,4.31324384757862
323,4.233466150674235
324,4.158459949074308
325,4.019053712101856
326,3.649290292007348
327,3.457819094033887
328,3.6370745100114057
329,3.2099131689361413
330,3.250415944854243
331,3.2431720184827886
332,3.3517725957519833
333,3.1753351627204256
334,3.473260742063695
335,3.2466904955125777
336,3.16791348077494
337,2.9981138420106483
338,2.918054942390985
339,2.8993742924275003
340,2.859507099666673
341,3.075609173109955
342,3.0779248689258845
343,3.2282779212234747
344,3.490625751512131
345,3.6713631892369016
346,3.7013663142544875
347,3.9488639122392404
348,4.244970639712672
349,4.206746496833229
350,4.122715994756069
351,3.8951557844200306
352,3.335935168888976
353,3.445427934749939
354,3.3064311186194697
355,3.016614098930252
356,2.9486773725084854
357,2.9248636971678867
358,3.2309311451645493
359,3.279921263097892
360,3.2530577174116755
361,3.19732617150066
362,3.2678425310103303
363,3.1118797462156276
364,3.0641985598507766
365,3.3111494013009573
366,2.976481028646168
367,3.1437194635972125
368,3.2703460039600944
369,3.524238323327273
370,3.654958866001326
371,3.311617090699704
372,3.2908028175586796
373,3.580578025045908
374,3.9997649148139733
375,4.072074686556042
376,4.0035835352049585
377,4.065154325019827
378,3.8267980204043175
379,4.554727901948693
380,4.2028343147182365
381,4.0707813307025305
382,3.7714087296059313
383,3.630809036539855
384,3.5042596848511303
385,3.92485451720153
386,3.7770236910013297
387,3.7314084027184977
388,3.9839148644154023
389,3.4579426206542476
390,3.9405072246872543
391,4.070885504357772
392,3.777228496046414
393,4.586167641576493
394,4.215883336859331
395,3.8893605470410013
396,3.8721441960357783
397,3.4825380884827535
398,3.5217978150361087
399,3.548875305991413
400,3.657710024234916
401,3.907706730041251
402,3.9377409309516422
403,3.7893898314054315
404,3.4674756896650485
405,3.939334584805953
406,3.7372289339305342
407,3.6873458196828204
408,3.3986022762685915
409,3.4990407006235866
410,3.163681945483425
411,3.3587834388852578
412,3.4100679465599386
413,3.404414414168017
414,3.1840907767663964
415,3.156361271805991
416,3.393620982725863
417,3.2587200780513905
418,2.876076076260376
419,2.812855565655215
420,2.8430949108024777
421,2.741379990383589
422,2.6537295227401465
423,2.709874102848863
424,2.718344769146269
425,2.4473288331688203
426,2.2700013198311684
427,2.334651902372091
428,2.140289554731527
429,2.0414130001103485
430,1.8640998287277546
431,1.908517580080708
432,1.712161766775457
433,1.8403689464318354
434,1.848362262159029
435,1.693654324127026
436,1.6329711819103878
437,1.6612846956512228
438,1.6281313133288577
439,1.7583204087349256
440,1.6619235063949014
441,1.747448582260988
442,1.8687228449775528
443,1.7984729854781623
444,1.8534279325218643
445,1.9419408378444438
446,2.1920148845355403
447,2.2585093188596503
448,2.603968820040751
449,2.6573307847256027
450,3.011332827538598
451,3.005621931919718
452,3.247177997926765
453,3.7516146703289732
454,4.372080047827953
455,4.416685832841083
456,4.580977086785084
457,5.1153755176149796
458,4.77268895100999
459,4.985532886451075
460,4.603811799716696
461,4.744146289314644
462,4.619737277023375
463,4.2866039750591325
464,4.59394184158474
465,4.24299238688003
466,3.911547981074151
467,3.8306746186524485
468,3.545919434380407
469,3.1530700928830937
470,3.0134525339023113
471,2.9627873820380697
472,2.926132067653803
473,2.8665179156426746
474,2.9148295574050325
475,2.9384512108084166
476,3.1512073544827035
477,2.9605450786653043
478,3.064859728751347
479,2.9392197853364657
480,2.825159540302393
481,2.8283093662615384
482,2.8745591009609703
483,3.2492728574631946
484,3.618785798249452
485,3.592185318735115
486,3.367212850113077
487,3.602748494441995
488,3.6908837139631205
489,3.5885557153034675
490,3.704867617654596
491,4.128460333065311
492,4.236084509592322
493,4.22996331503766
494,4.181064522566125
495,3.8210603447040152
496,3.2173966914554852
497,3.4623538462115935
498,3.922861974004992
499,4.228017440379138
500,4.54411983929672
501,4.455223783234078
502,4.258809434659071
503,4.523407778248705
504,3.832210577928689
505,3.832011940222712
506,3.805836600198165
507,3.661115661489575
508,3.35234666844103
509,3.270644833077787
510,2.938129841489631
511,2.8213106047943093
512,2.6645100038695753
513,2.3005075876882404
514,2.5396319710477515
515,2.2498285067377917
516,2.2096498122880277
517,2.219721112854301
518,2.5952389862866028
519,2.4940926359754783
520,2.510829159202563
521,2.5060524897028236
522,2.269870045394493
523,2.227855044517177
524,2.06936847462214
525,2.058564977152086
526,1.9137728663327263
527,1.7378910995933934
528,1.7450331248881708
529,1.5629163871720075
530,1.5684446666604186
531,1.5095244150873282
532,1.3540961163616152
533,1.4433045009572494
534,1.4362102286517706
535,1.506866154010825
536,1.713225400074098
537,1.9771734398739351
538,2.4955567607453983
539,2.9168041579314865
540,3.4191303971164895
541,4.138026764627542
542,3.6326687138599483
543,4.193484792700011
544,4.00954188484772
545,4.742977847252908
546,4.638392763388908
547,4.283843627584605
548,4.21206907932592
549,4.810623322381147
550,4.295604196265954
551,4.593958269185533
552,4.6580390865024
553,4.3518679633348025
554,4.191850518556756
555,4.1769889701112755
556,4.211030549804432
557,3.9438362911347897
558,4.073071168540683
559,4.172032495650357
560,4.193875805376204
561,4.217715467064377
562,4.052537347314396
563,4.023340352543988
564,4.041227941514609
565,4.554131291230843
566,4.162198688731153
567,4.286912201755458
568,4.720112733785286
569,5.004452814088472
570,4.687092321914597
571,4.573627583823417
572,5.185763486380623
573,5.748596573986068
574,5.216151706774932
575,5.2757705477235275
576,5.033494294564048
577,4.818281753363068
578,4.702372392963101
579,4.82506037947738
580,4.869052026069944
581,4.80810143615265
582,4.678420014313008
583,3.8256309338410146
584,4.060342229330129
585,4.04739326328072
586,4.021200538713822
587,3.9784549984882513
588,3.9862468876822614
589,4.148176045504775
590,4.053627877830551
591,4.654248129618102
592,4.9354777830063785
593,5.026217211224579
594,4.7315557292544215
595,4.690689545214743
596,4.348813442755026
597,4.1746519272655656
598,4.161718526073493
599,3.9966466350647174
600,3.751665787973629
601,3.925155533335555
602,3.7078905316041784
603,3.6083548835410126
604,3.600675998306382
605,3.570212671774415
606,3.5723224801242246
607,3.660630652378214
608,3.4199511697100946
609,3.637116439576255
610,3.628131292609264
611,3.681669014977292
612,3.707835267662649
613,3.716859543022191
614,3.5131631130024634
615,3.3972825091398153
616,3.3512052967222674
617,3.214056397348765
618,3.4130111823452425
619,3.2975885998556884
620,3.185034792019336
621,3.1801667185610842
622,3.145199924197245
623,3.1811332758544966
624,3.4872479853976954
625,3.1712374514295325
626,3.1608046578679274
627,2.8527489452244015
628,2.7453607478268913
629,2.6071160707992473
630,2.6881769552547268
631,2.6620563743926633
632,2.799904417930781
633,3.0813245684598614
634,3.124971409144165
635,3.108093972809302
636,3.0836169020882633
637,2.9198192791629407
638,2.570165737911388
639,2.753256779160073
640,2.5296612615680307
641,2.5618042450479903
642,2.285014840452986
643,2.452721211974149
644,2.2703458536361256
645,2.4863786613486827
646,2.201521560448893
647,2.2237874435666134
648,2.082330400794201
649,2.245150076691038
650,2.2090009175141962
651,2.016368451111863
652,1.9165700521885258
653,1.9058804929111253
654,1.8913328642578011
655,1.8124500992559134
656,1.8605470904171837
657,1.8621472122448173
658,1.8431967022203795
659,1.921045172998506
660,1.8443284555133634
661,1.946110875487501
662,1.8331922952998625
663,2.018428862448066
664,2.493799046064991
665,2.6118635994280637
666,2.8167362615942064
667,2.9381905001921975
668,2.9628134293521913
669,3.2382100311638196
670,3.687951458940978
671,4.1231336997195704
672,4.389161991868502
673,4.821800943421094
674,4.823421840616052
675,4.697084615595962
676,4.437856990160286
677,4.066263500043451
678,3.836769458904878
679,3.3025192908888963
680,3.2824990523316186
681,3.048672203078446
682,3.2601329090790054
683,3.7538735015245055
684,3.828249894617248
685,3.7732458150641808
686,4.032747399843655
687,4.024187050682573
688,3.5971823727313734
689,3.611031684595447
690,3.263709583804504
691,3.3318805710298647
692,3.2251078057708886
693,3.18549263614182
694,3.1867786869606824
695,3.1741839458076333
696,3.236934975667511
697,3.261421843166644
698,3.1622048517631454
699,3.177745079019361
700,3.1249188485260824
701,3.1209847586906196
702,3.0071393574277963
703,2.9085735710014253
704,2.9576317852533665
705,2.86505953340054
706,2.647483533382562
707,2.6412177228486673
708,2.5825155619981564
709,2.7168304867551263
710,2.7319824066066065
711,2.71116636617883
712,2.738475195752204
713,2.6366662068137803
714,2.793487850601171
715,2.832411463472293
716,2.6097782723068663
717,2.6134870391000775
718,2.7067524022917078
719,2.965330206488295
720,2.735659225630393
721,2.901311124038084
722,2.927940394013611
723,2.946267068014189
724,2.788450291876648
725,2.873240022393738
726,2.7382456242835924
727,2.7158146057883266
728,2.7666433638061543
729,2.7506336516331746
730,2.5839034323824763
731,2.8483421880896764
732,2.775510349464672
733,2.668949902505457
734,2.602680318451125
735,2.5286072239719184
736,2.3540080173536517
737,2.33943593242813
738,2.7622435966456305
739,2.6380186398038514
740,2.7624557282048965
741,3.1698130086916225
742,4.191822646571098
743,4.197709414712579
744,3.786352593026474
745,3.3150772095724936
746,3.7250657287581945
747,3.275593399334464
748,3.6652718890379776
749,3.5670497608576084
750,3.441376943206566
751,3.5159903377009973
752,3.382434809954542
753,3.096999065733145
754,3.1977718942986497
755,3.162288726783624
756,3.179762239193894
757,2.82145984407392
758,2.795293081434754
759,2.7716056996046414
760,3.148828836434097
761,2.9556433156367925
762,3.329513271722759
763,3.440550487761242
764,3.5878146337627923
765,3.3486264894046083
766,3.3171584073648765
767,3.5682476429249594
768,3.683652151359831
769,3.711380096483419
770,3.4131601188055285
771,3.4407076879831298
772,3.622951090871364
773,3.7048893068773157
774,3.7063787812199664
775,4.013659093595546
776,3.7393204554290245
777,3.4346836543771633
778,3.1433825535070596
779,2.940472033886914
780,2.9125192317636373
781,2.8045207956115683
782,2.671378506592989
783,2.4951880944005334
784,2.4042890123276477
785,2.1155594739620938
786,2.3904422679006543
787,2.237079619725084
788,2.2263247528635888
789,1.9834187799845955
790,2.174694581787406
791,1.9698472888739649
792,2.0404338933299213
793,1.7649334713158407
794,1.9295541976375017
795,1.867061465649068
796,1.764667119979809
797,1.848094674093104
798,1.7826283505938199
799,1.6125628659970375
800,1.6830635912502152
801,1.8000819020893353
802,1.6806511954794703
803,1.7211026370867177
804,2.0790547693738044
805,2.184930333554368
806,2.241962054100767
807,2.094204325839115
808,2.56020374735336
809,2.9229896568567866
810,2.680517512325742
811,2.5331282395845434
812,2.9434024386447253
813,2.8780378159136646
814,2.5106836827677745
815,2.4822244368796014
816,2.350755998510512
817,2.24325346094768
818,1.9977569223011433
819,2.055475704066608
820,2.2912283712862913
821,2.122458271685835
822,2.203846708365382
823,2.2068992700399064
824,2.3805068954874846
825,2.22649099174927
826,2.1009208715143344
827,1.9370782732718619
828,2.0152215070723
829,1.9266748708266743
830,1.9193544213400142
831,1.9432869539290116
832,1.8805907359817675
833,1.8067154225997304
834,1.794119732363803
835,2.1633574460891407
836,2.2450905727880333
837,2.07209330098195
838,2.0917675458017717
839,1.7921609413892288
840,2.0185346318280835
841,1.7871088854428985
842,1.6282439226881158
843,1.5337970532122678
844,1.3668221352855918
845,1.3491186596407374
846,1.3112950379407948
847,1.2225628777281348
848,1.2910507631219768
849,1.2856554950618548
850,1.198021594252222
851,1.1569768442788366
852,1.1873707808040423
853,1.1690928910401848
854,1.1124643143274777
855,1.2210465004400264
856,1.2834145454408001
857,1.2847095388052234
858,1.338664810522141
859,1.4148155899774895
860,1.6803711140018587
861,1.6894553574755278
862,1.7588759190892522
863,1.6585321635228607
864,1.806301185312438
865,1.7713741310327002
866,2.458169736691201
867,2.738999987110421
868,2.8749671433664106
869,3.381894809405768
870,3.6393168786489403
871,3.9727633697714255
872,4.357613777143426
873,4.909102020834691
874,5.0983764819138555
875,5.509133158038603
876,4.84029832172926
877,4.3241073479106955
878,4.257305479152937
879,4.222516952430875
880,4.063299815417299
881,3.7887122415357277
882,3.9585567764827556
883,3.8109694354858505
884,3.6963415709613066
885,3.788995020656784
886,3.801342666253839
887,3.5004341301535398
888,3.3792902783377103
889,3.452200428891001
890,3.329866748820422
891,4.328707942882789
892,4.078107741352301
893,4.2957085237305925
894,3.821297371791643
895,4.23859378621063
896,4.680220694823735
897,4.732365635492219
898,4.2549733428293415
899,4.065134782650509
900,4.100948922292719
901,4.212599513467182
902,3.8979572416982817
903,3.776330201648543
904,4.054554797844244
905,4.4905541381808325
906,3.865109371927071
907,4.014973195008766
908,4.003248248337644
909,3.999600171590738
910,4.591295881424166
911,4.239283225444983
912,4.050803274525233
913,4.208905700664381
914,4.084330096349986
915,4.06738387098819
916,4.108632032044769
917,3.4783376702946796
918,4.016880995409159
919,3.6783513008567437
920,3.4397944166942955
921,3.3872114133420843
922,3.4679061546291763
923,3.6064159511462672
924,4.031827886678811
925,4.055179722499927
926,4.041421392360383
927,4.047449847473248
928,4.076698837278988
929,4.112226945241546
930,4.110996456633997
931,4.096876315513744
932,4.642878563769054
933,4.2868858099216505
934,4.081302884081033
935,4.0787564626472665
936,4.1518313155627204
937,4.052296099262929
938,4.050293341430657
939,3.8082455270472506
940,3.6865036373047033
941,3.562133223213098
942,3.3150222781641676
943,3.2964234644086496
944,3.2187706666798492
945,3.1994207569799777
946,3.2015223067425405
947,3.2435027549011624
948,3.813744662198197
949,3.8116570501665477
950,4.153168507509276
951,3.942103457753895
952,4.030222048334278
953,3.8266438636378655
954,3.7606093599913155
955,3.6746739503517234
956,3.6294342734162006
957,3.7456989136631003
958,3.800366782011942
959,3.837044782247141
960,3.798443125240104
961,3.4566768916367585
962,4.003945870294528
963,3.7909238713644635
964,3.7588810012055274
965,3.318392560795032
966,3.373863364404353
967,3.4032701231045968
968,3.3335619696307486
969,3.3350388388344374
970,3.0207651618348774
971,2.900241677889333
972,3.26383533458122
973,2.9406970563173807
974,2.771954950757585
975,2.4843812094072324
976,2.513897210894115
977,2.479143433938429
978,2.250627890002488
979,2.359322715535585
980,2.2304255475361696
981,2.171465944140442
982,2.1749197564024967
983,2.0551946584134684
984,2.334805597062949
985,2.4525884250005117
986,2.150567452744402
987,1.9389157351984485
988,1.8573472770211015
989,1.7261658870269796
990,1.615958816127876
991,1.5555592324816396
992,1.6393424039825235
993,1.5322988915265374
994,1.6591911350714488
995,1.884575211172486
996,2.3247820405361295
997,1.97297971013465
998,2.0431571694671047
999,1.8731306409050008
1000,1.9505592206910989
1001,1.9528919305669976
1002,2.062222879878973
1003,1.9593270107942287
1004,2.1880407393577497
1005,2.3135131868279157
1006,2.7765874269856043
1007,3.013949248452766
1008,3.1290481864449005
1009,3.1687558049321614
1010,2.9171320700556045
1011,2.163864871754646
1012,2.5843005219133697
1013,2.2026148566594816
1014,1.9459119054200509
1015,1.8812017346729675
1016,1.870474636952797
1017,2.0999046102108916
1018,2.339655454290658
1019,2.1076597510702153
1020,2.356219900952031
1021,2.3532119471826776
1022,2.446184352559368
1023,2.5314176597414577
1024,2.194140415856798
1025,1.9235538029553145
1026,1.9236683412529305
1027,1.9469170904823612
1028,1.982752323227347
1029,1.8905460422814788
1030,1.86729730034201
1031,2.231774369338645
1032,2.2004101599958235
1033,2.367891108734106
1034,2.374001337447491
1035,2.3104980165934905
1036,2.6845432659800195
1037,2.678335364699441
1038,2.774630171890505
1039,2.7619382906758148
1040,2.749298636587443
1041,2.8155394479998606
1042,3.1034126354900162
1043,3.2968666018584267
1044,3.8351742278619025
1045,3.9271962700450196
1046,3.9148056920589878
1047,3.862237788052566
1048,3.873354685779337
1049,3.8810442995976775
1050,3.436602215287461
1051,3.728780469248471
1052,4.082030249511771
1053,4.099013546806193
1054,4.212741410813068
1055,4.257363163781289
1056,4.435528646012485
1057,4.132585279006301
1058,4.079285725144044
1059,3.7937787852252565
1060,3.664615924916611
1061,3.094716914390275
1062,2.9762473342550733
1063,3.1351762859470957
1064,2.8486938508739157
1065,2.7568646159374515
1066,2.70758888739285
1067,2.4762105170254176
1068,2.588080490874252
1069,2.4859812841454567
1070,2.222635207103659
1071,2.381175652993424
1072,2.1085895111623327
1073,2.1046731105628727
1074,1.965015293285206
1075,2.1470517536448077
1076,1.9833419196913644
1077,1.8073540315218393
1078,1.914901437917793
1079,2.1145326658053585
1080,2.5220477862301105
1081,2.959748891926536
1082,2.8701302616271733
1083,2.5841258304189143
1084,2.5233177500401607
1085,2.7689166827072076
1086,2.312546927720698
1087,3.101909058133169
1088,3.0968402245427744
1089,2.9720069207196707
1090,2.6827456248696637
1091,2.8076944795114747
1092,3.808860097468209
1093,3.8863532405085985
1094,3.8347992901714507
1095,3.2940815991543992
1096,3.289449584494031
1097,3.06699738170075
1098,2.953941479524547
1099,2.8143929411550186
1100,2.8228569730059037
1101,2.9428825018227713
1102,2.9776236539694816
1103,3.0362077000808942
1104,3.22548709117881
1105,3.572928751734723
1106,3.690562104416627
1107,3.7878168456382917
1108,3.8118282073980363
1109,3.874663047532944
1110,3.60293516172869
1111,3.8380087873970563
1112,3.7353189302197314
1113,3.528542470055429
1114,3.38605059805982
1115,3.214947049646352
1116,3.2049020473599215
1117,3.0244666375504803
1118,2.9433771947633662
1119,2.839865235155058
1120,2.759572608119949
1121,2.701572695692334
1122,2.5731598862797016
1123,2.7259834685699484
1124,2.239072772481802
1125,2.4423064199952473
1126,2.5568751916962325
1127,2.8171541012942725
1128,2.845734001601639
1129,2.6252884373869
1130,3.0442335422600255
1131,3.302589404613149
1132,3.2290105162789686
1133,3.038958817753838
1134,3.315283467966792
1135,3.4003086479769804
1136,3.1125783067019794
1137,3.2666508503964335
1138,3.29398084146872
1139,3.6228550760407052
1140,3.671115350758807
1141,3.3908246742886834
1142,4.052284820329381
1143,4.069037639575311
1144,3.8447865817228006
1145,3.8183128201140257
1146,3.805402540712527
1147,3.6708060460053824
1148,3.9628540093749174
1149,3.7384873023537564
1150,3.3797404063068104
1151,3.1776329165834603
1152,3.3422481574944554
1153,3.5076206937847574
1154,3.04773762656229
1155,3.156991364491856
1156,3.12542196527811
1157,3.2735070207720893
1158,3.5189560221840517
1159,3.268668393719822
1160,3.026334462257354
1161,3.1221898619926685
1162,2.9952444969560568
1163,2.953105768596849
1164,2.9124394262462334
1165,2.8883997865804236
1166,2.9240336011747186
1167,2.5697226109964464
1168,2.9703760752874007
1169,3.0537103903537974
1170,3.0042425084478834
1171,2.8932868119973527
1172,2.9290861784437046
1173,2.4790511679065843
1174,2.595806534400448
1175,2.9399056241083454
1176,2.7723978945883583
1177,2.9352057092854036
1178,3.068979851218397
1179,3.544376099053745
1180,3.6512218300445918
1181,3.6396799205237396
1182,3.63643020689362
1183,3.9174450256844655
1184,4.008818536478852
1185,4.057587096029292
1186,4.083220573689203
1187,4.072781488577963
1188,3.8005680663805133
1189,3.7196017978703058
1190,3.6038156586338497
1191,3.2755477394422763
1192,3.68917657525444
1193,3.4195662041822974
1194,3.423790162081589
1195,3.4317791887475257
1196,3.056746569963227
1197,3.008719427597728
1198,3.1687077578230447
1199,2.9849710287570272
1200,3.127244630487849
1201,3.4703552477792727
1202,4.0849952484142165
1203,4.162602769278126
1204,4.403373924531226
1205,3.9466071046002873
1206,3.84913659644102
1207,3.7489653979527118
1208,3.665074939007557
1209,3.392585580962721
1210,3.600768954899206
1211,3.432494731491514
1212,3.6086249552550655
1213,3.0259137295514527
1214,3.145455383728717
1215,3.411933600441147
1216,3.445391129113543
1217,3.543439613313604
1218,3.5111994036583294
1219,3.6604483924062188
1220,3.7599803446869235
1221,4.095710607095991
1222,4.236359031528281
1223,4.240033297208517
1224,3.890590304744461
1225,3.803721061926822
1226,3.7351483942271977
1227,3.6900385663969666
1228,3.3719464055999153
1229,3.311399399741843
1230,3.1360360086654566
1231,3.2418840715531
1232,3.145211736198054
1233,3.328537244088158
1234,3.1281290645951314
1235,3.151733738609757
1236,3.0612303178105575
1237,3.024980915654091
1238,3.2821380714988546
1239,3.296585044009365
1240,3.175616615248922
1241,3.087120384251913
1242,2.946044392946769
1243,3.0846249818999754
1244,3.329065836971356
1245,3.013707560894715
1246,3.3679521998759325
1247,3.6464309707495177
1248,3.3430595604926054
1249,3.2657755813887666
1250,3.4818607647877835
1251,3.290493383942994
1252,3.589431683749627
1253,3.385380511813697
1254,3.359954867075389
1255,3.305940056343067
1256,3.4059043309466412
1257,3.176974428701793
1258,3.3721038836494306
1259,3.227362232138359
1260,3.0950981865070353
1261,2.9844781709196613
1262,3.0972179147068593
1263,3.0642554025021647
1264,3.0282673311174078
1265,2.835970918652113
1266,2.642611761346612
1267,2.8507407421042554
1268,3.1288577724191606
1269,3.2530936004255984
1270,3.5312579405814204
1271,3.7660624493230053
1272,3.9720691134074895
1273,3.8421928436570543
1274,3.8135851639202127
1275,3.7875500383776677
1276,4.390367172844015
1277,4.360990215557625
1278,4.526067759423936
1279,5.412214660874564
1280,6.060914955509412
1281,6.209388128239261
1282,7.236558253113055
1283,7.603594415872683
1284,7.728047804477823
1285,7.224888044791927
1286,7.163460516399595
1287,7.127995336167688
1288,6.896958899423586
1289,6.892777963110436
1290,6.614898857617558
1291,5.880977609334852
1292,5.995210886608063
1293,5.424634559188064
1294,5.118253406402157
1295,4.724871573623971
1296,4.837036033457681
1297,4.712689826229998
1298,4.5762255508301175
1299,4.209420493794168
1300,3.9479376824887074
1301,3.809727452128558
1302,3.266359203255461
1303,3.5497336957273617
1304,3.320670267435924
1305,3.2155942058735145
1306,3.3161433105263534
1307,3.3054596011134163
1308,3.3064345053748476
1309,3.6139020985901156
1310,3.335558783800322
1311,4.490203677686492
1312,5.396216793112388
1313,6.051487691752839
1314,6.065059487811901
1315,6.40273759363319
1316,6.8168027942513465
1317,7.278299818841994
1318,7.4590107163492885
1319,7.518189657606268
1320,6.9772764153531615
1321,5.378917998159817
1322,5.230171752527283
1323,4.906004683049122
1324,4.771971183663204
1325,4.735456526515871
1326,4.902737980748809
1327,4.338484884179129
1328,4.1539175794515595
1329,3.999617174718373
1330,4.011423369220756
1331,3.6065864821808016
1332,3.434775362194822
1333,3.664446618912442
1334,3.6677963461590632
1335,3.4782220212669475
1336,3.61574666935643
1337,4.419796900213515
1338,4.410847115771692
1339,4.513555510893182
1340,4.526289487885287
1341,4.841213699018241
1342,5.429776951872397
1343,5.080710234735468
1344,5.503963268086416
1345,5.973364926523222
1346,5.614625377162014
1347,6.562790611872188
1348,6.523629468158175
1349,6.042844754464365
1350,6.995338501391011
1351,7.245353716825312
1352,7.105546226846695
1353,7.205405673059472
1354,7.194681109891778
1355,7.059821357105791
1356,7.188702305833397
1357,7.201353328817994
1358,7.158181914585376
1359,7.137024668459674
1360,7.090504250812526
1361,7.012646785607139
1362,6.895892446350825
1363,6.742844400820522
1364,6.505858050565902
1365,6.625422749804193
1366,6.560088169497678
1367,6.667297222382943
1368,6.60151431897609
1369,6.503913551502223
1370,6.470239239957711
1371,6.683704481784688
1372,6.538009754929831
1373,6.479771432529662
1374,6.585188014134412
1375,6.1116615570383175
1376,6.183137508096651
1377,6.339404614163492
1378,6.021216534923227
1379,6.145098839612304
1380,6.115857731510916
1381,5.3804044965279925
1382,5.209362836115807
1383,4.818878246883041
1384,4.721033233563156
1385,4.750441488164676
1386,4.529369443267813
1387,4.5755925253697605
1388,4.623324451674033
1389,4.678100570999471
1390,4.539939946355911
1391,4.600686284203904
1392,4.20174879474792
1393,4.022306733187463
1394,3.9521828207556666
1395,3.9808849971426796
1396,3.6561604678055026
1397,3.612478494356087
1398,3.9062854271548093
1399,3.71409703656122
1400,3.682530828352823
1401,3.4884752672871224
1402,3.36938124989099
1403,3.331684473584108
1404,3.405092093376205
1405,3.2716343960107785
1406,3.1785604717572937
1407,3.1537778975693564
1408,3.294706706375555
1409,3.002252643727904
1410,3.0314282112270217
1411,3.059975534300345
1412,3.0934608985565903
1413,3.00436559051806
1414,2.8695203057693255
1415,2.678863748265033
1416,2.831259062726247
1417,2.5441794134234708
1418,2.6690961444293566
1419,2.6776003685229477
1420,2.2876006928265866
1421,2.4366227000736727
1422,2.435024047875261
1423,2.4089521767884454
1424,2.24267250892434
1425,2.423331902705659
1426,2.440493213281929
1427,2.4558001068020867
1428,2.8155856985794543
1429,4.197223653540759
1430,3.902245125023468
1431,3.8442811444500484
1432,3.765213726225724
1433,3.852428275281672
1434,3.916790637554717
1435,3.8302811758894304
1436,3.5969307903756738
1437,3.4409140709090456
1438,3.5487657269970914
1439,3.2785100489353
1440,3.8965289066675974
1441,4.233041694826613
1442,4.290103774148812
1443,4.324496745990417
1444,4.128036409943301
1445,4.118368395192381
1446,4.122727323467149
1447,3.9959217266068787
1448,4.173300116487493
1449,4.285940784756793
1450,4.401983331521278
1451,4.776749768061387
1452,4.966879464400962
1453,5.193479267240012
1454,5.772211182568462
1455,5.650536109695255
1456,6.2095207783357615
1457,5.915062334573368
1458,6.12730592180766
1459,5.680579320741059
1460,5.323304677293575
1461,4.866396473729423
1462,4.816775794674713
1463,4.426757432162536
1464,4.594112347951005
1465,4.347642238722347
1466,4.616150071778313
1467,4.455933707715348
1468,4.153596495745784
1469,4.072663928882698
1470,3.8773876649258527
1471,3.7806413370886247
1472,3.6430696376130465
1473,3.2774325824081436
1474,3.3879105735366597
1475,3.260540690081624
1476,3.006063548347455
1477,2.998878022391907
1478,3.105168860906825
1479,2.894736274612216
1480,2.5953899331210115
1481,2.423115799806268
1482,2.3424468358165664
1483,2.2351231398995175
1484,2.3255305016582177
1485,2.3243964630845753
1486,2.225952563472661
1487,2.222147463899665
1488,2.091749827487642
1489,2.3605903531443517
1490,2.4532895097863805
1491,2.724323799055798
1492,3.2674457363936944
1493,3.3692911869372226
1494,3.6251654476213218
1495,4.896406093121872
1496,4.907410025434664
1497,5.06650520312362
1498,4.948354556338191
1499,6.134156219485164
1500,5.159849753241604
1501,5.367522473299531
1502,5.20236516117262
1503,5.403229802760853
1504,5.364014941393949
1505,5.185312336470838
1506,5.462618824397416
1507,5.239622808647789
1508,4.880392610436605
1509,4.692030821258407
1510,4.525148235869536
1511,4.240001463437181
1512,4.358508016351072
1513,4.499101742981352
1514,4.293882166339975
1515,4.047573424663027
1516,4.054685007787286
1517,3.9522434129034996
1518,3.936596637110278
1519,3.759783677027557
1520,3.6389938296584217
1521,3.601299490558813
1522,3.667403596325013
1523,3.6681947949367424
1524,3.6545943151781777
1525,3.592352621697146
1526,3.494681199905296
1527,3.4726092447342247
1528,3.413104683138055
1529,3.5867335141981442
1530,3.539593816006117
1531,3.6295654274862996
1532,3.643817793336336
1533,3.1833465405822445
1534,3.1961396644892934
1535,3.351318056912675
1536,3.1256156990457695
1537,3.1765000616424146
1538,3.053853766523157
1539,2.973498944283018
1540,2.7036251972050342
1541,2.6596176111526
1542,2.6315078237931
1543,2.6438202766527437
1544,2.3957068127381187
1545,2.5457265444821107
1546,2.7557189087633347
1547,2.373335139038475
1548,2.383183092100577
1549,2.270307582676478
1550,2.4869595712570387
1551,2.185073732378294
1552,2.519090228336351
1553,2.1400849457728306
1554,2.1393691482770865
1555,2.1361377056188955
1556,1.8561426530929626
1557,2.1287691192863623
1558,2.173358060162327
1559,2.074094868807329
1560,2.3583191400293106
1561,2.456573708999222
1562,2.5341405956318575
1563,2.883642706954423
1564,2.5656583159438338
1565,2.4093770399467753
1566,2.1139600250949155
1567,2.338083076006787
1568,2.352983333499556
1569,2.4138088934556783
1570,2.3243926086784086
1571,2.576438352572142
1572,2.3907604238941116
1573,2.6169105175820766
1574,2.543188963094485
1575,2.4436741155130974
1576,2.4121175431271262
1577,2.38138626476545
1578,2.3785434045270115
1579,2.1036696116523586
1580,2.0100266927826294
1581,1.9358356238181076
1582,1.7577944089192454
1583,1.8428189241349469
1584,1.78244101875161
1585,1.596588986559328
1586,1.8023025693717043
1587,1.8601939556320957
1588,1.8757302738319126
1589,2.450281406512748
1590,2.5975735305791643
1591,2.8981261847402537
1592,3.2672242444332795
1593,3.2586012418160513
1594,3.313821182689619
1595,2.9894374709269504
1596,2.598264768229549
1597,2.7675561183906523
1598,2.59128816925179
1599,2.713941167178171
1600,2.8088443316757856
1601,2.885610467357445
1602,2.821484165010544
1603,2.6392508226726283
1604,2.4931792608445984
1605,2.5428131194606003
1606,2.621285110610015
1607,2.6037179853856167
1608,2.5193560604824965
1609,2.4592258846222137
1610,2.559892924167566
1611,2.6438877095292206
1612,2.4778817868921377
1613,2.7334260032401985
1614,2.8305441961154436
1615,3.1881460415258704
1616,2.896675071287323
1617,3.249128821071208
1618,3.2249869875904227
1619,3.682664830394616
1620,3.955668068811163
1621,4.595866519588579
1622,4.141421353230067
1623,4.049367829034757
1624,4.1023407497362525
1625,4.08004017087302
1626,4.066979146080542
1627,3.7988782113405186
1628,3.4845880701229315
1629,3.9611803660647267
1630,3.4408980660847095
1631,3.3759243507572805
1632,3.351488923832658
1633,3.3672287903403717
1634,3.602974460470298
1635,3.613199060069286
1636,3.1578878147079377
1637,3.1033764105788553
1638,3.1590930535788835
1639,3.1180138573313205
1640,3.019256487830772
1641,3.0229602600136256
1642,3.004580875355091
1643,2.858046459667229
1644,2.849014035738598
1645,2.67726754763719
1646,3.2871097713033284
1647,3.2291208544375953
1648,3.2676387341043203
1649,3.509668402102538
1650,4.275899076165793
1651,3.6496802645709083
1652,3.6001388732027118
1653,3.8967066639918224
1654,3.837212864351971
1655,3.028367376591214
1656,2.9835359804154136
1657,2.898778188874674
1658,2.810135898783652
1659,2.8708154548921767
1660,2.230525398745615
1661,2.4756845253394415
1662,2.1990825229136255
1663,2.2946529549755694
1664,2.2818014923135146
1665,2.108966014426068
1666,2.0595787433504964
1667,2.0626206748367206
1668,2.025400720180172
1669,1.9109295955721886
1670,2.1769670392695732
1671,2.2300916640331545
1672,2.340582917719696
1673,2.338380248988419
1674,2.372142279272272
1675,2.4373301605385223
1676,2.367124218774256
1677,2.213445489169707
1678,2.0018828290597552
1679,2.0526095947151637
1680,1.9745100742220245
1681,1.8510767445920244
1682,2.203300836902469
1683,2.220144229814755
1684,2.271704266375373
1685,2.1959565804118784
1686,2.138849258759587
1687,2.4161660412909653
1688,2.825198307199984
1689,2.9379622003974064
1690,3.2342366693612417
1691,3.6836180504936404
1692,4.152401098973826
1693,4.078916842618184
1694,4.922495674941807
1695,4.997542516076311
1696,5.234834555690619
1697,5.11248565433418
1698,4.570223551771732
1699,4.864102285006005
1700,4.9084897585517435
1701,4.269771304598104
1702,3.9240530803828144
1703,4.1493707872368715
1704,3.2942296061827827
1705,3.365449491672577
1706,3.1282820701123453
1707,2.9083924241721744
1708,2.8911694147198683
1709,2.8552479439416985
1710,2.7109930104909217
1711,2.70188947766791
1712,2.623172172969006
1713,2.913741537444188
1714,2.825517817047042
1715,2.847227164676887
1716,2.77998514973024
1717,2.9326363854010813
1718,2.9981841683394848
1719,2.9716961430973803
1720,3.1779255759408667
1721,3.40746752218464
1722,3.64697297916098
1723,3.6781931108243975
1724,3.867343571394184
1725,4.2877837561059815
1726,4.377692620509213
1727,4.778999119511395
1728,5.69966615318551
1729,5.6047386786767905
1730,5.604265098755038
1731,5.542734214386717
1732,5.418745887549445
1733,5.2400143085861846
1734,5.421307747641883
1735,4.824650196596285
1736,5.1832459729417275
1737,5.049581759274969
1738,4.966123850648155
1739,5.067838108213012
1740,4.8173850931510644
1741,4.332843407750897
1742,4.711376120942574
1743,4.660007451244589
1744,4.334603343424434
1745,4.75897408323202
