,0
0,1.1177895876856851
1,1.195906896509862
2,1.3393674944276315
3,1.406461227326673
4,1.2392102167600225
5,1.197847658296512
6,1.255295051327135
7,1.3068831449825324
8,1.3356073639349741
9,1.372493904391332
10,1.2605532612443393
11,1.211047561389803
12,1.302279141787867
13,1.3163254050099902
14,1.3124137573349484
15,1.3957139709080455
16,1.366637632704958
17,1.3273467920596798
18,1.283348344003426
19,1.290318023137968
20,1.4372851473240165
21,1.5291617204828367
22,1.400620224485454
23,1.4628553444140917
24,1.2943588806443471
25,1.3005600768429246
26,1.1623910893536888
27,1.2924723018391027
28,1.1127397858834993
29,1.328161543046103
30,1.183550574862912
31,1.1884365626339903
32,1.1946173844679515
33,1.1155877469846014
34,1.1235437983935015
35,1.1056127332203476
36,0.9871026121277068
37,1.0359209909947718
38,1.1678657059761768
39,1.1462789808416218
40,1.299311444252191
41,1.4657099724996279
42,1.2175160362586555
43,1.1922834740162467
44,1.2074697408723618
45,1.2377471028847653
46,1.1892210318801864
47,1.2024628729762714
48,1.255988096533113
49,1.2834335252007658
50,1.2454419458820638
51,1.4969240806263195
52,1.313263347261301
53,1.3569570951199577
54,1.0934875328314664
55,1.2648260906237037
56,1.2366155639793488
57,1.3075018282473039
58,1.5236924301494443
59,1.735452448576238
60,1.6085937406473318
61,1.5081615473844545
62,1.5370595836842023
63,1.746410811094271
64,1.5998147765402748
65,1.9015349270093116
66,1.8458884040061994
67,1.6770878012580994
68,1.5487144385865739
69,1.5417635481584426
70,1.6153802137539124
71,1.6915867785812595
72,1.562080063937709
73,1.6458153935523068
74,1.776183117718925
75,1.6888697487689572
76,1.6831277646495482
77,1.7498997280290933
78,1.8300733289490174
79,1.7640164225964858
80,1.4645644265895328
81,1.4201117861094676
82,1.3776173257588953
83,1.5258692959641693
84,1.4453591295090642
85,1.453529437880206
86,1.7437961981272603
87,1.6206921448735847
88,1.6917267640925475
89,1.8295765418403585
90,1.872992826196137
91,1.835291953575134
92,1.6867187921401616
93,1.646884171169121
94,1.5064783999288143
95,1.488642371202962
96,1.510666348665614
97,1.5075012415636648
98,1.55638776724113
99,1.505273460975303
100,1.5756647969482087
101,1.7609647880301333
102,1.5565022484887363
103,1.5177500022106145
104,1.538622196249215
105,1.4329493789946108
106,1.3999695817910989
107,1.4222665919171098
108,1.3002129315545563
109,1.2523279958093902
110,1.336838090915672
111,1.250743855595316
112,1.2265948195592815
113,1.2074435045518048
114,1.2821392041373496
115,1.1707094356686456
116,1.2831001525511527
117,1.2339978268307348
118,1.2860396768649616
119,1.228331271657823
120,1.1116999739442988
121,1.1518715609815584
122,1.096372275421823
123,1.2395302866623448
124,1.290578605996469
125,1.3192361073447465
126,1.4388847982908402
127,1.421157345496139
128,1.3037907124299801
129,1.2415826836770927
130,1.5001598760355377
131,1.5869818019595534
132,1.5507369957940935
133,1.4864587488384338
134,1.5171116461993408
135,1.368079609813051
136,1.310525292471841
137,1.167426569913273
138,1.163771448185028
139,1.1172524326749778
140,0.9559356523846861
141,0.9724709752133013
142,1.1615646431235196
143,1.2090941166691462
144,1.5253444463022818
145,1.9339452952666158
146,2.5990643858715687
147,2.9323797341546283
148,3.1736903073498
149,3.696033196500855
150,4.2878233719278604
151,4.9294897059074785
152,4.895533481581767
153,5.567165100353058
154,4.945550345285462
155,4.711979731299215
156,4.120004674321139
157,4.043368638064175
158,3.8384680669169513
159,3.8826313322061226
160,3.504856453391826
161,3.951569382358358
162,4.048116420920122
163,4.061040359716238
164,4.36276671041247
165,4.535870890330863
166,4.099591800977638
167,4.313908770265137
168,4.048759839224491
169,4.269757315109651
170,4.307610209772269
171,3.958243811496558
172,3.8374730238886996
173,3.596053252342451
174,3.857041048911344
175,4.1009281524314
176,4.16011538408384
177,4.2745239689343
178,4.412527930838734
179,4.473193761291166
180,4.192466750098558
181,4.148688979806141
182,4.0430911392143605
183,3.7276698028213175
184,3.7270356028515987
185,3.9534358679983894
186,3.619381796497924
187,3.957116999521274
188,3.5629253012817594
189,3.6272350474724826
190,3.454114362828644
191,3.5201870933811557
192,3.2503181169985726
193,3.0131451790611505
194,2.9940974663159525
195,2.93360202105072
196,2.712982943238484
197,2.5853905200214307
198,2.5931216296095347
199,2.4160891275132355
200,2.170830935267298
201,2.3029005864923433
202,2.2466601340203787
203,2.240797043351636
204,2.1555158684809994
205,2.172253341846359
206,2.299657476106395
207,2.1556962189970212
208,2.1162004608995337
209,2.1726439571534573
210,2.2261478263026246
211,2.233004184200713
212,2.2321162831667016
213,2.0585556741386406
214,2.0045043476930005
215,2.1104593082573495
216,2.1309414381175897
217,2.014775200459605
218,2.138892578880512
219,2.046005180143724
220,1.873190381420551
221,2.029802867343307
222,1.9159601527303587
223,1.9104763250138321
224,1.924497737378706
225,1.842423721367488
226,1.9615531559584953
227,2.027823103596388
228,2.015027368727467
229,2.086607736110833
230,2.085517655311433
231,2.2624510702161635
232,1.9839307714012093
233,2.0213886766314686
234,1.8408434039344532
235,1.7806169521300523
236,1.6697173189131487
237,1.7620012163920307
238,1.8251966118273102
239,1.7916775324998782
240,1.848617034016268
241,1.7700262346781277
242,1.6813122687698172
243,1.6274163203258842
244,1.6632762914915926
245,1.591393250874746
246,1.5058796097459073
247,1.5534711362618956
248,1.553893455864745
249,1.4428023053921795
250,1.4406197887266357
251,1.453155372770649
252,1.6117968693374878
253,1.563110408713145
254,1.5732008251143672
255,1.4273758571003536
256,1.5045278314011925
257,1.317581603888733
258,1.3416847311447502
259,1.3468892876253724
260,1.3477729872788562
261,1.306139543408003
262,1.2749370179827622
263,1.1392013439474136
264,1.15860247791357
265,1.1299482858373031
266,1.095705379808582
267,1.0321533675317465
268,1.0174169313097747
269,1.0316628489809763
270,1.0491906598112726
271,1.0360836712070163
272,1.1175235101568273
273,1.2126211572659182
274,1.2977751151714865
275,1.3660655407877345
276,1.5454590807730468
277,1.5822628766266065
278,1.657033905312347
279,1.7616002962883892
280,1.7642300128892772
281,1.9435423761547168
282,2.1061435463072593
283,2.1318977499523335
284,2.841509446977265
285,2.931948152141358
286,3.43437185206344
287,3.9481297204907286
288,4.351112854049763
289,4.332407713105071
290,4.760614693595614
291,4.803648493958384
292,4.717123127443311
293,5.74527196160472
294,5.742553497651836
295,5.985365757697015
296,6.002932828773532
297,5.621082943599861
298,5.613691639252035
299,5.586532764524612
300,5.569362133737574
301,5.174705400989634
302,5.070034010334347
303,4.988598571024829
304,5.2164285749726185
305,5.200229900937788
306,4.906073045211921
307,4.161699331901065
308,4.0819601709212865
309,4.697450511690078
310,4.929319582187755
311,5.036382487612034
312,4.474589540630324
313,4.266823555040003
314,4.239214071077297
315,3.8828868018668903
316,3.549124337962867
317,3.454854442742967
318,3.5916010166279975
319,3.3920992135082315
320,3.7122157158818734
321,3.395607005754172
322,4.116324322332178
323,3.871785612051665
324,4.210311936498229
325,3.895823960263314
326,3.848553904816171
327,3.4250135641989816
328,3.2884432638947074
329,2.801911668416103
330,2.619302283845948
331,2.5453472926678575
332,2.3538118769525256
333,2.519282207169052
334,2.5348098506205954
335,2.4230084914848486
336,2.3780545937423185
337,2.320907591256682
338,2.3440921783795696
339,2.363923287482294
340,2.306235011278517
341,2.3406670335694715
342,2.4257629921130706
343,2.7566376059413438
344,2.697401198066766
345,2.593291478141695
346,2.2591475485479835
347,2.214624608559548
348,2.5284053370091235
349,2.9122243092136912
350,3.3167321584243306
351,3.329325469675999
352,3.3092237684925903
353,3.3672737476670664
354,3.0983864490507864
355,3.1124927044119026
356,3.2066766071104476
357,3.1330295275270332
358,3.1582679237015303
359,3.2065936957524817
360,3.0834895361446573
361,3.02563570770307
362,2.778257281960236
363,2.666936585875266
364,2.2799916329056122
365,2.18432165028688
366,2.0809970149705768
367,1.937467415122686
368,1.8060845933338296
369,1.7826515046921783
370,1.923398647945416
371,1.8152389560757318
372,1.838892440597832
373,2.0144425100107144
374,2.00047541516833
375,1.706513792000904
376,1.577283390967575
377,1.5032145370396535
378,1.3431735146270378
379,1.3185425180411854
380,1.2776507568703017
381,1.3319379723439864
382,1.3251186373693957
383,1.3389172534722247
384,1.3954023007645062
385,1.4615004298207577
386,1.3584321279652467
387,1.2979425880687445
388,1.2672960473236972
389,0.9555959916917797
390,1.0715943017573306
391,1.0742696617824117
392,1.0753248476103072
393,1.2723956972100463
394,1.1246772642038008
395,1.216403159487698
396,1.214707184126203
397,1.2739333958127899
398,1.1647477252464018
399,1.0978223316862297
400,1.0827893279456278
401,0.952509783286326
402,0.9533425979669572
403,1.0628515746886356
404,1.2636861402404376
405,1.3458550531207583
406,1.4115917516736591
407,1.5289639684258982
408,1.6383827801282451
409,1.9176428180624163
410,1.874565283639894
411,1.7944016466821089
412,1.9486320161608992
413,1.920935774913153
414,1.9222887740195467
415,1.857874729687951
416,2.0810933285007467
417,2.2875490595088253
418,2.3594921598887275
419,2.315746136640179
420,2.123710695659956
421,1.7957123566097053
422,1.7509479010211948
423,1.6482231289347113
424,1.5404544628388563
425,1.3811215523025626
426,1.3179789040411267
427,1.3178787450221796
428,1.3721114801320942
429,1.5884049629337962
430,1.6910339429679386
431,1.6265381753453696
432,1.5828686625153332
433,1.4426076779771748
434,1.5716163814183515
435,1.54462008810871
436,1.5741340358787796
437,1.3437767617348384
438,1.236580662478147
439,1.2570160605255776
440,1.182128407058224
441,1.29186924412632
442,1.3765672807877254
443,1.4167118953685505
444,1.3725405163083495
445,1.350210252289731
446,1.2831492790199088
447,1.280628693461968
448,1.2813968876762576
449,1.2867220135908413
450,1.3349220831769073
451,1.2480414410264653
452,1.1667022566686804
453,1.15932267088153
454,1.210641828586791
455,1.1134364093297653
456,1.10416672233224
457,1.1064985034128993
458,1.0978492308681793
459,1.1134627367602847
460,1.1819258045109482
461,1.1122952338099972
462,1.0520636816782225
463,1.015334833456979
464,1.0035313468192602
465,0.8357037094009224
466,0.8391745344655297
467,0.8261542078141179
468,0.8358040973847518
469,0.7966400862947008
470,0.8154858503132838
471,0.828819583730717
472,0.8357680901844412
473,0.89720902447353
474,0.884350103504017
475,0.7750874455891861
476,0.7699029092199396
477,0.7447880450169004
478,0.7379246833415501
479,0.7174243410561155
480,0.7164746125284683
481,0.746469126179435
482,0.723253512584912
483,0.7154916059522297
484,0.7615201906065823
485,0.7280508725020289
486,0.7336915477952269
487,0.740199077631766
488,0.785883336262935
489,0.7716837230895164
490,0.7538982128399958
491,0.7250602473236198
492,0.8024761234012817
493,0.8435086182447721
494,0.8832467603636633
495,0.8125524188777875
496,0.9631764889961748
497,1.2077092694178695
498,1.3479020052055521
499,1.4020934813258585
500,1.2831129764943248
501,1.4256535433527573
502,1.3540043498975427
503,1.4623393755492005
504,1.5150555782292088
505,1.5914440335983235
506,1.3937831286834679
507,1.2468829935793704
508,1.2620974956803053
509,1.2335189083244968
510,1.3367282287434397
511,1.487678745234931
512,1.3980972151289182
513,1.5231868328604488
514,1.336866081541429
515,1.381830771764868
516,1.5393594842935974
517,1.5974996021872903
518,1.4425425241129781
519,1.4350293972277985
520,1.5663700866820982
521,1.6054663782558225
522,1.5355929519955227
523,1.8203096048416108
524,1.8060231135580436
525,1.8086327712575978
526,1.6295465167706018
527,1.8751849408594707
528,1.62334788979939
529,1.9049055807644613
530,1.8686737691331707
531,1.9363038199147158
532,1.8987707795464412
533,1.8445207127698404
534,1.8804319316097888
535,1.9827803059709024
536,1.7835646022701885
537,1.8046626954775276
538,1.7667228013573462
539,1.7791903494282884
540,1.768922976669727
541,1.6790356693652513
542,1.5966027581944466
543,1.582213197148879
544,1.785619069203213
545,1.738533104557494
546,1.8040114980884498
547,1.8560405017110342
548,2.0930262284147667
549,2.1740259599248803
550,2.160790630688815
551,2.1449594643030188
552,2.3010473916144942
553,2.1620756426072067
554,2.1404299151811497
555,2.372165680781793
556,2.426643783800185
557,2.555899440524056
558,2.9029562002761153
559,2.7171926880946558
560,2.6246827178990686
561,2.458180569643303
562,2.278216080966267
563,2.044721755208245
564,2.0765143880302754
565,2.1049853547199047
566,1.8620299058694452
567,1.8549653400712331
568,1.8806214233389678
569,1.8056800759409206
570,1.8126013574997737
571,1.7422035404970786
572,1.622714963959707
573,1.6151044744053682
574,1.7204562110179387
575,1.6619819315563875
576,1.751330608829092
577,1.7287769760727116
578,1.5116611205172454
579,1.4805372613880434
580,1.5576393919918812
581,1.4538595859160568
582,1.4385723754453252
583,1.4410360113340335
584,1.4997880153252099
585,1.2932871506378159
586,1.3518064978278763
587,1.3161563867423238
588,1.2924032841787787
589,1.2675209524352793
590,1.2023606105135904
591,1.2169032189943714
592,1.2108012848577825
593,1.342884036158926
594,1.413986669374471
595,1.466276951718005
596,1.5358914517241349
597,1.7240802278909122
598,1.6743197946995556
599,1.73873813722874
600,1.6122310744126553
601,1.5170818583311574
602,1.5638015846594282
603,1.6598232797143817
604,1.8713346436267373
605,1.9638906962044118
606,2.0945162333453045
607,1.985142695856444
608,1.9292537345012393
609,2.089192347462469
610,1.8033676066643494
611,2.0363892938824977
612,2.2487875789014913
613,2.6544227907159414
614,2.944302387076238
615,2.7117360500451086
616,2.6288050140243917
617,2.6094248707764782
618,2.7171061553361135
619,2.3396191738576104
620,2.5448446533100046
621,2.5619439428643256
622,2.7565905715130095
623,2.639271311186971
624,2.5834953281003625
625,2.5694148163700596
626,3.0282816067966114
627,2.6675833095120365
628,2.5349045979164915
629,2.5022096011507236
630,2.5301233054470975
631,2.3192798955885965
632,2.327788784971939
633,2.21847842411096
634,2.2049497153429516
635,1.9964024059592564
636,1.868170401575792
637,1.853043379033909
638,1.853542008146582
639,1.6595380295840279
640,1.7997743130719823
641,1.8329779497392058
642,2.125812673982876
643,1.8254088731908498
644,1.7757349648866734
645,1.8913798536986648
646,1.8852909236065085
647,1.77249406923454
648,1.7688679654016892
649,1.8115481752538332
650,1.72347067718028
651,1.820286263895739
652,1.617351737333917
653,1.497563183128364
654,1.5874335989706954
655,1.5073964119968912
656,1.5626321668607137
657,1.5583495953823674
658,1.4758553537530135
659,1.5205721560000112
660,1.4063644641094464
661,1.3721744071993294
662,1.610246766706581
663,1.8422530099012284
664,1.5982255234193523
665,1.9756494775739966
666,1.979500277588416
667,2.0533948975067133
668,2.421873730791809
669,2.5815554980241595
670,2.4077627164258213
671,2.412230093503085
672,2.3588839193511273
673,2.4684592486004777
674,2.496512043724163
675,2.5409039120587407
676,2.8952880486871404
677,3.02538672897042
678,2.993621523801619
679,2.8713135663625646
680,2.7176878303319802
681,2.541179068494779
682,2.480894153647878
683,2.40515646464187
684,2.205997499613002
685,1.8344802377670137
686,1.8122329979373974
687,1.8286566134821742
688,2.1259567978393044
689,1.8111525505841166
690,1.8064848796335236
691,1.688125728847706
692,1.6608885801855944
693,1.5826792662179043
694,1.3142704910526628
695,1.280201664244269
696,1.1731877080749715
697,0.936264395400322
698,0.861378904315614
699,0.8315261529770603
700,0.8043772724451886
701,0.9063025450497947
702,0.822802468700358
703,0.838489344694784
704,0.808512706240835
705,0.7969291482282262
706,0.9365097560613745
707,1.1680774246030812
708,1.2671059481596556
709,1.2039501199223148
710,1.1023154032964435
711,1.092141536650267
712,1.1887148678069532
713,0.9933103101363764
714,0.9889270637382862
715,1.2068802350721322
716,1.4507437175153282
717,1.5129498531139483
718,1.552966396785153
719,1.6678621267149396
720,1.5781248417255742
721,1.6032751542887136
722,1.6333713221957802
723,1.7748330754940032
724,1.8118961678194567
725,1.505107711110262
726,1.385060082762575
727,1.3610470170528826
728,1.6039435023628994
729,1.7268065819402711
730,1.7692923582218847
731,1.6452774002731048
732,1.6275501532425893
733,1.9236390302731272
734,2.041146764457193
735,2.088270067153929
736,2.2641611505289743
737,2.6730752713753607
738,2.492125984203179
739,2.3383948004670096
740,2.2015804186112566
741,2.4812993247053754
742,2.445858442001175
743,2.7869665228343545
744,2.898409824100711
745,2.8935056746815904
746,2.913153954678215
747,2.776404074009835
748,2.661322646435776
749,2.6572387290104134
750,2.6839337446636833
751,2.6172514256380044
752,2.458326060179263
753,2.5810844134600845
754,2.245295897018429
755,2.3078959950123754
756,2.2734464025187537
757,2.2909209688984946
758,2.5114356884166416
759,2.5801569551667054
760,2.254938595316877
761,2.3221544855420984
762,2.548335872625346
763,2.3694912896948
764,2.1545646652754193
765,2.169684115759567
766,2.107979959698232
767,2.207701795599371
768,2.1818147355348816
769,2.292060819842761
770,2.3113374773779043
771,2.2786086616685766
772,2.3558303760192816
773,2.1225659445084006
774,1.8899739209181805
775,1.9951438937980537
776,1.855183535746869
777,1.8539855849261753
778,1.9863258246571716
779,1.8690776587890638
780,1.9766501009074389
781,1.9878608001961022
782,2.0233535152572966
783,2.051032697821201
784,2.1265631442999524
785,2.2913827428844655
786,2.2917463337536037
787,2.265916206123076
788,2.2267923616839664
789,2.055935872108425
790,2.178239196710252
791,2.2152446422849317
792,2.1032243070462373
793,2.202190274847349
794,2.186460681096262
795,2.177754169244474
796,2.2242657084121635
797,2.2924233314155362
798,2.1836308175639427
799,2.2161870998898507
800,2.259064414212125
801,1.9175276898307596
802,1.8649572816371667
803,1.7652625069017345
804,1.7180484316700348
805,1.7031339692764078
806,1.7474600579635746
807,1.6989734933036844
808,1.711067735596093
809,1.6638722637258536
810,1.586687496302739
811,1.420719952030319
812,1.4534045556866095
813,1.4122832589470937
814,1.3982629187890374
815,1.311836898245658
816,1.3001575568399026
817,1.244967963560486
818,1.1598551738320118
819,1.1958793283877738
820,1.1818006629464706
821,1.0970872019137645
822,1.0167856313067838
823,0.9736739646228921
824,1.076990958124289
825,1.0409013758628143
826,1.2048962743485876
827,1.2015366668376763
828,1.4709365390861542
829,1.6052207369166074
830,1.7398091526132928
831,1.97240721623037
832,1.9192322506024662
833,2.1462063847991995
834,2.218194462987768
835,2.5055153597144897
836,2.7336616844162163
837,2.7217554957605516
838,2.686778264667545
839,2.540645881875744
840,2.645073788028831
841,2.795803780330415
842,2.748857147141553
843,2.6753874236424005
844,2.622875906479697
845,2.6408760099429216
846,2.5082923334994396
847,2.6109837283346913
848,2.575960715680304
849,2.2671420893381575
850,2.2483689145498116
851,2.231151795722604
852,2.252987703773352
853,2.2367931777759127
854,2.2315027850051727
855,2.2960565418686762
856,2.1283704634020273
857,2.19096261658735
858,1.9139194027598592
859,1.8452924746988737
860,1.7811607734326325
861,2.024493723773093
862,1.8030444900623126
863,1.8524101865022793
864,1.804279780776123
865,1.6430547537818363
866,1.6534062310505686
867,1.75109876705201
868,1.7509378438854069
869,1.7268175250988675
870,1.467761641672203
871,1.5413787823560692
872,1.367783550901192
873,1.4309522750450814
874,1.4498052117615887
875,1.3153805620283845
876,1.3279697652648832
877,1.3793991282036902
878,1.4075404647692586
879,1.3473776730949678
880,1.4201722898678293
881,1.4513826791786653
882,1.2893207175036883
883,1.4175313229240873
884,1.366742723766737
885,1.3762106082921683
886,1.7022639756341436
887,1.832905781618893
888,2.2672411837640354
889,2.3194088628312115
890,2.5849024926203925
891,2.334387277637299
892,2.197054576359964
893,2.512193713717823
894,2.554910857425813
895,2.3319209801951715
896,2.578185308510415
897,2.6012730345145445
898,2.160251911697427
899,2.1468740680010265
900,1.8047340574431043
901,2.061271293578677
902,1.7096522011978306
903,1.7628586232585615
904,1.9942289789269327
905,2.0098522409547717
906,2.0633591873226647
907,2.000338392627413
908,2.0060050099967386
909,1.7343366550287431
910,1.6416632771273858
911,1.3742168820879979
912,1.5581342701605538
913,1.5344718984684464
914,1.5370173972253245
915,1.6230390240776593
916,1.4120898541423976
917,1.5315583067423233
918,1.4987224219054929
919,1.4671933043500058
920,1.5593508427341962
921,1.3932663719834337
922,1.4113198091394819
923,1.250295222831995
924,1.2879086990268633
925,1.1876782183367625
926,1.249889300388473
927,1.1886529339286398
928,1.1694088679760506
929,1.1479133457943838
930,1.205265685558688
931,1.2130963298823008
932,1.125098249073774
933,1.0897910947711287
934,1.0631986623763474
935,0.9628999267551315
936,0.9339585482986529
937,0.9041012116078597
938,0.9303335559051069
939,0.9346112107288368
940,1.0028013844335242
941,1.0630926258764777
942,1.0553129438940911
943,1.0651213043264278
944,1.1225407544210813
945,1.0946602344001992
946,1.1039213788336326
947,1.08510706289336
948,0.9279221805386114
949,0.9090943590917014
950,0.8392167187704681
951,0.8277765629856092
952,0.8606730931748368
953,0.8166056638154715
954,0.8116891885136658
955,0.7552880071235334
956,0.7552409437437696
957,0.6816792827040663
958,0.6090737577210538
959,0.6658378731831193
960,0.6331802444067567
961,0.6581829580966067
962,0.910567367232243
963,0.9463692024139524
964,1.275325388638562
965,1.650138239518524
966,2.1299874495967965
967,2.2223796324024856
968,2.773192503579934
969,3.212078989780834
970,3.791812184900437
971,3.969856278637139
972,4.756592783230487
973,4.767967228076351
974,4.811528973909069
975,5.4289249729982965
976,4.870898476030199
977,5.761419112066915
978,5.315045889609927
