,0
0,1.4057657468329545
1,1.4473357738709949
2,1.447317004447246
3,1.4548730726129848
4,1.4470185972046075
5,1.4740421533005608
6,1.4232323173975123
7,1.4496564870830606
8,1.34768656696497
9,1.3162120963737514
10,1.337767756656608
11,1.318630404715866
12,1.297657331879858
13,1.3260235799917075
14,1.400585756180904
15,1.2921276160798332
16,1.8668835180281043
17,1.8602242882603899
18,1.8637811267398259
19,1.7751585905993748
20,1.4271922622111703
21,1.391001047971521
22,1.263147251987955
23,1.214209365617049
24,1.193133561377427
25,1.4555494404093183
26,1.6779590673277665
27,1.3024632794886222
28,1.3084365211981288
29,1.317888811046849
30,1.3061372190323246
31,1.467401410503111
32,1.4089162672085704
33,1.3690566270822906
34,1.4346732563316364
35,1.4508492515353062
36,1.4021904334374453
37,1.4024498052390162
38,1.5019122722414373
39,1.4443467049675285
40,1.5018342137867782
41,1.323585791785686
42,1.4430239264772333
43,1.5886733006273623
44,1.504989127138124
45,1.5758486755116035
46,1.6840851762041098
47,1.5474489783342296
48,1.5488772563321986
49,1.347900369294086
50,1.417368787088429
51,1.3418194686664722
52,1.4199564162427505
53,1.5013623218009102
54,1.633794958605354
55,1.3699344783199685
56,1.2932262473689675
57,1.266334137277103
58,1.1662347807751516
59,1.309853950028081
60,1.5004723078208537
61,1.5256453254896363
62,1.8871995264552337
63,1.8567857098602458
64,1.9593131355238143
65,2.036660795084137
66,1.751648388932309
67,1.5947269292764301
68,1.3700355620037268
69,1.263434285097349
70,1.3098394567503984
71,1.4176755853358567
72,1.4905270168188096
73,1.4476566176090697
74,1.5417965972021865
75,1.3667257174727732
76,1.2905009407577928
77,1.3728568778144479
78,1.3741593659747489
79,1.3779432895634278
80,1.4749134037125744
81,1.6735022682171257
82,1.6783270555875591
83,1.6855660193035171
84,1.613714349489674
85,1.5536071647320264
86,1.5528777742771096
87,1.6403023436069895
88,1.6356593986557648
89,1.6337712501372295
90,1.7002908712133453
91,1.8151455580004767
92,1.7212353966680762
93,1.8847182527395303
94,1.8623093685393568
95,2.005561599254901
96,2.0469107765338967
97,2.088925973972797
98,2.1595929278113957
99,2.205511614559454
100,2.0062344093149194
101,2.007945716001014
102,2.072918737393697
103,1.9986820579795757
104,1.8335649404337415
105,1.6381148907731506
106,2.013945461146048
107,1.87236049535462
108,2.041364399211459
109,1.7855960393984687
110,1.8155814461390196
111,1.6995015832789098
112,1.883179444263583
113,1.9080126784466682
114,1.958782666162934
115,1.7888663744251052
116,2.086939386665126
117,2.073005749024286
118,2.009726332810413
119,2.174650662362358
120,2.142920949208912
121,2.3378104958575623
122,2.219709464549797
123,2.1606587405482167
124,2.1119457798006853
125,2.213955171329265
126,2.2798068445785193
127,2.185459572282163
128,2.131618235612779
129,1.6402885771097853
130,1.4681848336230585
131,1.3907578867914003
132,1.437140794782852
133,1.5243559430237394
134,1.42110124941621
135,1.3784239139333376
136,1.4012704939190057
137,1.4293592655058662
138,1.4993504221249023
139,1.5070394543148249
140,1.8004963974372945
141,1.715880481915291
142,1.6106311415595247
143,1.6449559400445635
144,1.631018124905031
145,1.51487013843939
146,1.6248324267320904
147,1.6758797504604965
148,1.6652626200640677
149,1.8032965268957963
150,1.585240063529899
151,1.4468509233962195
152,1.3406791717112572
153,1.5980405682131016
154,1.4816949909385497
155,1.4321427968176192
156,1.4181252501888952
157,1.4509647229606109
158,1.2563842810290269
159,1.1740908174133537
160,1.1710178871996444
161,1.215109848250623
162,1.275493851468199
163,1.9715206283772813
164,2.002949005160995
165,2.1906049054833914
166,2.312388725902202
167,2.261549104728093
168,2.8365307447100645
169,3.021652364854109
170,3.0915343344117283
171,3.9562613024613094
172,4.019681148914255
173,4.071300969536134
174,4.125513354000198
175,3.9124070145587084
176,3.8435625129315616
177,3.616817487941112
178,3.7832690732659855
179,3.6831911514231748
180,3.7023756590431653
181,3.6948320034338917
182,3.722325096649283
183,3.486441596633543
184,3.6054345947835027
185,3.575832252593338
186,3.700165938402711
187,3.5850182276517164
188,3.4353583681665087
189,3.417510293389751
190,3.35728147505796
191,3.2710196399174056
192,3.6396734745047143
193,3.6251611921618205
194,3.8073749474907137
195,3.7446898936999915
196,3.242985107187961
197,3.609294806405495
198,3.8551589066167864
199,3.86300762654404
200,3.697352781557125
201,3.595339775069649
202,3.696993484133222
203,3.534872275290714
204,3.6064174735297647
205,3.5759894172357787
206,3.462562558318122
207,3.4562260689214295
208,3.445163227815991
209,3.2258495721505276
210,3.533769208437556
211,3.2306427054375497
212,3.289752814116515
213,3.321624040666648
214,3.002992908746656
215,3.0219013987690344
216,3.3539169504794213
217,3.106712885566836
218,2.719452072984928
219,2.5227865735372554
220,2.7525548228675425
221,2.489659488344058
222,3.1195513917614566
223,3.1887426030721424
224,3.0120750298893975
225,2.8410711324949296
226,2.9302141694549144
227,2.97477514183814
228,3.030464707839016
229,2.7480313598551342
230,2.872882304048436
231,2.3180047991584294
232,2.483029882934324
233,2.3107412857348817
234,2.2185196870686665
235,2.10655758077511
236,1.9820390138355
237,1.6769275542766733
238,1.747890599306027
239,1.8020967082146546
240,1.6482746584445462
241,1.8463123163889907
242,1.7406759721879723
243,1.8147813505368267
244,1.994057641744822
245,2.12214769761004
246,2.0856921461885136
247,2.2161035619803933
248,2.1464337237449773
249,2.260025978697359
250,2.204860134677077
251,2.260860014889611
252,2.316020682032921
253,2.6825828272405436
254,2.385681724552756
255,2.2294345005589697
256,2.2786784594623843
257,2.163586440479347
258,2.1756222459924937
259,2.0174083025090646
260,1.9652385785496163
261,1.9475909125267283
262,1.7815756465305566
263,1.82901074305946
264,1.5952248370935358
265,1.6981461348623343
266,1.7309784024022596
267,1.8888717506310526
268,1.9494686532258756
269,1.8221965692204112
270,1.820582675943811
271,1.6793161708798463
272,1.809476064815315
273,1.8901516127368625
274,1.8305914218199788
275,1.9234557420257976
276,1.80104363534954
277,1.857731024910544
278,1.6314427064777195
279,1.6354930250204671
280,1.4883138574060704
281,1.4496643929821926
282,1.4724637117952872
283,1.4289097320297965
284,1.3359346883794965
285,1.3008454779592928
286,1.3047114628744836
287,1.261347762785545
288,1.3663460043514526
289,1.545691023118186
290,1.5358475017210274
291,1.9118331824591601
292,1.4918810846998973
293,1.454102873366851
294,1.546391788751432
295,1.464853383632025
296,1.9715744318770387
297,2.000117064562501
298,2.1543736563221523
299,2.0115445294572485
300,2.0521007311382866
301,2.0510930364171793
302,2.267886742375863
303,2.3448767039755323
304,2.614164183809504
305,3.08359501781114
306,3.2062211076471416
307,3.0597143268881166
308,3.5595957508688554
309,3.933518020930693
310,3.9766937468921832
311,3.9991820687594277
312,3.951170757040817
313,3.658632860117667
314,3.6998973299035116
315,3.6719340860801495
316,3.6556703289644004
317,3.597263520711622
318,3.595466874330298
319,3.5783367888203417
320,3.6897756978326988
321,3.7139574948156877
322,3.7534897945306427
323,3.706830514971206
324,3.7239393321827903
325,3.8512929069464623
326,4.077224788713469
327,4.115405308034211
328,4.163454463180139
329,4.181413152457202
330,4.201010914793042
331,4.327860347823129
332,4.4134080781468805
333,4.4134080781468805
334,4.414752463841861
335,4.388019652539352
336,4.335536866467371
337,4.298381769817998
338,4.158244514207483
339,3.990047145358109
340,4.012759526669812
341,3.9880971882240495
342,3.9598259188625753
343,3.9761714120662637
344,3.9675248143613535
345,4.008177657262647
346,3.8384841290432568
347,3.8943116131509847
348,3.8913141209178685
349,3.88975566343583
350,3.636069656239657
351,3.6186316267667205
352,2.5796879133335673
353,2.686772346352888
354,2.4006926765110164
355,2.67513985747664
356,2.5865598852750136
357,2.6911251754935153
358,2.5605012575228376
359,2.5978084934167907
360,2.792300957562322
361,3.2233018491395153
362,3.352140174792358
363,3.2025701288800876
364,3.381073385032537
365,3.422014579182006
366,3.356885525514442
367,2.591928098175205
368,2.3450694547504187
369,2.3932569305029046
370,2.55224419569246
371,3.2689939986729906
372,3.644718298566645
373,3.488296377901886
374,3.4102751025762417
375,3.1794978898552424
376,3.126210484182596
377,3.105890485911915
378,3.0372790177925375
379,3.1953243883739524
380,3.0287582359693643
381,2.944633244833825
382,2.8949520552718715
383,2.8587856828214084
384,2.5257708116577247
385,1.804420262009715
386,1.7394811988265535
387,1.9050749993871712
388,1.79626081973577
389,1.9319112304628905
390,1.8859882147386842
391,2.0064589191214233
392,2.0912458931392255
393,2.0430448100773617
394,2.1827679085992724
395,2.1976139569979436
396,2.2835638511316296
397,2.260190736091806
398,1.9975932397544829
399,2.205139579485106
400,2.0388017956446176
401,1.6595806135130828
402,1.634623481290119
403,2.2226533342284713
404,1.8350082532891736
405,1.5361348888669337
406,1.5541537199973194
407,1.6984606033760465
408,2.114421550505534
409,1.6772648798488012
410,1.7708057549847436
411,1.7539600627277774
412,1.553367152830894
413,1.6980995823992715
414,1.4833492481376724
415,1.6195699260514151
416,1.4786998541030107
417,1.3694254990388595
418,1.5596660062541907
419,1.3003762345938557
420,1.336873695557563
421,1.286996489157803
422,1.3370530240412801
423,1.3882202068216694
424,1.3551661904891807
425,1.4916568792669187
426,1.8430733151867256
427,1.892914875591479
428,1.9566797637440667
429,1.8619555428504386
430,1.4793694112002418
431,1.4521970816922423
432,2.047242382785479
433,1.8325898055305254
434,1.8940265818301316
435,2.195321104148093
436,1.8320864530857681
437,1.6756212158069663
438,1.8559930275599332
439,2.2857867842155413
440,2.3792360585872006
441,2.359566941720983
442,2.168090189807091
443,1.7805872493975252
444,1.9038506084195521
445,1.8022047202053255
446,1.6225400309623164
447,1.5240290711618831
448,1.3345144521187793
449,1.2612090478405193
450,1.2149081247897635
451,1.2489933081718934
452,1.5537258749049527
453,1.5233508685726185
454,1.6038350336047273
455,1.6186340314915708
456,1.729330654680521
457,1.8762195997854891
458,1.9597082919428945
459,1.6890494245901586
460,1.556943131760176
461,1.5132526155006614
462,1.6089769912032326
463,1.551257856005078
464,1.5376467595354015
465,1.473155208645182
466,1.6064487862698764
467,1.5974398723819179
468,1.540667653428756
469,1.4595874550727241
470,1.4202127425761157
471,1.3912621556770648
472,1.3776642167876862
473,1.3793710326104103
474,1.3299601135622632
475,1.2797263549515554
476,1.2844902610126345
477,1.217306681635229
478,1.2347066104255664
479,1.1772394373580857
480,1.205723006840908
481,1.189150416015904
482,1.204576237716536
483,1.2466771713670959
484,1.2802861346169614
485,1.156108359362825
486,1.1328449500734168
487,1.1014151426154717
488,1.0610309615133706
489,1.056737965349352
490,1.0004130242806364
491,1.0581538692383572
492,1.0228111866584304
493,1.0295738408480775
494,1.1137534866823233
495,1.1286042635368672
496,1.0775093592900804
497,1.0043572302534385
498,1.0494009574990226
499,0.9458003907254159
500,0.8971076569339573
501,0.8873063838122061
502,0.8572730686709547
503,0.8288354620134437
504,0.863659195563592
505,0.8553819420573716
506,0.7943935205415575
507,0.8722533881966601
508,0.789832800871596
509,0.7808257071521038
510,0.8671639950608223
511,1.0337037774706646
512,1.09618701867184
513,1.028530559643
514,1.0279412433382724
515,1.3418897026589909
516,1.2759087151152613
517,1.2250039355082787
518,1.1078008128532544
519,1.2894315124838747
520,1.3903172310052396
521,1.409382358483749
522,1.5038027043767048
523,1.6633905515004228
524,1.546880236084697
525,1.5242419755074466
526,1.6422682927399104
527,1.878213788826409
528,1.5630512584570653
529,1.4527081462465739
530,1.3972828990569064
531,1.380809878597385
532,1.4172124173563792
533,1.449609863276396
534,1.657480585726565
535,1.5116037288993522
536,1.5737183201571383
537,1.5584719899207915
538,1.7833093281413157
539,1.7349159523410391
540,1.6521876644666944
541,1.5680721943227962
542,1.5223918686429116
543,1.723361588518999
544,1.8512326316024184
545,1.4786550493389081
546,1.6690942973465916
547,1.6535840521476943
548,1.5139377465908137
549,1.568715728711391
550,1.8300784644534214
551,1.7336027425163885
552,1.8148634389356264
553,1.7752499642045048
554,1.8969926991691148
555,1.7229138519523486
556,1.5966197209030295
557,1.6450689467589916
558,1.4903983739016349
559,1.568761951713025
560,1.557568733762237
561,1.5316331127834997
562,1.5870676339023357
563,1.600332474552152
564,1.527673564864535
565,1.4839254069436234
566,1.5570365272889386
567,1.5552813418120177
568,1.5747838579795257
569,1.5765162372425936
570,1.572588420470598
571,1.6826206685460912
572,1.7271214695482682
573,1.8560106457972916
574,1.8522654305632604
575,1.6843093582100204
576,1.7341146363871174
577,1.7344785029948289
578,2.0738065294617467
579,1.8934140397585728
580,1.9948147375719882
581,2.5663333717180343
582,1.82564624917377
583,1.791290170582165
584,1.7856480835658222
585,1.7485062434105036
586,1.779146262478591
587,2.007020897485191
588,1.9309861697309079
589,1.9801972793626474
590,1.9952258778688496
591,1.9941235402449806
592,1.9365957782515528
593,1.9257904816441642
594,1.7817745332790509
595,1.8594509270641673
596,2.0973978300195646
597,2.1507955644173156
598,1.9796200180212182
599,1.9640963623470544
600,2.006220102707009
601,2.2464418619825466
602,2.2760471135939766
603,2.098929519342526
604,2.0843380268496685
605,2.106674634958202
606,1.9923663831010718
607,2.1494047619782894
608,1.3452889271096424
609,1.5923463404301434
610,1.5472207713674464
611,1.5116853317337617
612,1.7502525527854034
613,2.2381382306745814
614,2.0662630973441587
615,2.01343891295665
616,1.9094523808120234
617,1.766312200769203
618,1.795418267152682
619,1.9628700096793794
620,1.8770925313059534
621,1.7766803400212339
622,2.8200594155547565
623,1.9626012992362099
624,1.975996362443978
625,2.0635731625402913
626,2.130981331114553
627,2.3244734111257657
628,2.0994082200046633
629,2.331238167498036
630,2.367423902158002
631,1.9690998493859495
632,2.1236930866738706
633,1.753494805608959
634,1.4567244384216338
635,1.4608196792069266
636,1.6993272213007853
637,2.59865749083799
638,1.6860945119756026
639,1.7810582832524133
640,1.9515575847127606
641,2.266470887937924
642,2.147224877890043
643,2.2546552332238905
644,2.332465806989909
645,2.5889748580135574
646,2.47267020530667
647,2.6168861483265107
648,2.4915261206431425
649,3.3091413033358887
650,2.5839672022152573
651,2.558952326746901
652,2.6151817030465625
653,2.5355667460075795
654,2.345215182102645
655,2.4004263071452603
656,2.385279134105855
657,2.3185586923558055
658,2.4954413158521587
659,2.41632726243723
660,2.4696500989197316
661,2.2142461933663675
662,2.3371104998913554
663,2.2974560769814873
664,2.332890342087079
665,2.5690457236063176
666,2.487095801380071
667,2.3746634029709877
668,2.393078031219844
669,2.3767074065494165
670,2.478171071691031
671,2.322235470075663
672,2.501610183617104
673,2.463243343322401
674,2.4161535080281022
675,2.6056587921931995
676,2.4830722718110643
677,2.3517000149389027
678,2.374592018955982
679,2.242101174287455
680,2.198824275079469
681,2.2315137559588885
682,2.1430455681796925
683,1.9162622639766334
684,1.6164144977201411
685,2.0378188679870743
686,2.083017041437733
687,1.9533800204804364
688,1.8492955327502536
689,2.01609589628476
690,2.1327113307488905
691,1.8454776560005015
692,2.1471214888480565
693,2.332407954042516
694,2.046522162519589
695,1.9461217478411643
696,2.1239818523645684
697,1.9875388219850687
698,2.038572172609404
699,2.45313877610373
700,3.217174855781398
701,2.8045608844735295
702,2.6653637243621047
703,2.150196760443322
704,2.1802886947298274
705,2.265950110288878
706,2.4413409035580775
707,2.26158462974943
708,2.289430512488155
709,2.2348866020067435
710,2.177130324225205
711,2.1836023098167767
712,2.1568011639449876
713,2.1295740408021318
714,2.1102105915364384
715,2.294184629251527
716,2.267826213306896
717,2.2444730994338205
718,2.0940746701145887
719,2.122541716737747
720,1.7471264623405844
721,1.6769237421353151
722,1.5359540223974462
723,1.5918927120825452
724,1.4955219625435228
725,1.5063059500552975
726,1.4996770292427037
727,1.533749537325077
728,1.5496280009413406
729,1.656746515402465
730,1.5725377063182937
731,1.4392849175405735
732,1.3737447642857419
733,1.2866438441955503
734,1.4911160468075864
735,1.550804281284325
736,2.070762896113415
737,2.02995379013338
738,2.178079666281686
739,1.903937317878795
740,1.617609387198876
741,1.5059767809862825
742,1.5384490815385663
743,1.4227305686760143
744,1.4919475009210406
745,1.5193913445377485
746,1.6787767960269298
747,1.5946886993124236
748,1.6450654532291118
749,1.5402025413010445
750,1.4397052430821475
751,1.841831708564111
752,1.7673958761269073
753,1.7518932185200953
754,1.791124540113452
755,1.7461767172565894
756,1.8145835143606546
757,1.72930512134274
758,1.7104329060659254
759,2.0615801747969043
760,2.0619838820079535
761,2.032544594773421
762,2.0289916760613513
763,2.192816546658079
764,2.292545515061162
765,2.3387622470544995
766,2.459378208811421
767,2.419786675137107
768,2.389959583101296
769,2.822047993968183
770,2.0199811413933975
771,2.1006420514693622
772,2.1953211439982834
773,2.0651598758012772
774,2.1089917010668726
775,1.8692705920108283
776,1.8138370693561574
777,2.073201601049491
778,1.9459845451180164
779,1.8436042292134742
780,1.8597942773841667
781,2.1251963616399294
782,2.0257035049794454
783,2.034830752406445
784,2.301868590165677
785,2.139693766227605
786,2.0033979407720053
787,1.793408950036158
788,2.1067588489452027
789,1.9327262291477094
790,2.0996478977193913
791,2.0881941560391017
792,2.329464917823812
793,2.1777406145374574
794,2.25101928738092
795,2.242125238010603
796,2.093247847811394
797,1.997393039462009
798,2.2587018212905368
799,2.3533166346570233
800,2.3717641594555876
801,2.09807651412901
802,1.832967397839951
803,1.9737114909940703
804,2.7080632480437243
805,1.8141363574938094
806,1.747486676285881
807,1.8097765610458492
808,2.151687947914467
809,1.5829894404148366
810,1.509095341416412
811,1.8923885448001443
812,2.151113891677346
813,2.127363754900038
814,2.0540045681291645
815,2.2333281624646695
816,2.0546103555393467
817,2.227387093189044
818,2.245510622693366
819,2.281254468653717
820,2.154916581343019
821,2.062438605943589
822,1.984602242643749
823,2.0890128222977986
824,2.3239393997530313
825,2.1535563174007324
826,2.426809873554819
827,2.0865234631405776
828,2.0697198553847795
829,1.6899292111669433
830,1.762417803020386
831,1.7836928304449806
832,1.9101827614754336
833,2.0388954395117396
834,1.861876819298011
835,2.020637412975685
836,1.8617095703104825
837,1.70780978929681
838,1.6025527461800089
839,1.5382205576085806
840,1.3818476705116103
841,1.3480135798297568
842,1.308785963255097
843,1.3573889649358943
844,1.2820428908016128
845,1.2077885226305292
846,1.985806197434353
847,2.183160101446507
848,2.2624193346648815
849,2.242197241231241
850,2.2380642108143096
851,2.118833642986081
852,2.4386826515613866
853,2.5746758572684025
854,2.9216262616341306
855,3.0344743680199464
856,3.097958403791119
857,3.280899214210647
858,3.1815389687992677
859,2.80611638651905
860,2.4766115624757954
861,2.1822848780897557
862,2.245119336014872
863,2.2464977047548356
864,2.638199394418001
865,2.175784744865487
866,2.076292485900608
867,1.926982444716244
868,2.000511064195679
869,1.8423735385722422
870,1.7928053916786113
871,1.6736170993522363
872,1.6818492764349129
873,1.589925022222344
874,1.5861878228089659
875,1.5635597034085418
876,1.699163393316379
877,1.9212227428295745
878,1.7809841912524915
879,1.9335582994366476
880,1.708670378779189
881,1.7611456599124553
882,1.4190223732129668
883,1.4361985676689224
884,1.4643980786748874
885,1.4498569392871283
886,1.4650800706486233
887,1.3639386754490785
888,1.3913585401865591
889,1.357232828923344
890,1.3647007148963768
891,1.3274572503692759
892,1.4027481014055982
893,1.2199455215081474
894,1.1565222498178862
895,1.0819377968118447
896,1.0770532680974079
897,1.103082889748275
898,1.1864544702802848
899,1.0329670326478568
900,1.1170477347830243
901,1.1654617588728091
902,1.0913049006087934
903,1.2002368955710727
904,1.2188649902150293
905,1.1026769572525394
906,1.2214269222390841
907,1.1520544113255438
908,1.1890221104059329
909,1.4409030557111102
910,1.4741246211616081
911,1.7319516888739164
912,1.7590297138332025
913,1.9360361171389677
914,1.9724742152040866
915,1.8070915657329523
916,2.0923622649008107
917,2.0326802698796507
918,2.1080525739523504
919,2.4000542201861776
920,2.2227870589109227
921,2.1371819941962618
922,1.8034710101484517
923,1.875354341153038
924,1.7160739418763327
925,1.7604475568355522
926,1.9309500305551024
927,1.770643602862787
928,1.8742931545882355
929,1.9269666104494385
930,2.03584814898188
931,1.9407048157563187
932,1.7505927736962799
933,1.9597805748556525
934,2.0360279090680224
935,2.2871047689607473
936,2.2657580246512397
937,2.1090848707569863
938,2.3107781956817197
939,1.7687589881128658
940,1.8906210941846684
941,1.6822090472249414
942,1.6573478533111747
943,1.6510049533673032
944,1.5165803259300688
945,1.5505785127368286
946,1.2788714350231993
947,1.3559481131179518
948,1.1470149995957528
949,1.224099383385184
950,1.2728110708871967
951,1.1582067639818392
952,1.2039707057893
953,1.2405008713428523
954,1.2823400303021169
955,1.1483004511572568
956,1.1351956929739027
957,1.1652153023195007
958,1.1096415147053855
959,1.1157522468669048
960,1.0789161968793055
961,1.0364649701377218
962,1.0618926245610214
963,1.1595158673836965
964,1.2055860603697894
965,1.184699567467457
966,1.1723258248985793
967,1.2485897960261543
968,1.1277843753910473
969,1.081718282688909
970,1.0879644063058407
971,1.1133000645638493
972,1.2445814848168972
973,1.3386244697878258
974,1.310580556328492
975,1.3083563880912092
976,1.2926123075483318
977,1.0260928782387653
978,1.0364708606848045
