,0
0,1.667065096256645
1,1.7918530267910986
2,1.7932367731820724
3,1.79251631630465
4,1.7666727273177645
5,1.7694342214799537
6,1.8505466943284323
7,1.919821035621697
8,1.9350189165525518
9,1.9330094089586418
10,1.8295225476804826
11,1.8439290390100123
12,1.877918559493457
13,1.8245649740503849
14,1.8047419669243154
15,1.8621393191331965
16,1.896052414207309
17,1.864633562298298
18,1.8902587751517044
19,1.8255656025383327
20,1.6639557154300475
21,1.674989498426615
22,1.672851032144737
23,1.6847519005089855
24,1.501230281770862
25,1.612087885616547
26,1.5365270362712826
27,1.4287581907906923
28,1.3903976741817037
29,1.4023473730390972
30,1.3959951323620616
31,1.5411656153613547
32,1.3642207940639024
33,1.3848350031329506
34,1.3694861272730605
35,1.3478314634060058
36,1.328853508378749
37,1.3398819790964698
38,1.2967650463370917
39,1.1687504604832835
40,1.1928593207477107
41,1.179233335266129
42,1.2300932375516254
43,1.229657920092796
44,1.1758139256827151
45,1.16029106650275
46,1.0864758653394857
47,1.1004864278219155
48,1.109736521533067
49,1.0530842371692977
50,1.0499720328823086
51,1.0909272237615042
52,1.1098031094627698
53,1.0163953178405298
54,1.005718159968512
55,0.932911875276521
56,0.9343018617700098
57,1.0569936206427282
58,1.0412946493606925
59,1.0032322124887079
60,1.0283609632880302
61,1.0660346128709162
62,1.2330869285172725
63,1.4758399797094253
64,1.5969850466468007
65,1.964153589877675
66,2.3511066703624977
67,2.258816843364219
68,2.3062833443980795
69,2.3268491606987394
70,2.412879366795027
71,2.311028755473648
72,2.5509421375328114
73,2.503455373339282
74,2.533054576708534
75,2.9395243975991954
76,3.1234882758016353
77,3.1381044496007986
78,3.2146540984964638
79,3.314645207933475
80,3.3861952837831737
81,3.3091141819340844
82,3.2008541042439145
83,3.0592189251974298
84,2.9441534479735023
85,2.9430758431791086
86,2.9577377472632973
87,2.975997668200053
88,2.983461899524785
89,3.02112405651578
90,3.002108294956472
91,2.9841664611712755
92,2.917380109202298
93,3.004393458697837
94,2.9831503967302244
95,2.9903218800575533
96,3.010855304743587
97,3.1757935204831975
98,3.3165255915088894
99,3.1642087885786885
100,3.174008920380531
101,3.245104529023842
102,3.1201567340765566
103,3.1008730518289647
104,3.09167696290072
105,3.112561479421425
106,3.153175235522198
107,3.082746949341882
108,3.0724980152638564
109,3.105207566531753
110,3.2285676918445043
111,3.2909203117708934
112,3.235637747819021
113,3.3008060468066267
114,3.07583606171518
115,3.1037980515627157
116,2.6131621934422498
117,2.7002201948743276
118,2.5495593487209005
119,1.9693549782478852
120,1.7983592001586228
121,1.7211544421051228
122,1.6702511177087076
123,1.7488795994339332
124,1.8430786117956002
125,1.8914804972053798
126,1.8659037759576482
127,1.8327110882887903
128,1.9339644785771712
129,1.8662971713868481
130,1.9177719346709354
131,1.8698246331520163
132,1.8158893652077255
133,1.8450623895600828
134,1.862313816431809
135,1.956866819734794
136,1.8748781252477111
137,1.8513952508518854
138,1.8570169381917279
139,1.9064278920652071
140,1.944262103010222
141,1.767138166127458
142,1.7295176876997238
143,1.6858733376670914
144,1.7761033672529591
145,1.6521499724767599
146,1.6438823915115155
147,1.5792317091986787
148,1.5144864834712335
149,1.4788321716381398
150,1.3713545862188206
151,1.3835783523236276
152,1.3779699274140764
153,1.4763039884599365
154,1.5337063570497749
155,1.6131517954479562
156,1.6756017723244931
157,1.6286625558678272
158,1.791764068800749
159,1.7742823282964229
160,1.7242928016156143
161,1.706329765317541
162,1.6683287282978885
163,1.7142951061542375
164,1.8830122833244178
165,2.0637964122289794
166,2.062455800474773
167,2.074093037049697
168,2.328482333461683
169,2.1686781254335323
170,2.254475543543337
171,2.252592830345111
172,2.3546838652074067
173,2.4703751755079217
174,2.5283279042714537
175,2.8448992323027196
176,2.9654592750490054
177,3.09616585553494
178,3.131458346599515
179,2.9551094282653807
180,2.8816541445865256
181,2.8942987838509855
182,2.879859730447952
183,2.867742986554702
184,2.799196799938421
185,2.947137810461905
186,2.8505151686746504
187,2.8372693327596417
188,2.928346132673449
189,2.875339761246798
190,2.886461789684052
191,2.876444705048386
192,2.9076781296868135
193,2.823881395561725
194,2.9267246376213336
195,3.089737921399368
196,3.2438184452734977
197,3.2336804844632248
198,3.377703200342337
199,3.3745924625542854
200,3.363264539637543
201,3.2884762225630633
202,3.2205602690413473
203,3.086962059530597
204,3.1842071116874258
205,3.211203995364349
206,2.973609864523218
207,3.1454130636929545
208,2.091391074530027
209,2.1278201710872984
210,2.221014484386812
211,2.5230181233358917
212,3.0415301951220215
213,2.9419129028935167
214,2.70254935500679
215,2.9207790337818884
216,2.725365534903732
217,2.149074404221003
218,2.1242356655632797
219,1.9850337038524448
220,2.0237985956073565
221,2.071210379033063
222,2.267728511259543
223,2.302531482913116
224,2.347686889219001
225,2.420328247154797
226,2.2489778225244463
227,2.3998208073262584
228,2.453427799618392
229,2.434802957848122
230,2.4062426966599397
231,2.314690844474816
232,2.233448345039882
233,2.353538529205839
234,2.220038131203455
235,2.119675705023224
236,2.2029294912528954
237,2.2621689672110326
238,2.326120236951574
239,2.4088570897109465
240,2.424520506230052
241,2.2214706367333394
242,2.1945771538539725
243,2.022614547443958
244,2.07358161425354
245,1.9793017402700934
246,1.5628779751939752
247,1.524042902460543
248,1.5485572619092949
249,1.5296227694590407
250,1.493756117864662
251,1.8109972869496993
252,1.860544416722243
253,1.9492568858636306
254,1.632584350156302
255,1.4810010163173906
256,1.7329047325986895
257,1.4793325335532581
258,1.3918394492317885
259,1.4234714986569035
260,1.4596950597519498
261,1.3729226974365716
262,1.4331231611519655
263,1.47733551436006
264,1.6580335592286621
265,1.3334829880123056
266,1.2586219122418951
267,1.3899531969140428
268,1.3529914630164925
269,1.6458285118909233
270,1.6144293752703114
271,1.6574419105702303
272,1.91139212603124
273,2.0774803183445694
274,2.43907606026535
275,2.455945989374035
276,2.4938226917116566
277,2.218122474515308
278,1.8125860188306542
279,2.0926594523228332
280,2.0628684933687005
281,2.3253673241311863
282,2.160960735666999
283,2.055803593358862
284,2.309983193837083
285,2.4023317125824204
286,2.4105291699948523
287,2.5931152486072646
288,2.5328799584413053
289,2.486409694638468
290,2.5238508982430616
291,2.3278269611553544
292,2.2375955044661944
293,2.2067262453368786
294,2.2612429471655306
295,2.1554870607189365
296,1.9735236969449321
297,1.9427089098304697
298,1.8265200507573163
299,1.6377172681882926
300,2.007086077106972
301,1.8772400359296044
302,1.9092993324942313
303,2.1267667536744472
304,2.182545919274173
305,1.9056796563725822
306,1.7834877316346822
307,1.6597053077893698
308,1.678726391720538
309,1.6072364101971264
310,1.54983564135781
311,1.515193000841961
312,1.5176777423668038
313,1.5772838830213287
314,1.534089029394321
315,1.476196928609529
316,1.498916688656806
317,1.5842215401096063
318,1.4741460644423066
319,1.4248562041949142
320,1.4536503427131358
321,1.4460815968319989
322,1.3817891148176757
323,1.4260041066109799
324,1.547268013012886
325,1.709789963536954
326,1.753481959457406
327,1.7523866910997046
328,1.6606286154501513
329,1.6746229985285754
330,1.7005595766860988
331,1.7977980109281995
332,1.747050006694212
333,1.6292315746470716
334,1.6774694460955109
335,1.6349271130124063
336,1.6921205105810333
337,1.7512209225441222
338,1.7904219036933349
339,1.7506481852166866
340,1.7360911447152558
341,1.7285178333346065
342,1.7076168819712556
343,1.6277386491268193
344,1.5469288235519685
345,1.4908793593072518
346,1.5738682690258545
347,1.67588963828076
348,1.6566453129440513
349,1.6177446376900309
350,1.531708913258345
351,1.4600038695880568
352,1.5570199465825254
353,1.7164222686538935
354,1.7018776981895025
355,1.595272275289186
356,1.573009485996886
357,1.5662270438674246
358,1.5576705599762926
359,1.6133606404585066
360,1.5753279615194762
361,1.4975130748069838
362,1.5149272387915786
363,1.5299843817431944
364,1.5816689048694366
365,1.581516794519254
366,1.5480536395853568
367,1.5712608025466068
368,1.6020509582636175
369,1.5892673307499827
370,1.613654070488691
371,1.5569869395105125
372,1.6329912891604872
373,1.6881949335078674
374,1.7302321952267241
375,1.8777669215142059
376,1.858015380904403
377,1.8116150380769334
378,1.7799732814644562
379,1.7307379167998935
380,1.742627745861751
381,1.6681792630412475
382,1.6986882271497348
383,1.7143256369955515
384,1.681066747920416
385,1.72500858303926
386,2.3083495179427302
387,2.1696826051061104
388,2.4804904537384065
389,2.6080609620273867
390,2.650111444770797
391,2.5443441508480005
392,2.5847780205805146
393,2.540890741887145
394,2.6499883811018656
395,2.5957778049780416
396,2.605420996191289
397,2.6125199874708587
398,2.9102133236058685
399,2.9772659743605723
400,2.9495691119393066
401,2.959122036498985
402,2.7588160774485786
403,2.6072158173096933
404,2.6103869943161326
405,2.592398352656639
406,2.6767316539805095
407,2.664089710241178
408,2.683164689244548
409,2.9036962692644
410,2.9709374380885247
411,3.048050933221192
412,3.069570231059105
413,3.08354389990221
414,3.0160041287103247
415,2.9536214021711076
416,2.905673066581903
417,2.9560805093643494
418,2.882709183544425
419,2.9694219392417605
420,2.905526449957199
421,3.0793079966585823
422,3.1331592501271954
423,3.2141998734445942
424,3.224596950417965
425,3.0699446403969954
426,3.001378297409708
427,3.012222095676534
428,2.7578073435867867
429,2.783245446726991
430,2.6713208741165526
431,2.622016707903749
432,2.558886727966244
433,2.214538449635697
434,2.328845359835783
435,2.303841306736036
436,2.2810339576564562
437,2.0599441343199287
438,1.79153219637688
439,1.8570116046102088
440,2.006009062039405
441,2.0478976690023556
442,1.9717436705423075
443,1.906820623439802
444,1.906010201459402
445,1.8968132705072995
446,1.9245763014262816
447,1.96813724698086
448,2.012959544316721
449,2.0472382540748746
450,2.052407212079358
451,2.069071904398138
452,2.06371019148894
453,2.0145802970780653
454,1.8643857107088782
455,1.7519708850379914
456,1.8782868316555967
457,1.8589569764293652
458,1.8859756155630631
459,1.9678358630774737
460,1.9401639727202347
461,1.8994482816934486
462,1.8672397435964465
463,1.7525406796152967
464,1.8986664157936741
465,1.7157429250113043
466,1.8058373040545361
467,1.7610190763889462
468,1.7850272731212702
469,1.7412583755220692
470,1.7469379107635832
471,1.6677028960287659
472,1.4552659794749558
473,1.3752846960265148
474,1.3012849199579763
475,1.3129929835777296
476,1.3126421540443935
477,1.3379374932688641
478,1.343055718805469
479,1.3977010942524315
480,1.3415687468293145
481,1.287273601544492
482,1.2655587701882982
483,1.346295835081523
484,1.4085674048063597
485,1.3351690421394267
486,1.3989593138252034
487,1.3042912604143764
488,1.3336206192932776
489,1.3479300721552414
490,1.3970910802913838
491,1.5614157596531548
492,1.549804749656161
493,1.5152591488829925
494,1.553372228137596
495,1.5310300250965416
496,1.6073705899793396
497,1.615104248852021
498,1.6892762261422427
499,1.6326425872794774
500,1.7783189385618259
501,1.738743919071001
502,1.7649448401971328
503,1.6273962066332883
504,1.5812533637819635
505,1.5377731083444155
506,1.5253271710894296
507,1.7535452819749846
508,1.763103402987934
509,1.7963229290810663
510,1.7299581501106969
511,1.7233778539328437
512,1.705337341419235
513,1.6935882445604267
514,1.7895060450095106
515,2.310014943860364
516,2.3041248716261067
517,2.0472112432558003
518,2.085016562258372
519,2.1366307932962396
520,2.1686109698223737
521,1.8371124682828388
522,1.7911679691427838
523,1.916031673780074
524,1.916379029068805
525,1.9590703979169244
526,1.9752416097799659
527,1.792212134302016
528,1.775128028887425
529,1.8027089751134033
530,1.8383136707651673
531,2.0628863901553665
532,2.012114951347213
533,1.8398264300099099
534,2.1764164292476162
535,2.351363388557513
536,2.4564967860404336
537,2.1801319368747025
538,2.4847511939490863
539,2.5933263356710823
540,2.5190681509104924
541,2.6240072920423385
542,2.6100196913724454
543,2.5433824009247905
544,2.5976550959199693
545,2.726908266906678
546,2.5731020061106946
547,2.52650545180827
548,2.5898630307775243
549,2.7050871753061223
550,2.746605097703142
551,2.7670135344596147
552,2.759167115995246
553,2.7390030017184537
554,2.711982075639165
555,2.6839572689391225
556,2.656580493480318
557,2.6644000878067313
558,2.7089008468108866
559,2.6366218426571013
560,2.599788658967526
561,2.527458011217666
562,2.4620359228879045
563,2.695129011571881
564,2.284617817576257
565,2.1533000236332716
566,1.976711976177493
567,2.021561858570263
568,2.03003552564959
569,2.00723415917881
570,1.9599492115451806
571,1.894504500232297
572,1.9191057800444349
573,2.089224656213727
574,2.1176031044850774
575,2.1105101638334585
576,2.222486000240525
577,2.281574010156169
578,2.294417997095957
579,2.339485216727554
580,2.3238761796987943
581,2.30449892308579
582,2.3129378860984477
583,2.3761259002639914
584,2.4344391915706325
585,2.2942481069201346
586,2.33081933731432
587,2.3409184750546173
588,2.326498748437547
589,2.366084695681317
590,2.253624705916706
591,2.2376806895871515
592,2.171722754139935
593,2.207509539393723
594,2.2927780574373138
595,2.4585629063599828
596,2.007855199993707
597,2.3041511421123464
598,2.52355315136896
599,2.770571110923863
600,2.7778597232010505
601,2.855189536415776
602,2.9127909139566106
603,2.8641617684644762
604,2.797551618770438
605,2.9360645575159907
606,2.8117275549495635
607,2.8083312276403216
608,2.7597205479735054
609,2.5310835834529346
610,2.534357665783988
611,2.610944300354221
612,2.6220869440116235
613,2.6310220754625906
614,2.7089908984881763
615,2.5682513446333983
616,2.5590644498195534
617,2.9432525341062217
618,3.1836585931707986
619,3.2202636539311755
620,3.116529569980789
621,3.0811486407713407
622,2.8945561694816226
623,2.6189110397933955
624,2.8879704295723743
625,2.7218641513233672
626,2.921930342604359
627,2.577984286531645
628,2.6464997712543936
629,2.8810203853611984
630,2.7751863712049296
631,2.8077842278120024
632,2.9097399496660064
633,2.909097555751935
634,2.8103980138895013
635,2.8018767877406936
636,2.787754998194045
637,2.9047289281699173
638,2.7408416016758506
639,2.231325961278206
640,2.1810924141641275
641,2.1273542548324214
642,2.4257691206303846
643,2.5731516713266234
644,2.6694214436426136
645,2.691150201439423
646,2.6169234031696393
647,2.6990141960315217
648,2.1712913295193994
649,2.1394987394991136
650,2.039323122008425
651,1.9354169223097564
652,1.899471201507984
653,1.9396894381211636
654,2.0483454802973884
655,2.0803727217235535
656,2.0973658741096206
657,1.8818274916901552
658,1.8899135383283947
659,1.956184166341504
660,2.1266318462627316
661,2.176503866998943
662,2.204538521131279
663,2.075237601682522
664,2.0840661981190705
665,1.9733738997124994
666,1.997145247912339
667,1.957538302621517
668,2.221770822944704
669,2.284732690453923
670,2.567084162656886
671,2.275093124582925
672,2.123492835552303
673,1.9017432815824167
674,1.9205223424685327
675,1.806963917694792
676,1.783688155657119
677,1.7673419185381196
678,1.7083130080712117
679,1.7036399878642359
680,1.571017430974739
681,1.6624605361812095
682,1.7091559519172912
683,1.677656508196185
684,1.6301783960880323
685,1.6242763981907777
686,1.5790292320765713
687,1.7163397918728003
688,1.6885313482539646
689,1.763711350803785
690,1.6374444675404831
691,1.564996193791114
692,1.6125067556982569
693,1.570995019071646
694,1.7599718501903292
695,1.769504455613082
696,1.8577632736813616
697,2.0464374368710403
698,1.9348973500275215
699,2.2811525045962338
700,2.138630945818248
701,2.2138496506283953
702,2.356230216917571
703,2.4722459839017294
704,2.4472190318674745
705,2.20568432807558
706,2.2341781452509895
707,2.1362711275007698
708,2.039567483819966
709,2.00403342457989
710,2.044189376859354
711,1.968053133736329
712,2.1299779565905794
713,2.060475644133424
714,2.1225763418689136
715,1.9751091649624217
716,1.9583499647799198
717,1.9367363789052476
718,2.1580661781933292
719,2.2132753698038967
720,2.540940965038998
721,2.388216912094253
722,2.6279339534658166
723,2.613950643942077
724,2.71912754567572
725,2.7470462061988545
726,2.724347155445738
727,2.61173751151046
728,2.512784449264514
729,2.449485034681109
730,2.2993914292073914
731,2.176197879405705
732,2.2404846446190807
733,2.1617319528726817
734,2.121648736547111
735,2.1581639015389964
736,2.2217241660200395
737,2.2243229538482465
738,2.3375700155062074
739,2.673525030594289
740,2.843845024046246
741,2.699108012229371
742,2.6540122742575476
743,2.6313890523427017
744,2.4047487587882626
745,2.714370093778901
746,2.617749950575829
747,2.473649228997612
748,2.156759965224894
749,2.46747225630817
750,2.5439943009953696
751,2.5076750039124964
752,2.411909860941653
753,2.5704002226035123
754,2.6809192664873516
755,2.5177659282311735
756,2.709145082810967
757,2.8188055792985445
758,2.6635493738501794
759,2.6591756927162384
760,3.256704828000745
761,3.408555542314885
762,3.0954864730474156
763,3.181470191998552
764,3.540315499295952
765,3.4551132712622077
766,3.427146658542062
767,3.1829022719719076
768,3.466979394698751
769,2.9255438805880227
770,3.195038857118884
771,3.1784777747069737
772,3.0454770140566945
773,3.3696517834467143
774,3.2991204755051142
775,3.2741284257168224
776,3.244562156955764
777,2.747888208899436
778,3.0459444596888576
779,2.6197593584104735
780,2.6025064541459257
781,2.68725880184937
782,2.8978961960443486
783,3.018032092876009
784,3.609274657829942
785,3.8127122729423477
786,4.0742927552148664
787,4.037690246873972
788,4.013378723559625
789,3.8640162194876972
790,3.8792012224031445
791,3.754033303582794
792,3.5482035039724975
793,3.3220065511276142
794,3.2657087749735765
795,3.1879892065010424
796,3.3427136485857334
797,3.3497933542949774
798,3.3243424762001164
799,3.318984739372342
800,3.316623388367085
801,3.3170030415033036
802,2.7061024611735425
803,3.239499480168079
804,2.8175408408573333
805,2.8137153155744574
806,3.024137409777713
807,3.173004896148129
808,3.13124817470138
809,2.5521814822199733
810,3.2163305124776604
811,3.2594644122799976
812,3.2822748593594646
813,3.307181326585505
814,3.3645649913858624
815,3.292634344034145
816,3.243982549283973
817,3.210640005891969
818,2.9456285926552983
819,2.9351310352530646
820,2.9667068906603644
821,2.9399117944313335
822,2.7211159838640016
823,2.6830500300932467
824,2.516671407078736
825,2.5828718082576865
826,2.178781790896452
827,2.276886385511247
828,1.9013009864291766
829,1.9941319287028518
830,1.9074636679532708
831,1.8630066313007205
832,1.781623854543277
833,2.081331967246409
834,2.1285055323700486
835,2.038744176442072
836,2.1297698440079937
837,2.128760727774112
838,2.2493915163658067
839,2.365235198526542
840,2.601075403376037
841,2.7632150367030257
842,2.6866658709254962
843,2.1068543733841643
844,2.00944625847911
845,2.136961870575197
846,1.8748697373978596
847,1.9513394930503072
848,2.1039975708142484
849,2.325550079622918
850,2.2837185702644027
851,2.564334370233959
852,2.28261917790939
853,2.605877200111298
854,2.493309014338032
855,2.491980975596393
856,2.341181621725548
857,2.1464970756317556
858,2.006931488511004
859,1.8567360838080096
860,1.891193839769714
861,2.0457863595473715
862,2.2294999905874273
863,2.1660059631596207
864,1.8090745909003512
865,2.0363463409480214
866,2.153603264968252
867,1.9419355792476163
868,1.9387604011016486
869,2.0175068853223945
870,1.7888097095862254
871,1.728375580743964
872,1.8661055902814387
873,2.055299605475303
874,1.8378245878147736
875,2.112869606197985
876,2.084934186493268
877,2.0316115816820175
878,2.1389863765947403
879,1.6584752740163222
880,1.8000895920066844
881,1.5245035648689904
882,1.4603420651206442
883,1.394170457752659
884,1.37618011519054
885,1.3804929005557927
886,1.4576017454596764
887,1.5618363869083574
888,1.4754828940154496
889,1.4934482940380154
890,1.4104628774431067
891,1.4280384790332181
892,1.4851185827109163
893,1.4066946157182525
894,1.2702127276981368
895,1.1974408338487295
896,1.0716164599169322
897,1.020762727262956
898,1.0304256939410343
899,1.0127307051075252
900,1.0785820132855686
901,1.0443466308144445
902,1.1059412337019325
903,1.144990298400769
904,1.1822645963339022
905,1.178991796861819
906,1.19198277062971
907,1.1749188091992426
908,1.1929022642480436
909,1.309435336247247
910,1.319778381352614
911,1.307964639941545
912,1.3720654229086147
913,1.4864371067132895
914,1.15370059262414
915,1.1589801600225043
916,1.2374476076576366
917,1.2781411814510764
918,1.0555974096179697
919,1.0584576210012058
920,1.421237476622574
921,1.7397714447629409
922,1.589641000579713
923,1.6089673075934303
924,1.7126848601551263
925,1.9962580987969272
926,1.9837393084497439
927,2.16244031082475
928,2.2661067400542434
929,2.611237350896379
930,2.827826987826647
931,2.830624062282434
932,2.9028872747437715
933,3.061360007567916
934,2.694059039325556
935,2.780966080404305
936,2.8387483722840576
937,2.902865769452319
938,2.8970373027575382
939,2.879618652825415
940,2.922774946241551
941,2.8848313775275054
942,2.8788725002797473
943,2.8853737471631327
944,2.8576951951957437
945,2.8057499742882075
946,2.7425900446682587
947,2.7401452428734667
948,2.8008536103744293
949,2.7863235559931674
950,2.909526420543629
951,2.9265106568060246
952,2.983975091097913
953,3.056376398158945
954,3.2773848385063467
955,3.5909729305953944
956,3.4430848378857895
957,3.3461953728847194
958,3.6437006565689214
959,3.6436743265343545
960,3.487396499389121
961,3.470492466816463
962,3.386041671763312
963,3.355614359666103
964,3.33049845875993
965,3.360544436105393
966,3.3523266777600025
967,3.3771032271987127
968,3.356236604746681
969,3.376993401417556
970,3.407205896261739
971,3.3345761531619176
972,3.3651475699649565
973,3.4217120386332516
974,3.315660687808101
975,3.3123105502182884
976,3.2441137549584242
977,3.1370144720677873
978,3.1331135184993393
979,3.307069446769602
980,3.2788786156921024
981,3.1506473546142026
982,3.133436438219743
983,3.1770170988039754
984,3.1325841908533913
985,3.2103538785796353
986,2.6562720193011655
987,2.5349800222431953
988,2.4981574384601775
989,2.4085115490356714
990,2.229569317143343
991,2.1628001868839033
992,2.1877759695516454
993,2.1195786348201677
994,1.9773501146497707
995,1.9362337429831518
996,1.9333479159974016
997,1.9248247350792522
998,1.8714961012429112
999,1.8257625464493212
1000,1.7276495705684647
1001,1.670368528882542
1002,1.6219181782317507
1003,1.5716613805712025
1004,1.6885893743046698
1005,1.8899809925412423
1006,1.8454301561281505
1007,2.009345785326562
1008,2.0944996661025774
1009,2.1079439172041448
1010,1.9733919286628416
1011,2.0304127525043647
1012,1.8309490422836148
1013,2.007733376591931
1014,2.022460116083862
1015,1.9449252770186916
1016,1.9737815679294446
1017,1.9643121236953316
1018,2.0017841589338374
1019,2.02856721658085
1020,2.2329458952908707
1021,2.3303124568611224
1022,2.3791670345868146
1023,2.450124684238571
1024,2.4032990714579383
1025,2.1748867268340657
1026,2.0165529044156094
1027,2.0091620392475833
1028,2.0215301085973865
1029,1.9953429586508977
1030,1.907720245176068
1031,1.8817221374366881
1032,2.0981930581572827
1033,2.0988664634234113
1034,2.0676714833725156
1035,2.108335794502781
1036,2.059070272100913
1037,2.0227916804676664
1038,2.1056395733602637
1039,1.9317977417872543
1040,2.3213015800688326
1041,2.3591641807136665
1042,2.3414926113546133
1043,2.3244834652683743
1044,2.6119111591580157
1045,2.588571772228481
1046,2.4597390962758423
1047,2.594592656438666
1048,2.5606174964161674
1049,2.579646862700907
1050,2.627508928018548
1051,2.6192423138774377
1052,2.5846260146995355
1053,2.491833626704776
1054,2.4589849967425166
1055,2.178877895730093
1056,2.0637858291685838
1057,1.9509932801191687
1058,2.0230911436698804
1059,1.7388443269806864
1060,1.6711947532888294
1061,1.6897270027162006
1062,1.974269604213152
1063,2.067387439201145
1064,2.132123000483752
1065,1.9973589147625783
1066,2.0377743791794254
1067,1.9909827328114518
1068,1.9660527180362466
1069,1.954151799800925
1070,2.025749417365825
1071,2.192980420601978
1072,2.054185762055723
1073,2.3069137405129987
1074,2.172510384473322
1075,2.1358398926019246
1076,2.055031237403742
1077,1.9233084239668454
1078,1.9578309252909172
1079,1.8848785417155631
1080,1.948465709872828
1081,1.9075457667848361
1082,1.9177632882109967
1083,1.8904435549058844
1084,1.8587254334063572
1085,1.795656355241541
1086,1.7752064557504263
1087,1.508063533865523
1088,1.4887523644811582
1089,1.6432921961184561
1090,1.4427190163298491
1091,1.4523921603091288
1092,1.5016783763123316
1093,1.5878612322936643
1094,1.7169377264028467
1095,2.272179249999101
1096,1.9107245035634544
1097,2.161707989580206
1098,2.065023119989553
1099,2.2662963175992865
1100,2.1006604962075257
1101,1.945727253331768
1102,1.818236313429319
1103,1.8211905742093542
1104,1.7640695878481008
1105,1.7719855417031247
1106,1.680370805406621
1107,1.6758064411094804
1108,1.6226114094678417
1109,1.6836047238232366
1110,1.6477791672006832
1111,1.677742850068929
1112,1.6265908312859219
1113,1.7366848228397183
1114,1.669301134311664
1115,1.7087548020500718
1116,1.7161074289707567
1117,1.6762902761638327
1118,1.6867345085539953
1119,1.619931281893856
1120,1.6320838690990278
1121,1.6673861437954134
1122,1.6473661495590661
1123,1.6386615619544693
1124,1.5406342368715662
1125,1.7731580909159035
1126,1.5312475620773693
1127,1.5979544667314325
1128,1.5014294680315994
1129,1.5404151840687588
1130,1.5387619794869858
1131,1.4931602793054253
1132,1.5561521327672503
1133,1.7690239699709571
1134,1.9509460052426086
1135,1.9267219303516596
1136,2.048284209161039
1137,2.235017366475736
1138,1.697532430595307
1139,2.1394949332439706
1140,2.12651072237471
1141,2.557606557184493
1142,2.3450611909597487
1143,2.2977464998590733
1144,2.3120571088731503
1145,2.269747689276205
1146,2.1804237502124857
1147,1.9604798746976524
1148,2.014612225366994
1149,2.093916314335019
1150,2.557758969368141
1151,2.6674557220754744
1152,2.9964440355645614
1153,2.8620426768936333
1154,2.833647448427352
1155,2.6931428609065273
1156,2.7199237800030107
1157,2.8750210003120054
1158,2.9258537860774205
1159,2.9370762183174044
1160,3.0238668531772643
1161,2.835755588071655
1162,2.9121246248109354
1163,2.8650327047008597
1164,2.901399104118283
1165,2.7918892410571323
1166,2.7696667762301277
1167,2.706378160852019
1168,2.674374938937563
1169,2.974551563333345
1170,3.1217869242099976
1171,3.1355802661353342
1172,3.2810495932887647
1173,3.0857104965235203
1174,3.1272537314027176
1175,3.2556346151956492
1176,3.2710405210423126
1177,3.2973682126306834
1178,3.315642482452498
1179,3.0910169189944456
1180,3.0336876641864543
1181,3.01624364342152
1182,2.962218001406236
1183,2.9117302058712684
1184,2.924038827486352
1185,2.968616841392172
1186,2.970799318735478
1187,2.8494494919566415
1188,2.917034368416545
1189,2.6559522992031876
1190,2.809334973189134
1191,2.6293732413827815
1192,2.7999414040149673
1193,2.8520562206537403
1194,3.0162489087465723
1195,3.2977704301502078
1196,3.4502726839146427
1197,3.4018117215062986
1198,3.098713990680567
1199,3.6423211780016724
1200,3.3959105716019224
1201,3.720580609479666
1202,3.6677423204439905
1203,3.592107954662147
1204,3.611661849019427
1205,3.519869750274027
1206,3.500248595162351
1207,3.3831542368894754
1208,3.403654356864158
1209,3.4454184057434305
1210,3.4139929910938465
1211,3.3827048415535264
1212,3.367244956185405
1213,3.3344096144078343
1214,3.420326985423993
1215,3.372191317381014
1216,3.309292108464735
1217,3.242457075285264
1218,3.1426900391534036
1219,3.1504794701488747
1220,2.968182153819447
1221,3.040522578546745
1222,3.077486563615856
1223,3.0048747927333324
1224,2.972312761847131
1225,2.898481142330176
1226,2.831032791790783
1227,2.7714109036203673
1228,2.621174478131519
1229,2.6187926956325844
1230,2.683256779069995
1231,2.6399974717736323
1232,2.581149931711548
1233,2.5962583210085146
1234,2.582474424550839
1235,2.5888594939661007
1236,2.6028659188896834
1237,2.599595185998119
1238,2.569427133932002
1239,2.586507832689349
1240,2.5932683333333766
1241,2.6339090904120006
1242,2.5999723255955547
1243,2.646545146463857
1244,2.6809130062230104
1245,2.7013619580391177
1246,2.7281382412257766
1247,2.6592485351270514
1248,2.7548602516020972
1249,2.713735258063324
1250,2.794520622986212
1251,3.017042815818389
1252,3.2853864079245287
1253,3.4933238536166296
1254,3.497580596249641
1255,3.461345497360512
1256,3.4296235215685322
1257,3.4112561686441474
1258,3.359918553727073
1259,3.351298448781017
1260,3.294019683732601
1261,3.270850951200853
1262,3.2368691687498043
1263,3.2174523222349234
1264,3.2250872306282767
1265,3.195643682536335
1266,3.219208136402498
1267,3.1858220746784403
1268,3.1920031248372953
1269,3.1195053808738358
1270,3.0864256660766927
1271,3.1601612607702316
1272,3.3385489615399258
1273,3.338267831351561
1274,3.3116423784142763
1275,3.437647247618122
1276,3.3556426259918317
1277,3.3259531057280523
1278,3.25900040344506
1279,3.148552103884943
1280,3.043048857444391
1281,3.0565703884825464
1282,3.010422959671257
1283,2.9973658832761303
1284,2.8553758756815677
1285,2.829013073109255
1286,2.8676532627425377
1287,3.0022253570872284
1288,3.0992923200866436
1289,3.1365524702387964
1290,3.104643920984767
1291,3.23542745474156
1292,3.297376936661516
1293,3.2628672110665238
1294,3.1574556008432424
1295,2.9596195127124783
1296,2.818192872426526
1297,3.137329404135147
1298,2.9033254867590292
1299,2.7480536891643967
1300,2.855101776161873
1301,2.900234606478808
1302,2.813313242600645
1303,2.852599829863989
1304,3.1478238515216415
1305,3.222458558528004
1306,3.231788869597087
1307,3.2736623112701824
1308,3.4200247563014914
1309,3.503383798685461
1310,3.5812842110069387
1311,3.5713739823858126
1312,3.61272313933484
1313,3.5345035236974756
1314,3.5064611059436315
1315,3.4121069463050953
1316,3.3761210981726872
1317,3.3191105486736725
1318,3.3757790032619175
1319,3.279130339571071
1320,3.0212280212235125
1321,2.683800985139876
1322,2.419154765198024
1323,2.4187176213923123
1324,2.5913581027586536
1325,2.6930930245939475
1326,2.7473395083205325
1327,2.8848644522572076
1328,3.0032359717417765
1329,2.8390033893251108
1330,2.770401445786544
1331,2.2462541034228556
1332,2.151223863785689
1333,2.2438306408063338
1334,2.1877822463548737
1335,2.17577168510473
1336,2.1933337059422686
1337,2.3310398783765596
1338,2.4801301962617504
1339,2.6031749840785725
1340,2.6522854313763258
1341,2.628116815798373
1342,3.2169689418034717
1343,3.3428120266592023
1344,3.1590952572051667
1345,3.178169121542635
1346,3.58595166147441
1347,3.2241147093041698
1348,3.181385715486422
1349,3.5821513376648113
1350,3.6448017731312787
1351,3.4012917283972164
1352,3.5779922483550233
1353,3.5600604708104284
1354,3.544425079669561
1355,3.4768294401963615
1356,3.370762988337646
1357,3.264373254900265
1358,3.2170482565918266
1359,3.1339746279292666
1360,3.069398240546026
1361,3.003255744643094
1362,3.0834735827119557
1363,3.0203101701876514
1364,3.1305356715845427
1365,3.1340034228156752
1366,3.121973207769776
1367,3.180435149990297
1368,3.1438634062173914
1369,3.276435618371964
1370,3.3293720039492807
1371,3.4826753629277056
1372,3.4540502019879846
1373,3.460193770719256
1374,3.39280082511457
1375,3.389415270779672
1376,3.4313133336662847
1377,3.4712579806959813
1378,3.403823859091209
1379,3.512654878797671
1380,3.2632444660294087
1381,3.163999326945381
1382,3.051332433561475
1383,3.065836550263121
1384,2.756679319410401
1385,2.6921740084888555
1386,2.510308670698642
1387,2.069826775015501
1388,2.1069313718599907
1389,2.0576631343710683
1390,2.0504574340686434
1391,2.205149605737802
1392,2.2961718943808114
1393,2.1943090319104708
1394,2.3816850109769145
1395,2.4835398680868406
1396,2.3411900486978134
1397,2.4634187974789667
1398,2.3001636743280147
1399,2.3043728464949425
1400,2.2302927617159782
1401,2.170591111776082
1402,2.2916151112472507
1403,2.3227918653007085
1404,2.3650284757261124
1405,2.308686183630224
1406,2.204611387162808
1407,2.2031118305913395
1408,2.1172793393408704
1409,2.1234178713021152
1410,2.2949047029720484
1411,2.3916746355110305
1412,2.4759951981433104
1413,2.5115031328018476
1414,2.54615956414133
1415,2.5261434282758772
1416,2.8385608074046482
1417,2.944530280818054
1418,2.8939477001522427
1419,3.0458912445430086
1420,2.473468306759636
1421,2.3471221493662777
1422,2.6847581953679898
1423,2.842891616820524
1424,3.316997016987427
1425,3.1716876574815998
1426,2.8134585678753488
1427,2.4067784418227904
1428,2.1424672551699095
1429,2.207638398072945
1430,2.0989526880799363
1431,2.1536213977232683
1432,2.110039491638308
1433,2.095791830525589
1434,2.162230783939061
1435,2.2321664389010145
1436,2.0958219250539103
1437,1.8349591771775342
1438,1.947984911513234
1439,1.7828062714142712
1440,1.7596173444923404
1441,1.8572258200011174
1442,1.6834767456311681
1443,1.8516803827033523
1444,1.981746144199795
1445,2.0543107685628295
1446,2.0008251662353516
1447,1.9123237968568814
1448,2.050581430488101
1449,1.9584732078689253
1450,1.9241616349202697
1451,1.9283803558585695
1452,1.9742835054354793
1453,1.9923987719208929
1454,1.9152840271575278
1455,1.8634496811037446
1456,1.831020996239436
1457,1.891218273402407
1458,1.8473959954624775
1459,1.7510073109560644
1460,1.8874095143671064
1461,2.0354896608614657
1462,2.0597692699494177
1463,2.028061560879837
1464,2.08520397835028
1465,1.8429773479671343
1466,2.139168418637869
1467,1.9795229731838075
1468,1.9361866256035924
1469,1.8674822076273232
1470,2.041656502997172
1471,1.8836067084356205
1472,1.7281097245118275
1473,1.7214090788983034
1474,1.7671044536281972
1475,1.7251895407047384
1476,1.6822011969778972
1477,1.7672628754026236
1478,1.8279243493926953
1479,1.8747141373667924
1480,1.6931416810551785
1481,1.6136327482506563
1482,1.6439465524461365
1483,1.6130264634623475
1484,1.483888668236761
1485,1.4975257866721898
1486,1.4737639960397488
1487,1.3945687252846997
1488,1.3120077932888947
1489,1.1891600623450675
1490,1.1580722500927914
1491,1.1964037499343827
1492,1.1259331144280749
1493,1.2136293512020946
1494,1.206301381060586
1495,1.405128531222415
1496,1.8686081253189253
1497,1.653931481030537
1498,1.6035072584697665
1499,1.539813207712732
1500,1.5748187691789706
1501,1.6149912519289922
1502,1.5815016846308838
1503,1.4187634438803116
1504,1.3796582961636965
1505,1.384910677070442
1506,1.3779226979915595
1507,1.3430447653951603
1508,1.4072464506224145
1509,1.541378816114793
1510,1.638478420764368
1511,1.5611530891517365
1512,1.2599436464486238
1513,1.2549339489354467
1514,1.29260171225618
1515,1.2214947259817845
1516,1.23853421062153
1517,1.2787835285221203
1518,1.327647212787514
1519,1.2360397911183125
1520,1.2258057484010856
1521,1.2752635246925366
1522,1.2194625692316972
1523,1.2615321810425932
1524,1.2295530724432748
1525,1.4103973356354875
1526,1.5162563417185049
1527,1.4306804188104814
1528,1.8281264273381403
1529,2.031042344881753
1530,2.3475914912791547
1531,2.448686934334501
1532,2.3615015327948807
1533,2.4235527365370038
1534,2.24583141784483
1535,2.182481537145492
1536,2.2342676848074734
1537,2.163250004741982
1538,2.185946524532277
1539,2.1322604569497625
1540,2.0139468287130575
1541,2.055083158239038
1542,1.9577737087281997
1543,1.807154141134351
1544,1.7086258760553183
1545,1.7518270472573194
1546,1.8845317495492355
1547,1.863443894788594
1548,2.1573079857946635
1549,2.425365006697544
1550,2.4752717185169155
1551,2.410800581802269
1552,2.12131100444704
1553,1.9689106305279358
1554,1.8328407284067707
1555,1.8594682124950948
1556,1.7809418755157476
1557,1.7164567348946915
1558,1.65022121487691
1559,1.6579400468680427
1560,1.6074033943762176
1561,1.5522896112517965
1562,1.6406086476224877
1563,1.600334306935008
1564,1.528131452270836
1565,1.5214140016520552
1566,1.5000636527640003
1567,1.518472622656591
1568,1.548313423420202
1569,1.655478892073691
1570,1.5852021231637006
1571,1.6274440406699193
1572,1.531208499017741
1573,1.5543535726232394
1574,1.4997619159170048
1575,1.6069192475677854
1576,1.8477210140257474
1577,1.8486436056720044
1578,2.1588732234906325
1579,1.869773260579356
1580,2.229401123055747
1581,2.539660829280882
1582,2.337901268212219
1583,2.349249952014903
1584,2.3440319810610912
1585,2.395647290070509
1586,2.4061317451159994
1587,2.588559392710785
1588,2.4219881268396803
1589,2.438995135267636
1590,2.362410856220365
1591,2.3140997279839604
1592,2.3392891358559664
1593,2.355272842998608
1594,2.406245657372331
1595,2.65810473941616
1596,2.4122376711564577
1597,2.4568707950992117
1598,2.51066273403968
1599,2.505325774279183
1600,3.3503757977363215
1601,3.622670041354836
1602,3.5384701160331113
1603,3.289487457200384
1604,3.237230776341975
1605,3.2896860831060755
1606,3.236549154510306
1607,3.346585314945242
1608,3.2255797374869517
1609,3.2500898886784575
1610,3.1052964640487133
1611,2.849700114061164
1612,2.4839403004107714
1613,2.2218596773252783
1614,2.2872807784670215
1615,2.116626336859086
1616,2.3990967495381423
1617,2.227325486366377
1618,2.1912727142043176
1619,2.3795440078769174
1620,2.175747640017977
1621,1.9090943538943321
1622,1.9609407465804576
1623,2.0754672781370447
1624,2.0215501274303733
1625,2.1083616446673736
1626,2.020613119305433
1627,2.2664814533554476
1628,2.3369800291137097
1629,2.350057475481211
1630,2.831263302160384
1631,2.679345499519057
1632,2.777406662945806
1633,2.76409096265822
1634,2.5816297746177552
1635,2.047291194854748
1636,2.021208172764834
1637,1.5514585730576518
1638,1.7331300589584306
1639,1.7284710617927808
1640,1.998980442336802
1641,2.065574599661434
1642,2.1057798589000942
1643,1.8892935883174309
1644,1.7614414519900956
1645,1.7910423022201634
1646,1.9390573890408176
1647,1.9738205761698537
1648,2.4775116261035004
1649,2.402718850009721
1650,2.4993674641792163
1651,2.4907208580517723
1652,2.91364506328889
1653,3.8007022138654794
1654,3.8480073952378
1655,3.715877999296888
1656,3.576264716087474
1657,3.444101769607835
1658,3.2206442630471432
1659,2.8425582389656
1660,2.530080789328753
1661,2.258048634715738
1662,2.643980344703003
1663,2.572624727411081
1664,2.844143526540169
1665,3.098600466597796
1666,3.1817628681011105
1667,3.0540752828281867
1668,3.062205397520533
1669,2.7973725844324324
1670,2.675443089541041
1671,2.6351704746187656
1672,2.630652684276479
1673,2.4669714563199356
1674,2.4048305977402364
1675,2.382361513443139
1676,2.2050524080572314
1677,1.863363607606311
1678,2.172112247058606
1679,1.9950667398830322
1680,1.860076992832918
1681,1.8432587252853088
1682,2.0287044289266714
1683,2.063045559865252
1684,2.4000225762198055
1685,2.538485924040764
1686,2.4408960096633887
1687,2.720235359679929
1688,2.4696044704976767
1689,2.495425082997655
1690,2.701920599775139
1691,2.7084704662208554
1692,2.77063194198469
1693,3.4276485084460164
1694,3.482535846967866
1695,3.5417504394400514
1696,3.69376807764094
1697,3.677448322311786
1698,3.6066190829475153
1699,3.425801955632685
1700,3.3338953225688197
1701,3.401908435640957
1702,3.395470016106865
1703,3.3844795341153198
1704,3.3916208333517375
1705,3.45482074727337
1706,3.405683826482592
1707,3.5110205486151407
1708,3.584179320315497
1709,3.5061638380127533
1710,3.499753254695411
1711,3.543671275583122
1712,3.427611128019313
1713,3.3050947048635693
1714,3.314124519572555
1715,3.2318572417864413
1716,3.22820029711488
1717,3.1736999572185947
1718,3.1320032015192
