,0
0,3.1219512285511892
1,3.570396246886836
2,2.6651388006559
3,2.6041883806307924
4,2.64448943633507
5,2.5838554566616567
6,2.5518099601937845
7,2.552872157258173
8,2.5565432371853283
9,2.8996481552996975
10,3.095368552321194
11,2.525932656382399
12,2.545335837938232
13,2.5070970425159302
14,2.5605078254480085
15,2.5759293615635563
16,2.487666496325414
17,2.511985426282262
18,2.4483499212043816
19,2.6081601416074713
20,2.467310801607737
21,2.4090814850980573
22,2.1517098076589942
23,2.1011429958993397
24,2.3760268848194968
25,2.400198198172952
26,2.4097673192818814
27,2.195485251268613
28,2.423178177757471
29,2.4738191054799157
30,2.5308768228966168
31,2.2873803899015512
32,2.8054404846832117
33,2.2414127172176914
34,2.6767998593860285
35,2.0334050354882476
36,2.103873167525884
37,2.399742844754776
38,2.467560725573508
39,2.706765496814166
40,2.7406679451883065
41,2.8641544704902784
42,2.9136570676912283
43,2.6674112473315468
44,3.010193674577381
45,3.014725634322023
46,2.9448784715666116
47,3.2338522042229374
48,2.8341757961480574
49,2.5277459529662645
50,1.9459851434381654
51,1.868459812202521
52,1.8977495650385252
53,1.7774925899746556
54,1.8868949924820178
55,1.9827643893226805
56,1.9792451319691178
57,2.306490926657924
58,2.2397872169507274
59,1.9939683526019272
60,2.098199506421706
61,1.9815603301888722
62,2.3551284453110495
63,2.416963816499848
64,2.404346282031942
65,2.3346005153219296
66,2.3465751258498666
67,2.3380738797637415
68,2.141466021318591
69,1.8337860895856621
70,2.008092264245419
71,2.0326963118974275
72,2.0189913006825013
73,2.296772287253973
74,2.0113636136625224
75,1.9732637772975183
76,1.9788319326309214
77,1.96358383455379
78,1.7701601645719633
79,2.203040511651805
80,2.44740514029967
81,2.3631970810619043
82,2.1848753762777315
83,2.2361103918177916
84,1.9173057642389824
85,1.8255952136627516
86,2.004578995314624
87,2.020032917565594
88,2.1022473800233583
89,2.061249028573619
90,2.0276791890544663
91,2.207969429180259
92,2.495759507414246
93,2.772698283642158
94,3.028826361606948
95,3.091642415464501
96,3.021097839469414
97,3.0537556707209035
98,2.2431664332309373
99,1.8896074971595407
100,1.8638705089427425
101,1.7492621761441036
102,1.9637117487057694
103,1.8743392208741287
104,2.292435151393236
105,2.4007962861035663
106,2.6237302432424525
107,2.554599609991412
108,2.611663113174703
109,2.4488852172566564
110,2.2770055252259387
111,2.3051818481757533
112,2.2684727019256097
113,2.3803666490027915
114,2.364686975480262
115,2.249515867079931
116,2.3630870163134374
117,2.5605336948472983
118,2.6007213508070226
119,2.7469201438818476
120,2.551161218400252
121,2.7465700662830397
122,2.4251432272175943
123,2.2388405752329663
124,2.2659769788772457
125,2.120528667524576
126,1.8017970048103698
127,1.8031136041097757
128,1.7453401248829385
129,1.8816811846418393
130,2.3044248325312915
131,2.491117732871648
132,2.525674127915709
133,2.39796783585942
134,2.315268596196461
135,2.2274665049264675
136,2.1676376918468345
137,1.919547704103518
138,1.8129439733148693
139,1.802252777194795
140,1.8530562949736822
141,1.807317517401002
142,1.781549604175803
143,1.8800209684643605
144,1.8631432022912235
145,2.1336083480601697
146,1.8267813914435802
147,1.899028273822359
148,2.487304118915413
149,2.186936151574148
150,1.898413564041893
151,2.1865819883190305
152,2.451576679638601
153,2.2582706828546915
154,2.252701919989982
155,2.2214942035276506
156,2.214916045833198
157,2.1194309718165765
158,2.104865371337042
159,2.066970151248791
160,2.2366573940826555
161,2.4151380284693778
162,2.6924290478082926
163,2.775735657188068
164,3.3087136073941674
165,3.333265056336395
166,3.887035279295498
167,4.508386628237319
168,4.861928124834128
169,5.276753057458996
170,5.4507269378816074
171,5.457586444394997
172,5.4756508416397915
173,5.276935837601234
174,5.538976536805498
175,5.419925400996231
176,5.442642921552756
177,5.295064756815644
178,5.119827092244482
179,5.05005382930824
180,5.020188081399192
181,4.789677357249279
182,4.451891482072027
183,4.379601456349099
184,4.571269954821046
185,4.684172403911286
186,4.504725332492282
187,4.691665718874228
188,4.67854397141361
189,4.327178976485997
190,4.0630823450393825
191,3.8266422927266928
192,3.7392381657544966
193,3.67453681640446
194,3.344058228174962
195,3.308909766142946
196,3.2876252306150477
197,3.356389354966271
198,3.3636446296628675
199,3.728477251451799
200,3.662137491574081
201,3.5489446335978116
202,3.2266081999508405
203,2.9025328039003093
204,3.109826566230401
205,3.1544597984535234
206,2.597833539941453
207,2.521542118370885
208,2.557078314832161
209,2.5208038451767987
210,2.582323865818459
211,2.559935892587715
212,2.296231997374909
213,2.5685018395512667
214,2.2957063116559127
215,2.607637064654337
216,2.6474499320469693
217,2.206183919447394
218,2.1795107246848096
219,2.231386083412339
220,2.231756078899353
221,2.237308957238639
222,2.1799368860287296
223,2.2200240141025565
224,2.223752048432112
225,2.2152823872870857
226,2.123597231590621
227,2.0569320645664306
228,2.292000649925407
229,2.1800854383991917
230,2.1785701886475644
231,2.008215819150293
232,2.0027610658035795
233,1.8168491351042189
234,1.988441820392549
235,1.819749579702943
236,1.707336564135633
237,1.7740869514636104
238,1.7042323216902466
239,1.7160093995866763
240,1.6778105459289705
241,1.6771219283202652
242,1.5371712309291232
243,1.5537113861555012
244,1.5376654726395669
245,1.3937020044620028
246,1.3750576522081477
247,1.3614850822945617
248,1.3314341117658515
249,1.3313986270186693
250,1.3235600525512063
251,1.3348262803501951
252,1.3269067054054782
253,1.3063548932365945
254,1.3059761009639739
255,1.3334834729480594
256,1.3345808613011727
257,1.4143302232160098
258,1.45430269522799
259,1.4443761985985442
260,1.3274138917171843
261,1.348032730151946
262,1.3791923212736126
263,1.4155207684926387
264,1.2937246212451543
265,1.4481955384689729
266,1.3284237579856355
267,1.617236447398596
268,1.5747394851473293
269,1.5412362343710602
270,1.5249838096151245
271,1.5687285640630233
272,1.6374818131379913
273,1.6871863193389864
274,1.8395072479114323
275,1.81378806356329
276,1.880565988891657
277,1.7852134313658468
278,1.8584490439622041
279,1.7315106217466156
280,1.748306105315586
281,1.7689677350650361
282,1.9170139989877921
283,1.9049496327469762
284,1.9911099409657405
285,2.260864786725726
286,2.283036574457182
287,2.9640124448688905
288,2.4742412913209018
289,2.4743288228296954
290,2.5122104632669666
291,3.277479088393188
292,3.075917833387045
293,2.7907626696867194
294,3.085850563490911
295,3.103209392289223
296,2.8808743364461487
297,3.116725959735257
298,2.796200795239634
299,3.0132250310265167
300,2.805039496431148
301,2.8606767872714336
302,2.5995181253116444
303,2.9966310134349796
304,2.85982960243252
305,2.7582867283845247
306,3.583452035235745
307,2.7737827431553677
308,2.9954584527574384
309,2.8062839702582463
310,2.8627073143843793
311,2.7655079368572193
312,2.217503321953673
313,2.096903719224842
314,1.9224543984080993
315,1.8879692298259787
316,1.8861868707459428
317,2.0021747645433257
318,1.9054062476643328
319,1.9246039836194895
320,1.8615140843388351
321,2.0248442846688985
322,1.813517689265745
323,1.9034309808903678
324,1.8571829362767172
325,1.7905274785271392
326,1.857839885069752
327,1.8508401682839613
328,1.8018804042225325
329,1.8545392048787022
330,1.848724676602623
331,1.7321432406014907
332,1.7460350850881783
333,1.7215483693055773
334,1.4252689943395538
335,1.3199482867855699
336,1.2611546030454337
337,1.2578234226715013
338,1.248305906041958
339,1.2355479581332245
340,1.2158277422328863
341,1.2401817653835645
342,1.210721959098944
343,1.1037639952623084
344,1.1313364281035634
345,1.142912551088077
346,1.1775247406339682
347,1.1609164135636125
348,1.1108417461474165
349,0.9484834126134977
350,0.9428444711104481
351,1.1089359783658215
352,1.0451629785174628
353,1.0416614346563358
354,0.9637523593393507
355,0.9279983108035664
356,0.8459875800257602
357,0.874822494857332
358,0.8865019667152191
359,0.8635789730783494
360,0.9128695197216689
361,1.0017536039170454
362,1.252064060734792
363,1.2483995310124645
364,1.2013542281587886
365,1.1247020128218985
366,1.0805675219004955
367,1.147811451699024
368,1.2853108466802683
369,1.2380721843795732
370,1.2813067418867652
371,1.1447438906429168
372,1.0337301077359067
373,1.1704048169825525
374,1.1511620448180475
375,1.2748512249098878
376,1.4082187212745354
377,1.4742870515144462
378,1.4003154797349824
379,1.5473289313702783
380,1.541877065043853
381,1.4287577577426613
382,1.4326167975648225
383,1.4102214130535067
384,1.4290554734020584
385,1.4924356932761422
386,1.5081381436862145
387,1.43925036648204
388,1.4396688834684366
389,1.3596320076923858
390,1.4274649862077993
391,1.3233962455543753
392,1.3500075362610502
393,1.4088830222244662
394,1.3989570415293915
395,1.4176821895554008
396,1.5108639006318663
397,1.4357662709237333
398,1.5266472434261003
399,1.464367432315319
400,1.278075376058834
401,1.4200881583955443
402,1.1371966039827348
403,1.1644805878899644
404,1.099304263256846
405,1.0484683591828807
406,0.9590222879343028
407,1.1923721698836578
408,1.2370794252814974
409,1.089631117088823
410,1.1124006117828775
411,1.086578957236332
412,1.1214658592406923
413,1.2633689164715176
414,1.493143636893684
415,2.034727879014211
416,2.0200957166492852
417,2.031976188060641
418,2.2214270266683447
419,2.3186385563875374
420,2.0780370165339423
421,2.31753577145909
422,2.332940830329029
423,2.3716795639073998
424,2.3626051372811445
425,2.48792580712033
426,2.5425393554535094
427,2.5339042091865935
428,2.5548867361121115
429,2.587702471467978
430,3.0945204940647293
431,3.1492937340873177
432,3.1020551483528176
433,3.854951557770756
434,3.9521678720776516
435,3.940630621025709
436,3.8950586223323884
437,3.705736826611835
438,3.6832573696817086
439,4.262365286912796
440,3.8071998327247214
441,3.5559093063415843
442,3.7246687230766073
443,3.602406597567382
444,3.9914701959604195
445,4.152600743752576
446,4.671057568051382
447,4.81433048359209
448,4.795909325464729
449,3.938966459060069
450,3.8969813925590975
451,3.4594182486757012
452,3.71876904575609
453,4.433791354249681
454,3.7516978456921635
455,4.250864562281172
456,3.7553980187234446
457,4.159531133280483
458,3.939762594084387
459,3.8341369592717123
460,3.7006631596901576
461,3.710952220071364
462,2.8661157048324597
463,3.2288239065510407
464,3.6637765591459055
465,3.201542882340845
466,2.869498326262522
467,3.124577189420432
468,3.1445526709285967
469,3.1566010490400855
470,3.170066299700049
471,3.7983610715591105
472,3.2983138466110313
473,3.639087506744713
474,3.648445492563596
475,3.794033805954749
476,2.563893223771616
477,3.0442995876874606
478,2.801936798707117
479,2.5607598721465927
480,2.1329719579047137
481,2.701256432176873
482,2.678743038372147
483,2.797717132353886
484,2.844782632081178
485,2.850029381919889
486,2.895758497746598
487,2.831208173573177
488,2.7834107529271943
489,2.1168510966551906
490,2.1476512121162807
491,2.0968567056135776
492,2.123996848659394
493,1.9222261200566295
494,2.0476337734671466
495,1.9093177703300157
496,1.9956176081085104
497,1.89249314819602
498,1.8970000366999156
499,1.8843126079728834
500,1.8504408299829849
501,1.8408034962715993
502,1.7938393812182922
503,1.3535134300154268
504,1.3428242346958192
505,1.335510619763945
506,1.3314848661947474
507,1.3250892935294056
508,1.31427109707583
509,1.312304974944263
510,1.3066021347324261
511,1.3696395037135818
512,1.6899142986791689
513,1.4005648246740652
514,1.342870935674756
515,1.538361951849175
516,1.4036150544226924
517,1.5026976903790144
518,1.5595482747839322
519,1.64076963515493
520,1.7128806503767864
521,1.6374804684728983
522,1.776401702560965
523,1.8370870026595822
524,1.7881028590805206
525,1.774888935654796
526,1.7790274621263633
527,1.7035018517998366
528,1.697170871321831
529,1.9576043071661113
530,1.774652604071319
531,1.8957105468654512
532,2.6928671088525133
533,2.6158395661436638
534,2.5319353914452845
535,2.4437725199984293
536,2.6164745051525014
537,2.4793395550896262
538,2.5346989804428532
539,2.5249172911253193
540,2.4789580443109345
541,2.4558197718982075
542,2.4993463549795796
543,2.619776827836338
544,2.6846635390468268
545,2.7350586962152104
546,2.5105738507309536
547,2.1538658527249965
548,2.087118816028545
549,2.084881644521764
550,1.987091069939684
551,1.9854122309044404
552,1.7535818155076979
553,1.6199210720030486
554,1.3820930010132186
555,1.3863277098265108
556,1.3669003211159587
557,1.352122561559572
558,1.3879881411322377
559,1.4500219676327397
560,1.5805265824931598
561,1.4282463122820717
562,1.3930528681722385
563,1.3473189638543237
564,1.3216014927598547
565,1.2933565781377157
566,1.3368153398606177
567,1.3206837481707627
568,1.3507355024781622
569,1.1776677776393074
570,1.2489560393470642
571,1.1880907546725088
572,1.2285905709832625
573,1.2671718869577728
574,1.2544648772011264
575,1.1516761046061277
576,1.2861196536852375
577,1.60117102189195
578,1.4591006567147666
579,1.6406842392067453
580,1.634898379347971
581,1.649483557331467
582,1.605348429177204
583,1.584619016295127
584,1.623026357763335
585,1.6127587331704158
586,1.6972875936264746
587,1.8782820579763557
588,2.12027928255724
589,2.2270194556294096
590,2.0737684100365317
591,1.7293161733515816
592,1.57048190370467
593,1.5444168990151155
594,1.3604845267140857
595,1.348324299856266
596,1.544062001221366
597,1.3713871105110924
598,1.4795754661712148
599,1.5106513538474675
600,1.4892029173656336
601,1.6718772054487703
602,1.6879654223979181
603,1.6966083325504089
604,1.640922035810807
605,1.7238805162895234
606,1.5682410409831804
607,1.3873858425136585
608,1.3950656517241542
609,1.2969841876472374
610,1.3786178541061012
611,1.4303040433937955
612,1.3607581036066596
613,1.4148315442950958
614,1.5831541615008773
615,1.4505192227737966
616,1.3478427337111976
617,1.385337696228503
618,1.608601945084635
619,1.5912010626782047
620,1.49692471017976
621,1.599105804566541
622,1.4583400390648507
623,1.4840117984051338
624,1.663108450575407
625,1.53220837798284
626,1.568595696110692
627,1.5456089197891003
628,1.5988166793265832
629,1.6061669611213285
630,1.655768093498097
631,1.6505136636968591
632,1.6719652143143873
633,1.6712585980698744
634,1.683364719179765
635,1.6775467065298892
636,1.5274839730101841
637,1.5275299650119487
638,1.461418705743
639,1.3877223858371952
640,1.369371574597212
641,1.3629555546938277
642,1.352766008368487
643,1.3504701164666981
644,1.310446684428171
645,1.4828498408705173
646,1.4715858853369166
647,1.5320400864238806
648,1.5096416011580693
649,1.339825348471614
650,1.2096453339572035
651,1.0949066361099398
652,1.074879220808648
653,1.0143461914350727
654,0.9517044715942727
655,0.9109340853519907
656,0.9843705730705778
657,0.9344507800167591
658,0.9566869651343178
659,0.9105044342113296
660,0.9096729343254605
661,0.8906278002697955
662,0.8448249170267789
663,0.8363249372466536
664,0.7974739240745109
665,0.7947370831050987
666,0.7919703744335068
667,0.7670039572961183
668,0.7696627527149346
669,0.8040267521400781
670,0.7513106481448428
671,0.7007076355824036
672,0.6936485272375436
673,0.6932004064248407
674,0.7519512277920143
675,0.7944106767227059
676,0.8648010569901209
677,0.8440682145585158
678,0.876941011152792
679,1.0323305513318528
680,1.276952090599906
681,1.8387520361963494
682,2.1314344630480244
683,2.34368888350687
684,2.4785157585628235
685,2.8939028713899266
686,3.3534448487256032
687,3.2889056275150566
688,3.2780006692328674
689,3.130764990976617
690,3.867253666532555
691,4.182947614402821
692,4.01493999181974
693,3.9554029496727816
694,3.89748614163879
695,3.6472554365996532
696,3.6724106523399733
697,3.18125959304813
698,3.081391361962105
699,2.797381917191122
700,2.751370534376833
701,2.3944634469090125
702,2.232912343464968
703,2.0395046745443293
704,1.9101819901637067
705,1.8420476940822395
706,2.0066976170847766
707,2.1738799936108615
708,2.075830229698745
709,2.171334837412546
710,2.1292203394684623
711,2.0179315062314074
712,1.9613256991092614
713,2.4247574430178487
714,2.403674787408588
715,2.5264691570489775
716,2.615436929970602
717,2.421464639226085
718,1.9841394002494948
719,2.1534315738119605
720,1.736984713907772
721,1.797184515628942
722,1.7475417228705104
723,1.6412755500135299
724,1.6163853748634487
725,1.5554772403321278
726,1.6093530560698517
727,1.437098541915066
728,1.578506008281793
729,1.4617783755850882
730,1.381426394646857
731,1.4272923376314095
732,1.4731885037670607
733,1.3978467948870423
734,1.4333560800810334
735,1.4452099099361564
736,1.4877343790939586
737,1.5393149499076282
738,1.6075271793535464
739,1.6565862355017877
740,2.068727734960752
741,2.057104055533463
742,2.073147981170162
743,2.2192607179026753
744,2.3606380758600536
745,2.321427985339497
746,2.342091476814299
747,2.3651926819850937
748,2.4907438547316527
749,3.064079359233428
750,2.5219407254740487
751,3.057872865650892
752,3.0631905464613953
753,3.0754039996140534
754,3.0296030029590644
755,3.0088771481138417
756,3.014043263511299
757,3.024061713457991
758,3.0285343275926766
759,3.1452113892781686
760,3.7601155165088413
761,3.6694759261123506
762,3.7383062923754142
763,3.7199350937597506
764,3.6449920073889612
765,3.5047901924552187
766,3.857824939724555
767,3.7022779793641583
768,4.505477309935476
769,3.6111055640191845
770,3.6787709842497898
771,3.6806810939968133
772,3.6637007957577263
773,3.6530988789741827
774,3.6095023452667325
775,3.731733948769995
776,3.7002806413005933
777,4.572466937308181
778,3.7236433239192746
779,3.373465370738852
780,3.682628690361951
781,4.6177053707287135
782,3.3764174306972548
783,3.2886300776524138
784,2.8357585237266494
785,2.705159804448868
786,2.6886103315326504
787,2.663045524624245
788,2.5859614157872826
789,2.5338045788537933
790,2.4408695953441955
791,2.3273898023973683
792,2.075970458639604
793,2.0514406070950604
794,2.0535404285909755
795,1.837188769968812
796,2.023937657420884
797,1.9708028945998717
798,1.8248078808490005
799,1.817246760033552
800,1.3749976320121826
801,1.3757449751498783
802,1.2952063993634884
803,1.2917057878706542
804,1.2569145322339406
805,1.262210422682402
806,1.2979560649913466
807,1.2890764598688305
808,1.3335835830017204
809,1.2742660528341414
810,1.2639229707509156
811,1.1288767020991053
812,1.1918322176856062
813,1.102049939292789
814,1.1261847488902343
815,1.2886913511743627
816,1.527264658797392
817,1.3371300931607706
818,1.55426752053705
819,1.5406443953678162
820,1.521618881709622
821,1.5565156490234044
822,1.2410820498887087
823,1.1778491393335868
824,0.9810402967208592
825,0.9391954685072615
826,0.8873375190729933
827,0.8857901482492543
828,1.0669126187347173
829,0.9051790063053892
830,1.099447746644043
831,1.2531572682062961
832,1.373461583950842
833,1.354573794611099
834,1.5766522256799829
835,1.6196292643871055
836,1.7641501364568555
837,1.9285502087180275
838,1.8634218012461554
839,2.780654376059794
840,2.8585802815383357
841,2.783732099281086
842,2.948400533100476
843,2.696141751231745
844,2.725054810297125
845,2.7144518587245585
846,2.672224987390684
847,3.2984189420749193
848,3.0515655582006227
849,3.077535589715864
850,3.5133625316488937
851,3.7456125915749086
852,3.3347224619044815
853,2.981990514735475
854,2.9672373616838743
855,2.8919731062089484
856,2.8471342383557006
857,3.082651037971083
858,3.3983601720209133
859,3.2470006682426265
860,3.4268892085856923
861,3.34187037074834
862,3.4996778833964974
863,3.197287839823047
864,3.572534438032176
865,3.764935433670103
866,3.7302273137278332
867,3.704962472753192
868,4.780340155759208
869,5.060875325570217
870,5.073210528865989
871,5.112529879399058
872,5.1336574149636025
873,5.199896450174004
874,5.2814308672315935
875,3.9781861327636463
876,3.652646177070379
877,3.658777345650418
878,3.4715990547108175
879,3.4716175979122186
880,3.4662147002064483
881,3.4030530086809216
882,3.1489501715675834
883,3.449285864629413
884,3.119713606246568
885,3.0859581109074115
886,3.113997450108197
887,3.203625994738947
888,3.030442139734077
889,3.0973636902354356
890,3.100719045171994
891,3.1362199444178596
892,3.1657591237814686
893,3.097074590673867
894,2.994411310596705
895,2.8971649456883575
896,2.7815979409817873
897,2.62572735940737
898,2.6097300104535637
899,2.6279239891083344
900,2.4636199284306914
901,2.005255398386951
902,1.8126750380648686
903,1.6945638127067235
904,1.6144652857979211
905,1.7025068013422897
906,1.590941258816591
907,1.4756481332969282
908,1.4159918426968183
909,1.5764789643011865
910,1.4242880039678218
911,1.3855472637748583
912,1.3642532733323218
913,1.4732641837736096
914,1.584314204373364
915,1.708610570057497
916,2.1076275150806856
917,2.1113257923473143
918,2.1113257923473143
919,2.1163072804698375
920,3.0689704344450117
921,3.059972644545545
922,3.1716558462004687
923,3.0830453097085875
924,2.9042575467146996
925,2.4666795067516043
926,2.450591375147512
927,2.3765148769216626
928,2.4155097635320084
929,2.430350916551306
930,2.3472727536748557
931,2.133053849144546
932,1.84526272412567
933,1.737343827874683
934,1.8554818499165107
935,2.098130314999132
936,2.2091382802611177
937,2.4207113104532563
938,2.91787391150595
939,2.664998711597194
940,2.5519109516321925
941,2.7122458471926216
942,3.348361556961585
943,3.176493960183384
944,3.4585996712726446
945,3.6583074211265028
946,3.72749972790779
947,3.7387754070861248
948,4.185990684931926
949,4.198669272632449
950,3.74010285908219
951,3.756203798592807
952,3.263405136525338
953,3.0712936652905087
954,3.747004851972795
955,3.8130850037818926
956,3.827250755243379
957,4.078640973089138
958,3.8351121872417675
959,4.1021497058423515
960,3.8568537298389405
961,4.169870363588963
962,3.936947800063844
963,3.475048002961866
964,3.825014370862131
965,3.9495956198249047
966,3.838480075629469
967,3.357002291910034
968,3.3768675176487255
969,3.94438263258651
970,4.144574029524053
971,4.555542262653889
972,5.287520512941233
973,4.935808782689434
974,4.538587060750427
975,4.263614639560117
976,4.189361086078215
977,3.7300439012096493
978,3.345728930316028
979,3.231818206660695
980,2.8326268172082996
981,2.8505335140754378
982,2.594787684323876
983,3.1698078565083017
984,2.745176918578966
985,3.1350528194278096
986,3.3873148504338513
987,3.7907291297405443
988,4.756707279241177
989,5.014169160857717
990,4.972439546313349
991,4.814756912772508
992,4.800936710474024
993,4.382768129011716
994,4.4542067220768224
995,4.167472697328115
996,4.125052190185483
997,3.9983482241449275
998,4.005315391864646
999,4.041963298722311
1000,4.285167302912129
1001,4.219226814800902
1002,4.196346984050668
1003,4.164595245177451
1004,4.150407650931494
1005,4.092167744086426
1006,3.8452297927437145
1007,4.1150261905240315
1008,3.8016516154831805
1009,3.7611125077582934
1010,3.7715836481046465
1011,3.121778016198343
1012,3.085831075007804
1013,3.3304294730595156
1014,3.884853924694278
1015,3.9019321688117907
1016,3.91588093291567
1017,3.896641408639797
1018,3.7137165241224848
1019,3.824076666072315
1020,3.76784049884248
1021,3.3366277187103752
1022,3.07840194406608
1023,3.037922474554376
1024,3.0500431771502567
1025,2.6057783926354414
1026,3.063416069660768
1027,2.855219822119542
1028,2.5468444709899076
1029,2.9736206063261603
1030,2.590538708160635
1031,2.6039132647954646
1032,2.993630836787514
1033,2.6082378986732273
1034,2.659343325737381
1035,2.61013409837568
1036,2.6402863542759243
1037,2.1463471188381122
1038,1.9662078774893335
1039,2.043200105380457
1040,1.9447423110429671
1041,1.8351184233842095
1042,1.894627444699377
1043,1.8626085745951944
1044,1.8268855310023158
1045,1.855604231319753
1046,1.8604244969953554
1047,1.8520624740912388
1048,1.7850909290994745
1049,1.771455288171322
1050,1.764540824486064
1051,1.770673372604543
1052,1.7652960181976851
1053,1.7524939240198731
1054,1.5024663085884664
1055,1.6529866179004564
1056,1.7631118486964588
1057,1.715136641860772
1058,1.7397579426055825
1059,1.6030769773738072
1060,1.364996401316956
1061,1.6351108287459766
1062,1.6371384229245345
1063,1.7371636401164532
1064,1.5036446100717484
1065,1.6234590901195745
1066,1.6207226361191334
1067,1.5595081212800974
1068,1.5763487707783637
1069,1.5999519302060796
1070,1.5513929273500944
1071,1.692353621576222
1072,1.8079710811852796
1073,2.3874528281557352
1074,2.7592746293511974
1075,2.7536897261792923
1076,2.8804418183221903
1077,2.8483182571546726
1078,3.327146114504392
1079,3.3020326619057223
1080,4.214105835098782
1081,4.56225409207249
1082,5.114690526119495
1083,4.834021154986679
1084,4.548113258201305
1085,4.703247075380712
1086,4.685598597247373
1087,4.534121131308425
1088,4.654754949316103
1089,4.319024234930609
1090,4.3939021837282075
1091,4.118287044097424
1092,3.6813814663052242
1093,4.088729444715657
1094,4.131756445267622
1095,3.892861958767424
1096,4.275301794386286
1097,4.802731290475963
1098,5.010831764534109
1099,4.879493151519616
1100,4.863460851003326
1101,4.9026905437567265
1102,4.816189650636951
1103,4.754768859658177
1104,4.57451470899123
1105,4.514165561500768
1106,4.4855231484545754
1107,4.267987838753503
1108,4.095515322129353
1109,4.144734410500615
1110,4.216733901248302
1111,4.580859094015488
1112,4.617600061805255
1113,4.930191808322753
1114,5.272034594774959
1115,5.750365132867679
1116,5.998250937470689
1117,6.273236664876252
1118,6.332016512372387
1119,4.226449944135838
1120,4.231812638966155
1121,3.8849194653074477
1122,4.699074054975828
1123,4.936899000524706
1124,4.884149384780466
1125,5.046110511170717
1126,5.0455267630675005
1127,4.963958184606587
1128,5.133551895292524
1129,5.025313764539344
1130,5.01906223990073
1131,5.071400695999363
1132,5.0289823721588505
1133,5.001230067194264
1134,4.919006569131574
1135,5.242487493353753
1136,4.931328812591475
1137,4.935845208148969
1138,4.123587722182868
1139,5.118984734192238
1140,5.003796096460123
1141,5.007234005950552
1142,5.147441114915274
1143,6.21045817303001
1144,5.506751767259391
1145,5.7861670758836485
1146,5.971484348067545
1147,5.459645395587757
1148,5.460765496746591
1149,5.49335127306826
1150,5.75729721599751
1151,5.53618622941608
1152,5.799787480119866
1153,5.727701666834422
1154,5.262045942528393
1155,5.9668673804368115
1156,5.175263981832535
1157,5.133429385943387
1158,4.991949548348542
1159,5.559079175365984
1160,5.086049515172747
1161,5.122374432822052
1162,5.021927261282171
1163,5.997045682544853
1164,5.962634269107261
1165,5.762827498551335
1166,5.073179759212468
1167,5.1288738515199865
1168,4.9923288037128675
1169,4.864588985895245
1170,4.96846008997834
1171,5.009819390430174
1172,5.515754038734012
1173,5.604515080529524
1174,5.542177863201419
1175,5.717981860903728
1176,5.0449042297453115
1177,4.992011984798326
1178,4.956232980362304
1179,4.965032897159958
1180,4.892040397922229
1181,4.8458035439170875
1182,4.8537879881492705
1183,5.051095912064312
1184,5.069019476084628
1185,6.140720313114806
1186,6.271111192440186
1187,6.409355080009389
1188,6.219763024376988
1189,5.253503687580536
1190,5.156268070867346
1191,5.204571660635369
1192,5.767765230190541
1193,5.65558723843545
1194,5.162680450628074
1195,5.724152246764133
1196,5.8237397403276585
1197,5.133974493611019
1198,5.035007926565703
1199,5.018126169577446
1200,4.961887528142644
1201,4.82640104619608
1202,4.594144207286263
1203,4.742109353853031
1204,4.415205048843889
1205,3.9429340874137218
1206,4.614083693442049
1207,3.6785765295745776
1208,3.317723585037021
1209,3.2664879509083202
1210,3.2747136567721857
1211,3.27416681633788
1212,3.710099168432042
1213,3.8406856862442043
1214,3.796094034613286
1215,3.795639299549795
1216,3.86486329300583
1217,3.947152691012303
1218,6.062086851547339
1219,4.0806352656281275
1220,5.402818977034681
1221,5.681573586320353
1222,4.981468921132932
1223,4.859282030599497
1224,3.76297506168576
1225,4.562511067695594
1226,3.6797122862823244
1227,4.197468338941621
1228,3.4904796051603544
1229,2.7115522651502353
1230,2.8080364483225986
1231,2.6744795159206016
1232,2.920951203340577
1233,2.8783409496686
1234,2.7413225676841013
1235,3.1378049779495623
1236,2.985154127980114
1237,2.715990399905524
1238,2.680831186319304
1239,2.6903455382608397
1240,2.9410117116117545
1241,2.9854211042500762
1242,3.0449107737561043
1243,3.0607646932821173
1244,3.5389379955889266
1245,3.290439856385757
1246,3.7326540592325435
1247,4.13436182536559
1248,4.12192073120758
1249,4.141686743667344
1250,4.226615422951235
1251,4.063270751517459
1252,4.386719543030361
1253,4.069897246773727
1254,4.790710933826039
1255,4.4779310494466
1256,4.485780869098339
1257,3.7419622351686406
1258,4.270919403772108
1259,3.8304534419119363
1260,3.702071401442884
1261,4.205629093843592
1262,4.152563283753956
1263,4.313091790309052
1264,4.356990432417935
1265,4.429338525897553
1266,4.442947020560193
1267,4.447368830739113
1268,4.45130067450933
1269,4.456273297372578
1270,4.43650125266548
1271,4.405583224411692
1272,4.272423835787836
1273,4.170693214386729
1274,4.036058085195737
1275,3.7394779262955886
1276,4.005811334407188
1277,3.8181378376765687
1278,3.927470323766721
1279,4.169387274533181
1280,3.268630112904835
1281,3.81640937260109
1282,3.8695047434393963
1283,3.877420353459085
1284,3.543194922669083
1285,3.9596538674016535
1286,2.830315681398735
1287,3.1345187214330688
1288,3.1304057941460663
1289,2.904999033416733
1290,2.8674951735315104
1291,2.5629057784389677
1292,2.1629171556459075
1293,2.1849609115737607
1294,2.1628680389952
1295,2.2053888304616374
1296,2.2944341808525253
1297,2.2865158089286153
1298,2.5416072597346107
1299,2.8757102340573018
1300,3.0063440704400555
1301,3.1570637415102367
1302,3.2833117502962064
1303,3.669736477549683
1304,4.0351474404782754
1305,4.138087311001506
1306,3.8766617851983
1307,3.3953017757717334
1308,4.094523315340762
1309,3.9786232157136996
1310,4.054296875589711
1311,4.000111099097174
1312,4.006609492909324
1313,3.9248192389867755
1314,4.4526596186564475
1315,4.587858116014641
1316,4.237665244919261
1317,4.651559154692055
1318,4.551850171446766
1319,4.706190477122946
1320,4.676631658459089
1321,4.982783423150622
1322,4.705506571472758
1323,5.016455591654253
1324,5.424503701118915
1325,5.670895945439316
1326,5.292002735709048
1327,5.340671835540674
1328,5.6754521401138325
1329,5.428270193885008
1330,5.883594705700271
1331,5.525571390666135
1332,5.873864663688977
1333,5.347275216648822
1334,5.510983394221266
1335,5.210099039221681
1336,5.130286206490375
1337,5.105219095715119
1338,5.09794550627966
1339,4.4444454124448445
1340,4.5718304005427415
1341,5.07306575205144
1342,4.369985312427325
1343,4.236061714957425
1344,4.136792114151574
1345,3.779460706173835
1346,3.9454847001322877
1347,3.686726928843194
1348,3.675276128703116
1349,3.678390234453612
1350,3.57851573559029
1351,3.6533151988291603
1352,3.5726217392866735
1353,3.23260734255271
1354,3.1977268171701327
1355,3.210535789031157
1356,3.0481614302429483
1357,2.966191310650539
1358,2.55604385737991
1359,2.310254988070679
1360,2.512053102374117
1361,2.250368079369209
1362,2.481638542711861
1363,2.4542626816025566
1364,2.5214470545851637
1365,2.5122604967111135
1366,2.4946704537423914
1367,2.4882437339244716
1368,2.7193832982150647
1369,2.9101305581109136
1370,2.752268875330818
1371,3.3134214729613514
1372,4.061964523504571
1373,4.111107626436696
1374,4.224923993337635
1375,5.664145075998759
1376,5.471092680463197
1377,5.642685201735072
1378,5.301748380869273
1379,5.492882060900959
1380,5.124125471883544
1381,4.990678281942315
1382,4.690430659500864
1383,4.000862231021364
1384,3.836487448295016
1385,3.2004477612491082
1386,3.0552628750195643
1387,2.7489639150725647
1388,3.0438508903077137
1389,3.1143887384491116
1390,3.2184067190214383
1391,3.2522186023468342
1392,3.6276391748993073
1393,3.6929166496522585
1394,3.9822955946994285
1395,3.8017635774029435
1396,3.6692217811295182
1397,3.715754700115607
1398,3.7225193576600266
1399,3.483002747689251
1400,3.434702298661725
1401,3.657385884556633
1402,3.7478185745255255
1403,3.7466951012909853
1404,3.7752415165073554
1405,3.7613455421638697
1406,3.825265411298611
1407,3.518858904909672
1408,3.0458285022860774
1409,3.071870132462071
1410,2.657599906722453
1411,3.15629580814018
1412,3.1549550520770295
1413,2.9283018826700182
1414,2.6521340326990606
1415,2.836944308954384
1416,2.630098413201567
1417,2.529234117473014
1418,2.5803205027408467
1419,2.810898174088143
1420,2.623540254828812
1421,2.8056659004456797
1422,3.690241570317302
1423,3.1495942702320066
1424,3.1288098121962546
1425,2.6862030687554403
1426,2.7469752949093857
1427,3.225446589910697
1428,3.2126801554616526
1429,2.8774227901587897
1430,2.66275535113608
1431,2.6311442592586145
1432,2.8383615070488495
1433,2.7892690753038987
1434,2.574355841190707
1435,2.5119458900203524
1436,2.1690843955466406
1437,2.169166130039979
1438,2.075245219129376
1439,2.0735556052661464
1440,2.0176581690685027
1441,2.0257835905998274
1442,2.05028788851319
1443,2.01167770508057
1444,1.8094535652854145
1445,1.8137903842821599
1446,1.7937443604954684
1447,1.7628939277204454
1448,1.7655234684973635
1449,1.7817545768283625
1450,1.8057366839312414
1451,1.7824030091080802
1452,1.7969778858391274
1453,1.9739849109372691
1454,2.0318707259239264
1455,1.8133758456330977
1456,2.1031796229514077
1457,2.2326741339696934
1458,2.1876991877387586
1459,2.184566467206347
1460,2.0174904313094264
1461,2.114478309187724
1462,2.175455598028545
1463,2.090527553612476
1464,1.9548500855009465
1465,1.8922879114774316
1466,1.8580329519498138
1467,1.8536954050559304
1468,1.8871980256045415
1469,1.8703383405023537
1470,1.8624323141418822
1471,1.8913427860488026
1472,1.8843989857855592
1473,1.761491318016334
1474,1.7444709742205153
1475,2.258309283302008
1476,2.1088422224704684
1477,2.360828059985217
1478,2.4421306482092557
1479,2.4565459126091165
1480,2.559594719597252
1481,2.4845521154988286
1482,2.529999164145695
1483,2.721396349213236
1484,2.4831295661590262
1485,2.6532507237982768
1486,2.428041508509355
1487,2.428170089836187
1488,2.811003767924618
1489,2.794663595856798
1490,2.740044957558339
1491,2.7833480610612695
1492,2.427318621170696
1493,2.4404268408759413
1494,2.393882610046419
1495,2.797323630786717
1496,2.818232242562793
1497,2.323631010580757
1498,2.3074285423878576
1499,2.2217403714132353
1500,2.271910124974883
1501,2.098200218621256
1502,2.0882631054823904
1503,2.033806405261878
1504,2.000848116316432
1505,1.9570042316011869
1506,1.9437694713996554
1507,1.962152931108023
1508,1.9719218863769903
1509,1.744470939405526
1510,1.7357591158421428
1511,1.7195181532190105
1512,1.6683850967268867
1513,1.6697998286154367
1514,1.7008578892621675
1515,1.675609750304169
1516,1.6417418346151196
1517,1.456079372554751
1518,1.4913981457302434
1519,1.5288855279377807
1520,1.4132133684956711
1521,1.421116167069481
1522,1.3825237841654188
1523,1.201887587850287
1524,1.0916823589749418
1525,0.8770297482403561
1526,0.8426984219441093
1527,0.838049850206562
1528,0.8612744446425095
1529,0.8167478775516176
1530,0.8201398340963302
1531,0.8620105843058391
1532,0.8734264801024814
1533,1.1018602522237042
1534,1.2977237703445175
1535,1.721915214100075
1536,1.6852268419755794
1537,1.6921623722643635
1538,1.666507015424377
1539,1.6264727841466653
1540,1.6079776471344258
1541,1.558037892050352
1542,1.5722897270056464
1543,1.5682148000506564
1544,1.5326295700174082
1545,1.5257033521051802
1546,1.6242439219386724
1547,1.775213203931014
1548,1.813954665543385
1549,1.7310471620950554
1550,1.9762348039577244
1551,1.8047996300222142
1552,2.240216919358209
1553,2.0297953414979495
1554,2.2669456068984806
1555,2.278392250395288
1556,2.213996464516014
1557,2.2120235736929534
1558,2.418580116863651
1559,2.4450943015040916
1560,2.606028112979053
1561,2.571040522995656
1562,2.5849105816971067
1563,2.530831031171008
1564,2.4391645212293414
1565,2.5161122156088505
1566,2.5130322546014097
1567,2.495076512521827
1568,2.4253262346394284
1569,2.478073303782558
1570,2.373460584163884
1571,2.5094954689737308
1572,2.467177119770223
1573,2.3266629271714474
1574,2.567257828669029
1575,2.5457841555724388
1576,2.580582458751906
1577,2.56287884111153
1578,2.509090899536462
1579,2.5076642257729262
1580,2.9291220834469853
1581,2.4992023836271
1582,2.4997688529231863
1583,2.9814979716866623
1584,2.5485113870219593
1585,3.1204394402286715
1586,2.5084900368007657
1587,2.9728576611633284
1588,3.1122870403618426
1589,2.538827371143684
1590,2.5774233760377157
1591,2.810293611359852
1592,2.2737152163132315
1593,2.4868451800314832
1594,2.5675935730845216
1595,2.2065721129143188
1596,2.110535107227308
1597,2.152152753542506
1598,2.076220237407969
1599,2.4290514286455744
1600,2.106847255063122
1601,2.477912753374748
1602,2.0886094473589814
1603,2.0009368152844162
1604,2.120304915842323
1605,2.16557123042736
1606,2.1200031063932103
1607,2.089033862781257
1608,2.2862471626888428
1609,2.0163714637678805
1610,2.662906685209175
1611,2.1268574836487772
1612,2.2922088806053256
1613,2.1128762632955214
1614,2.092888007311647
1615,2.1043892777028135
1616,2.192833106093819
1617,2.2244108622219283
1618,2.2729846941850456
1619,2.258969841019494
1620,2.141257520626735
1621,2.385486493951303
1622,2.1071013946533137
1623,1.8926973962678104
1624,2.0920570635693787
1625,1.9237494165926154
1626,1.9984307912664232
1627,1.7851231187760042
1628,1.6323134432259303
1629,1.6174007154897656
1630,1.6306055622194748
1631,1.6909114065931463
1632,1.6124401787646625
1633,1.5260382216270567
1634,1.5499720987640182
1635,1.5701339948778053
1636,1.5963655221228186
1637,1.628940217842616
1638,1.8167352515021435
1639,1.8061224037959995
1640,1.8917602707398846
1641,1.8127709536214562
1642,1.7305744864322357
1643,2.34881338053516
1644,2.4566036782507177
1645,2.069955104799928
1646,2.2815708617253008
1647,2.200847981121447
1648,2.233866325700319
1649,1.6443392982689307
1650,1.602173801997223
1651,1.6229782316661094
1652,1.6208122702090095
1653,1.6035792601822592
1654,1.396439300664337
1655,1.3891041121264676
1656,1.3064297062644654
1657,1.3165944459337364
1658,1.3762762327525466
1659,1.4050193562850408
1660,1.359420419962798
1661,1.4418588213280805
1662,1.450520821494649
1663,1.4135782809879356
1664,1.3242867749256784
1665,1.345690070527871
1666,1.3767303793585488
1667,1.3986255675745336
1668,1.3093009204050055
1669,1.3629461745920064
1670,1.353666434430108
1671,1.5200908728114375
1672,1.29763417765741
1673,1.346201460743479
1674,1.454669069232405
1675,1.6136867463279194
1676,1.4154007960313344
1677,1.4488040289872737
1678,1.6117032727405538
1679,1.5049881970154857
1680,1.9420599811588062
1681,1.919318650710337
1682,2.712389757766031
1683,2.8008744629413656
1684,2.8760666700178326
1685,2.973950663327871
1686,3.2203363905167066
1687,3.2117208392553844
1688,3.140137806700894
1689,3.01915254577486
1690,2.946530151357348
1691,2.7237528276705363
1692,2.4173757978586523
1693,2.393013869081165
1694,2.3645032622559157
1695,2.2855707126729277
1696,2.362771920250986
1697,2.270011131587889
1698,2.338182700023584
1699,2.3430488769590596
1700,2.313488127523145
1701,2.295695408230949
1702,1.990308793299152
1703,1.767804140237198
1704,1.657474196787209
1705,1.6010620719424558
1706,1.6032818634496286
1707,1.5797683571623822
1708,1.5701703976959183
1709,1.4428922004566855
1710,1.4560694853868397
1711,1.4121668741467834
1712,1.467207479910256
1713,1.5338935608997275
1714,1.5428099887424769
1715,1.5717641246751368
1716,1.6823325221172167
1717,1.6932354604456334
1718,2.0334381649005797
1719,2.0296061068754394
1720,2.0388265173792774
1721,2.0388265173792774
1722,2.2313727923420936
1723,2.0388265173792774
1724,2.0446491632981103
1725,2.0312543327216153
1726,2.230236044267817
1727,2.208478623344586
1728,2.0758819683193703
1729,2.090981459751705
1730,2.3287700190154204
1731,2.0571604937485057
1732,2.1035452488016038
1733,2.2352471998808756
1734,2.2258823266588594
1735,2.2251109913572154
1736,2.322667986568833
1737,2.356723879336327
1738,2.3895604729236894
1739,2.3579232625392703
1740,2.3966657191657776
