,0
0,1.1934850545399032
1,1.2091019252111788
2,1.3160523357854854
3,1.3385602184670857
4,1.2855927695837874
5,1.3016841949205413
6,1.2970090248154869
7,1.3997399353667301
8,1.5456633185789939
9,1.4011601356873973
10,1.4003729895687955
11,1.4867597676599702
12,1.4486267849140204
13,1.551316685211118
14,1.3203131538719144
15,1.4098615826487704
16,1.3158834585513337
17,1.40903664866416
18,1.5268804122005686
19,1.4261146313656332
20,1.6135396696013904
21,1.2752871754556487
22,1.3065848653025585
23,1.2776417853317081
24,1.2689279817634063
25,1.2723956154554554
26,1.313089006667369
27,1.3057052757168561
28,1.2442551979916379
29,1.1660896457868137
30,1.2109304292469238
31,1.128809816764746
32,1.0141845342931475
33,1.011881281421306
34,0.9698927486306683
35,0.929148459320208
36,0.9660588454012027
37,0.9764694408892676
38,0.9437809070899376
39,0.9664880463724259
40,1.0113639589100998
41,1.0702845457882892
42,1.199901886965996
43,1.2142429449422527
44,1.2681630895934397
45,1.310714694232035
46,1.249134387768075
47,1.215761705307199
48,1.2140469587839013
49,1.1664939637597513
50,1.2161361172255665
51,1.292388117317759
52,1.303659838785745
53,1.4276029667972758
54,1.564505428841061
55,1.6044978780406334
56,1.8159708517520738
57,2.0040102718430868
58,2.1991384285389466
59,2.281347084028231
60,2.77521301953007
61,3.2945056126418986
62,3.8438146822549686
63,4.25423463737604
64,4.341474714399633
65,4.449393461087446
66,4.889414754644936
67,5.376225311081702
68,6.224765876855837
69,5.244249590693467
70,6.036557128335887
71,5.389859313256324
72,5.750222605839281
73,6.109383702933038
74,6.083532840856174
75,6.053222179424582
76,6.000968592217594
77,6.010616982711682
78,6.016628444699986
79,6.016628444699986
80,6.016628444699986
81,6.009026272603077
82,6.009026272603077
83,6.009026272603077
84,6.009026272603077
85,6.009026272603077
86,6.009026272603077
87,5.992620211997017
88,5.977043271972537
89,5.973280544880509
90,5.986608750008713
91,5.968278930887267
92,5.977043271972537
93,5.977043271972537
94,5.314880928164772
95,5.195584504567539
96,5.106448840322395
97,4.907343927202511
98,4.367500965699071
99,4.293709003979111
100,4.112745682036677
101,3.917932151657618
102,3.776966533931903
103,3.2249447022617495
104,3.6331578415606454
105,3.431728306186137
106,3.5258726934075746
107,3.4881038753068463
108,3.3167831929171827
109,3.4487248557172965
110,3.493453441553736
111,3.5166230341086497
112,3.5014081247994673
113,3.5193050829108246
114,3.364933425760583
115,3.421215514895182
116,3.45803735101919
117,3.4723156658485896
118,3.456303016061913
119,3.5031894287401455
120,3.3151788184801814
121,3.3416141457893156
122,3.432848338788687
123,3.4538328305974213
124,2.9989875888262945
125,2.747195880780693
126,2.590039149378862
127,2.2461734281071464
128,2.255856366380742
129,2.0664088189204213
130,2.0410162331093797
131,1.823720636418668
132,1.8089607821914928
133,1.6245961206603805
134,1.5471247026840929
135,1.6440450508405506
136,1.5030494518508413
137,1.495524369294664
138,1.492708681002492
139,1.372246294514649
140,1.313719274707131
141,1.4059538236730669
142,1.4211578728411107
143,1.4316430359519061
144,1.473337984773691
145,1.4813743097069836
146,1.527202735298659
147,1.6837855209162949
148,1.911643657387959
149,1.9761923475586514
150,2.336937203156909
151,2.8825308569096944
152,2.9508289122234617
153,3.495463980156452
154,3.7422359386665405
155,4.108160952932476
156,4.45895033876634
157,4.502145680792685
158,4.430685767746452
159,4.578244503196379
160,5.125949804129968
161,6.1364194718079785
162,5.211968013084431
163,5.973321543707558
164,5.1731115901026055
165,5.136627086997787
166,5.2987600363538885
167,5.939193255143483
168,5.9466275909830815
169,5.972041864014029
170,5.990791925860022
171,6.000261931517807
172,6.001375767552573
173,5.252458769162789
174,5.17432135692616
175,5.609720569148213
176,5.109837399168655
177,5.200252764036576
178,5.2592791923024995
179,5.911491906705439
180,5.777714212355353
181,5.786478553440624
182,5.073599462467341
183,5.016118005789986
184,4.516643817353904
185,3.9517962354903617
186,4.326480835829883
187,4.286962673272881
188,3.9343659341822126
189,3.9221940359651932
190,4.359155992972169
191,4.080214912695857
192,4.842095475772222
193,4.301030124396855
194,4.5165666368070845
195,3.9256857730427037
196,3.7367924310455214
197,3.3540067697039286
198,3.8913722131642032
199,3.5953198231421983
200,3.2231555624457937
201,3.3133612574020472
202,2.920016291337269
203,3.2924972121866296
204,3.269157772362014
205,3.4396476670179337
206,3.3665318113273375
207,3.3689413521278153
208,2.932403138059174
209,3.1270662766095025
210,2.9550336662555994
211,2.785930418495161
212,2.9041538977707946
213,2.633742392225734
214,2.632614293425445
215,2.844379892638595
216,2.7702977342133512
217,3.125563004507014
218,3.1628583798114467
219,2.9557569068210685
220,3.0355502362294
221,2.5622877967135897
222,2.4808061156822996
223,2.623884142930275
224,2.412622624308307
225,2.6125111325497716
226,2.4499478495183387
227,2.4869639333812037
228,2.6179663293808635
229,2.6118646186550536
230,2.436361467022525
231,2.568103076775885
232,2.5997760876100933
233,2.350947495091269
234,2.3053099949544955
235,2.297701085408867
236,2.2483172213348444
237,2.0510019853046217
238,2.028625830227792
239,1.7981271561356713
240,1.6989867979790907
241,1.8566316018783022
242,1.9953483140949797
243,1.8615016906793822
244,1.7100362756767837
245,1.6112491134935845
246,1.5485041076812256
247,1.4979483972407444
248,1.4056158388600117
249,1.3818283214030729
250,1.2924772334967078
251,1.3181034924278636
252,1.3794851367712153
253,1.3531482572339784
254,1.3759172365487309
255,1.4236381384904948
256,1.3527271073449016
257,1.1308535751182769
258,1.1180942079657652
259,1.0742421666724364
260,1.1439618202664465
261,1.249899914650763
262,1.4465944086164422
263,1.4763125302455138
264,1.842553603108621
265,2.272126184258869
266,2.700961461720019
267,3.1143857224925804
268,3.427067542896825
269,3.3619135751658717
270,3.126293879146968
271,3.0607327372651256
272,2.82214807048802
273,2.6083139788909144
274,2.6293250323154314
275,2.544621517389389
276,2.674890738583847
277,2.604981127910172
278,3.1685089048111297
279,2.913503942236564
280,3.1376579076080255
281,2.6366519565045663
282,2.451033640794495
283,2.4782425276337765
284,2.378521256570329
285,2.052160567555833
286,1.9006226646428128
287,2.1800189585662286
288,2.2177231441245913
289,2.496250230389557
290,2.272014465560388
291,2.435891591642633
292,2.2804956642196212
293,2.2434477499835506
294,2.268200855003691
295,2.107533321357262
296,2.03512182232904
297,1.875903904007126
298,2.12739701240984
299,2.2277469254498703
300,2.2319150599883817
301,2.056671589206693
302,2.0628171119244803
303,2.1905278057987547
304,2.080122528183309
305,1.9794303771496735
306,1.9581919797854055
307,1.661171498679857
308,1.7104258480907613
309,1.633361167011037
310,1.5787625944702441
311,1.543761876155054
312,1.5347448776382013
313,1.6518381674999976
314,1.5751191084525247
315,1.6148390004797328
316,1.5230482192822101
317,1.5153296357249668
318,1.2769765064522833
319,1.142681861776946
320,1.2175564622602508
321,1.3500352233908348
322,1.3903435635983252
323,1.4949384258388683
324,1.4915765040271611
325,1.649188304562434
326,1.735988638731621
327,1.701829561947936
328,1.6887597975898114
329,1.5727708569126648
330,1.4965066503157887
331,1.3990377570032226
332,1.4475377377361547
333,1.7323909385002365
334,1.8779772509077863
335,1.8842784662011836
336,2.0674634973893182
337,2.031357843164838
338,2.299932051812139
339,2.270954382806979
340,2.07880354556968
341,1.788114664791987
342,2.0610076732934055
343,1.8733187994130718
344,1.7859569554094676
345,1.8323193797856925
346,1.7054993398856002
347,1.7286033026436087
348,1.6983762484109277
349,1.8679298290085797
350,1.744828324035844
351,1.6962665477717382
352,1.841557530979046
353,1.8455553174447001
354,1.8578174205864362
355,1.9825388965399975
356,1.9694629012304485
357,1.911550806273794
358,1.9771287839540377
359,1.9823118514229745
360,1.9850871194644404
361,1.8964580211828548
362,1.8516718094360056
363,2.0307874273065245
364,1.9699649784447466
365,1.9671514727657469
366,1.9378599727807295
367,2.044942006109243
368,2.1782193360283117
369,2.2084771290093697
370,2.1579566432141033
371,2.184434508655471
372,2.325276232992971
373,2.117914247265304
374,2.392592336361687
375,2.346955641905879
376,2.4306742021829737
377,2.566623785243426
378,2.6877866323611794
379,2.712902820446876
380,2.448746658809022
381,2.4057983456935594
382,2.2460871246162863
383,2.4706769346435933
384,2.4667137320284254
385,2.6309519122374496
386,2.680346865880526
387,3.066108038529972
388,3.3031989308133998
389,3.5109321363357484
390,3.332591514711847
391,3.488549659372314
392,3.4951947127635377
393,3.226293877133603
394,3.0757379672172025
395,3.0097338955948527
396,2.902272850694684
397,2.994572805918545
398,2.906996368049601
399,2.9011612562397455
400,3.0202689550729027
401,3.0514399142615236
402,3.290587500474134
403,3.2119307355478717
404,3.3885521228659075
405,3.368438948480804
406,3.2964206506026574
407,3.318476887207972
408,3.6021873474281767
409,3.3480046141260233
410,3.261391263815463
411,3.1407138737607836
412,3.087916248938165
413,3.540702581185337
414,3.34789459450999
415,3.279766563472953
416,3.4922188076884444
417,3.2069046096056963
418,3.143377356374127
419,2.849116762924394
420,3.182473577561114
421,3.02755915583824
422,3.093587650356428
423,2.8848311820457533
424,2.725227122333476
425,2.834119533099987
426,2.818402675473636
427,2.7975160670464123
428,2.4848296380719765
429,2.429615774208864
430,2.3019589416680093
431,2.2969496853873133
432,2.204024518874619
433,2.2271423176026954
434,2.066694871328003
435,2.1463701899964427
436,2.268466101441108
437,2.105767747672604
438,2.077793813807348
439,2.0452862404473584
440,2.0809479857944626
441,2.0118744526420747
442,1.961696290543676
443,1.7118910715881797
444,1.656604763391973
445,1.863848359367356
446,1.6740978162275628
447,1.7717210193816955
448,1.7684796562056209
449,1.872444544472708
450,1.802377838703576
451,1.9233060215012519
452,1.8839239469726174
453,1.7928666120085806
454,1.656295615204197
455,1.5494545999773952
456,1.4899845769351623
457,1.4624332986842723
458,1.4601085298049947
459,1.26835168434981
460,1.2739677248497125
461,1.4129143665618988
462,1.3709749385251122
463,1.3531175030489309
464,1.4501747183992038
465,1.4350703224318573
466,1.4188038906517253
467,1.3123907187807182
468,1.1414172335989186
469,1.1436981923099605
470,1.0343392626122137
471,1.0830528226667397
472,1.1203190203367386
473,1.117464021069539
474,1.1337735404286515
475,1.1169168091631823
476,1.1520231667865077
477,1.2313444993547418
478,1.1986032423425277
479,1.405951816667017
480,1.3092661537468053
481,1.2293921908150254
482,1.3097189414325145
483,1.1916675728019632
484,1.1873303240907882
485,1.2302374980014033
486,1.4896383982895751
487,1.608972846740144
488,1.590517681254635
489,1.6721076186054105
490,1.5630153964625504
491,1.5406507785378385
492,1.5208792741475259
493,1.3452616993204645
494,1.3586332786640158
495,1.4415640420139648
496,1.4923002722269072
497,1.5179580743774572
498,1.5269080162463327
499,1.7691525112478017
500,1.9097164053447782
501,2.4053202369319457
502,2.467942658668397
503,2.2449051569683176
504,2.2723106828081074
505,2.0493395858611376
506,1.919332492809553
507,2.2374435198094416
508,1.918836099416338
509,2.039982960778268
510,2.11638640049235
511,2.053586623239641
512,2.236689973194251
513,2.379893751602797
514,2.4529462036503054
515,2.255374122548367
516,2.110968762063264
517,2.340848437503222
518,2.2664878833242867
519,2.416073917032509
520,2.4945550972450192
521,2.7332802025279093
522,2.8804239462351826
523,3.205036443186047
524,3.116549002110646
525,3.6587009754916897
526,4.389616050261205
527,3.8896356896520365
528,3.692136650107501
529,3.7639665591912905
530,4.238364050405936
531,4.257973876164615
532,4.306944918858485
533,4.26257730685674
534,4.735001838696167
535,4.773263931133837
536,5.270743024902393
537,5.248098819786896
538,4.945793036214399
539,4.77061464902211
540,3.854975199229551
541,4.133939604692976
542,3.9907062494539183
543,3.7505717706057
544,4.028331677596387
545,3.8283271197289217
546,4.372980314377324
547,4.066648698670126
548,4.646915922887526
549,4.162609513860188
550,3.998265754195395
551,3.706762857454686
552,3.2821448101531554
553,2.8582446093670137
554,2.6928500949641894
555,2.587489148474214
556,2.6443667282790138
557,2.6264904325138967
558,2.8467472278117727
559,2.8628240412901658
560,2.705708948155327
561,2.904144112139806
562,2.918089079483579
563,3.0284023529381874
564,3.185188180839144
565,2.652854766438681
566,2.864390950330556
567,2.5806556907187654
568,2.4045164332949356
569,2.290003592956998
570,2.518978050636385
571,2.518144899009445
572,2.5272704754135167
573,2.453009493197995
574,2.5924963432477797
575,2.7504636754877465
576,2.7884173363881772
577,3.1115498146323235
578,3.309902751263645
579,4.550013470211672
580,4.650858764624552
581,4.620964831724134
582,4.120718746801032
583,4.90260158789142
584,4.971373488573926
585,4.0969400121917605
586,4.599977821057941
587,4.68436117800595
588,4.687310153643608
589,4.705220849778668
590,4.086776387329112
591,4.0403251362063175
592,4.158480241871556
593,4.027039645495115
594,3.5250556038664813
595,3.5075074377699376
596,3.297867035008117
597,3.2966036516192685
598,3.2304256420886994
599,3.23134135895825
600,3.1587937520847924
601,3.4124753303990865
602,3.9228596771732644
603,3.9421530697666967
604,3.469639603134129
605,2.922755310969973
606,2.7915019740507003
607,3.0018751586485335
608,3.192579818466379
609,3.1108785882710652
610,3.212529008199934
611,3.487480110120094
612,3.4977783605198614
613,3.453527572418475
614,3.1657414183558403
615,3.2698736513705486
616,3.158725402520294
617,3.122539677334777
618,3.064818314779241
619,3.0008349422340994
620,3.2033430230327915
621,3.436172957787449
622,3.458857111552636
623,3.6687137215723338
624,3.4558982673064524
625,3.4047270437888826
626,3.0825581387421974
627,3.1908039174500953
628,2.8842485875575923
629,2.921779921631263
630,2.8358696120639855
631,2.5909549823647993
632,2.9772889393380133
633,2.857678902728725
634,3.156999387767618
635,3.3362875293548853
636,3.482191208004836
637,3.5458310525871592
638,3.475971361274962
639,3.2367515028041436
640,3.2083252451802156
641,2.840479936127373
642,2.5790139413294413
643,2.369261774009602
644,2.30203499615883
645,2.037274108784041
646,2.2340841118913315
647,2.2803536647835783
648,2.041316120149679
649,2.098423854332171
650,2.1937492430569314
651,2.069962444321628
652,1.9968014664208424
653,1.7021935844966563
654,1.8226314945220172
655,1.6454149811869334
656,1.5460782838582843
657,1.4771385649423865
658,1.535283702638709
659,1.527917163092453
660,1.5740602231290421
661,1.5633010401955987
662,1.497212653433242
663,1.500610830724949
664,1.5446162137905968
665,1.5046089977089436
666,1.5326860529063226
667,1.658869546395143
668,1.7609036426345142
669,1.8758247267481576
670,2.0215942406336245
671,1.9869031620496125
672,1.8733056596092725
673,1.690259905522706
674,1.7052130802374446
675,1.6762626875951798
676,1.6905284862989038
677,1.8243587527386511
678,2.01547032187552
679,2.2026838542505853
680,2.0713669341348195
681,2.068484856781339
682,2.1884372344073095
683,1.9783168431873726
684,2.185958706660459
685,2.408360970183308
686,2.3287099548276906
687,2.3010527941603294
688,2.2894856370863343
689,2.100231517443129
690,2.352623657578426
691,2.361212329499516
692,2.3172400822458905
693,2.2462854772625396
694,2.0720872888691906
695,2.2744560690453937
696,2.0250257806020975
697,2.1650883924274025
698,2.222646781185658
699,2.180648444521425
700,2.029421660856591
701,2.027803068595267
702,1.7751265745051312
703,1.8327121534245328
704,1.9998297389743556
705,1.9550333393199213
706,1.8846970892685482
707,1.8985132475418804
708,2.022389893660791
709,2.026623965620576
710,1.8049010979521298
711,1.9912463235725006
712,2.032380257014733
713,2.4455431151746385
714,2.0396775670712346
715,2.1014767186845917
716,2.14885695736113
717,2.346073998484315
718,2.356606600802146
719,2.5750606688015423
720,2.6605133916309507
721,2.8527155878894743
722,2.764013510467823
723,3.0919696537738957
724,3.105176433878456
725,3.342174048356609
726,3.3529838973005903
727,3.8665554668750737
728,3.208751050137394
729,3.1553629932850793
730,3.1773093622160533
731,3.206571520307164
732,3.2505140800221146
733,3.1918764552992216
734,3.305780510320648
735,3.3117689479720283
736,3.281688297710441
737,3.9027835171650618
738,3.9549918788814065
739,4.385531384110839
740,4.056760762363945
741,4.055348377597391
742,3.989137493511607
743,3.979279341052936
744,4.031577039184415
745,3.8109797901887563
746,4.02234019430119
747,3.9646212024590364
748,3.98311308837704
749,3.7315933427868058
750,4.414613176153594
751,4.4218818801457
752,4.41854566526919
753,4.075060645226474
754,4.14003187275946
755,3.7779899185488697
756,3.8284545457729524
757,3.649071036018923
758,3.6246386887292523
759,3.3642927932556344
760,3.635757428720364
761,3.403621300330133
762,3.5654397752625857
763,3.5579624775319934
764,3.3793315687890457
765,3.332664035726186
766,3.3718632755788542
767,3.5711704602654457
768,3.3777972038492594
769,3.4812900029447547
770,3.31867681807016
771,3.162179290821546
772,3.039036786678789
773,3.1093745625597737
774,3.1633112173796345
775,3.0847747204535434
776,3.223652521310485
777,3.497964228507103
778,3.1287823408417936
779,3.521133298230668
780,3.224608586749716
781,3.050534066760304
782,3.220694978157143
783,3.1715635793718318
784,3.070438970682605
785,3.306617068794588
786,3.317518106868413
787,3.380788068062134
788,4.025538726293293
789,4.099918418729094
790,4.1309024424534995
791,3.946694353773292
792,3.9846186003785755
793,4.292958765901199
794,4.129288318802853
795,4.4392582025440985
796,4.84703422305548
797,4.585960903342214
798,5.084795814912171
799,5.074251943576016
800,5.05530454835114
801,5.1044991278382685
802,5.046664133395603
803,5.033518007450128
804,4.9641644230400415
805,4.572871810909766
806,4.094538946721735
807,4.031711702910154
808,3.7833375101487796
809,3.6264785155350476
810,3.537310823232228
811,3.2195716866489383
812,2.984085950120996
813,2.879368621953404
814,2.8612938517353252
815,2.885378604403059
816,2.6381729222133306
817,2.872186994457275
818,2.5799872264147745
819,2.3912280378147477
820,2.692292897207993
821,2.86105830097138
822,2.7529339482758717
823,2.834627168914081
824,3.002460481311538
825,2.8776544402853172
826,2.9102812842517096
827,2.6425016447305545
828,3.1445856305471738
829,3.0850949476551106
830,2.6518109115142603
831,2.864441442163169
832,3.185640816939003
833,3.0685171693795454
834,3.2436613359439366
835,2.980787129364212
836,3.0543006519531306
837,3.27319378529689
838,3.1651180006884587
839,3.462067133180067
840,3.7074414501536523
841,3.5420982902055402
842,3.702841156336289
843,3.5417997052590273
844,3.529024820678735
845,3.5479782883545212
846,3.4708835183441074
847,3.5966328867076065
848,3.5112573117247146
849,3.477807676484841
850,3.854803898717144
851,4.5899495384825215
852,4.580867137103843
853,4.710352183504611
854,5.098668590224682
855,5.0806549804631915
856,5.068193003113282
857,3.888243801221159
858,3.9180575341017083
859,4.0001100782205405
860,3.938965331182506
861,3.930571614995067
862,4.012166186760769
863,4.588384933088463
864,4.5946560954415565
865,3.8771781939415426
866,4.143396479692426
867,4.033409521409608
868,4.03855594428813
869,3.9601829539853153
870,3.8204825560733267
871,3.4950243452771046
872,3.4424811720610005
873,3.294746061158388
874,3.4516503462133654
875,3.133518942598383
876,3.3606752927394226
877,3.3264252654389606
878,3.5654113061351405
879,3.1710148625579286
880,2.9591547102790843
881,2.7050466823567
882,2.374576628878982
883,2.1529902373717196
884,1.9989129103895893
885,1.6597024400009
886,1.5172142322134312
887,1.3262728690959202
888,1.1285034531326943
889,1.072100702828548
890,1.0084661275243312
891,1.0099124208353687
892,1.0040492520903073
893,1.1144507488862947
894,1.0266207839188386
895,1.1398218366414747
896,1.1510860600332558
897,1.1971777268372947
898,1.2073568404428676
899,1.3032298078328985
900,1.4907898410076497
901,1.7528962766045906
902,1.629132660988974
903,1.611151443729931
904,1.6866980164247622
905,1.603998975209195
906,1.5703177049863628
907,1.4421071709526183
908,1.5088757663790535
909,1.4743436518348831
910,1.749982115274619
911,2.2602536572584113
912,2.8752230712905553
913,3.260193736033379
914,3.623379264059698
915,3.95661312662863
916,4.220080394646479
917,4.321034896881955
918,4.540359289464284
919,4.810102365418267
920,4.766145576681689
921,5.328899796453623
922,6.193975691933232
923,6.216074357212161
924,6.202062469251666
925,5.822026546887578
926,6.10489123173
927,6.045020259509649
928,6.0456373577474345
929,5.97596778983285
930,5.801376843889466
931,5.108137235178147
932,4.989408959445189
933,4.941624991698583
934,4.101451642823334
935,4.177352097488827
936,4.350710947001711
937,4.386975843882732
938,4.150433590203144
939,4.306170559403032
940,4.378505827908052
941,4.294703856085532
942,4.0724426982961965
943,3.9440835638446035
944,4.041284396202228
945,4.33891541644904
946,4.352269366410358
947,4.3645458113148035
948,4.783754481157024
949,4.92368049827811
950,4.539530273775547
951,4.605753461483805
952,4.531604558442496
953,4.939502729804481
954,4.952282244582852
955,4.525923738851417
956,4.416925544594214
957,4.464931436339387
958,4.504746270277121
959,4.923967446401567
960,5.7447720456548055
961,5.192382798114099
962,5.057649809363717
963,5.031005158476972
964,4.6621081412157706
965,4.7870686554923845
966,3.773352932580443
967,3.317265051102212
968,3.3472693922893795
969,3.392305483336226
970,3.272105344295624
971,3.2341525159791247
972,3.2524924087206184
973,3.4354282891711616
974,3.4229349066092354
975,3.3902306681532988
976,3.267579196372341
977,2.828712240985955
978,2.8261918533166144
979,2.612582341033206
980,2.58349513839921
981,2.784997246742308
982,2.3508882284604082
983,2.2746362783772995
984,2.635208961120632
985,2.803114312252969
986,2.5702011168367687
987,2.3406094807956603
988,2.2618142614737256
989,2.143886432452868
990,2.0362120028365758
991,2.0095446827668524
992,1.9061564081213886
993,1.6301283080001259
994,1.62417049023842
995,1.6261128870823027
996,1.6192672576218228
997,1.6099226912473588
998,1.6362550438413765
999,1.528719709336785
1000,1.5289180133124232
1001,1.4323188428651807
1002,1.443117358660859
1003,1.3209606796698534
1004,1.479052658756152
1005,1.4979449642792872
1006,1.556190207049883
1007,1.422311992825242
1008,1.3869386178591463
1009,1.387460828214961
1010,1.3441147171342906
1011,1.4651949700803535
1012,1.4234913230197301
1013,1.344310755359206
1014,1.2063717008341572
1015,1.2980366878723362
1016,1.2563849162873497
1017,1.6057029108962109
1018,1.678952743677272
1019,2.3319401989722612
1020,3.2208455494204618
1021,3.7872501683997557
1022,3.9077064197983042
1023,4.175169328336737
1024,4.1020419467420135
1025,4.531251613520015
1026,4.261632742301715
1027,5.173217087096793
1028,5.226283648852238
1029,6.057673376535263
1030,6.018382997192942
1031,6.127275863990202
1032,6.132312985725905
1033,5.775893728473313
1034,5.778881745873691
1035,6.033415497074338
1036,6.005630253789358
1037,5.711730334491064
1038,5.923854235069009
1039,5.8850038019027915
1040,5.940052911993879
1041,5.931288570908609
1042,5.940052911993879
1043,5.940052911993879
1044,5.940052911993879
1045,5.940052911993879
1046,5.621136713764426
1047,5.9341973564383235
1048,5.168918382659228
1049,5.1374602266360165
1050,5.522935833705048
1051,5.195743079522298
1052,4.679259986329604
1053,5.0766326290289605
1054,4.904709043464365
1055,5.096980916621092
1056,4.6013593451786035
1057,4.611287158400322
1058,4.464146396794954
1059,4.434357354137139
1060,4.0851725042202425
1061,4.071353323230442
1062,4.025278050920603
1063,4.442610157689274
1064,4.448975758835875
1065,4.227819480648298
1066,4.825953231034096
1067,3.8501314307520147
1068,4.102061582784641
1069,3.8099012973412663
1070,3.597690440843307
1071,3.2739239765136934
1072,3.442272454480061
1073,3.061593061765347
1074,3.1887301226150044
1075,3.1040857312765726
1076,2.978223966743463
1077,2.9265640514551743
1078,2.787132151805721
1079,2.944172280221932
1080,2.9378868827862727
1081,2.913850023927259
1082,2.740077908766247
1083,2.713057057349683
1084,2.6649347007518216
1085,2.4222223495947506
1086,2.7557176692186554
1087,2.5846299410008617
1088,2.543814481256989
1089,2.881390069897689
1090,2.8586452186064424
1091,2.6994256608588185
1092,2.5773805664967107
1093,2.676493408265285
1094,2.2506823369118845
1095,2.2328126701912994
1096,2.213574652760046
1097,2.199979854727653
1098,2.049181028469838
1099,1.7656971166541142
1100,1.6324271969734743
1101,1.6029797524395337
1102,1.5864476800747869
1103,1.4922272323187364
1104,1.405719236303852
1105,1.3892617713116011
1106,1.3224576813485365
1107,1.298058544423069
1108,1.319622593527093
1109,1.2215043473948848
1110,1.232917767044756
1111,1.311442443745398
1112,1.2444275549963246
1113,1.3057492434735765
1114,1.3258964447447406
1115,1.4573064747608335
1116,1.634459748919147
1117,1.6238440097602942
1118,1.4378151880208232
1119,1.4739886053014057
1120,1.432215439318978
1121,1.348028614168761
1122,1.3259871638830831
1123,1.4626937720749504
1124,1.4934502623905803
1125,1.5614333914834309
1126,1.531617448208823
1127,1.5385948833979166
1128,1.6402889315750098
1129,1.5739044378338831
1130,1.6512122831124745
1131,1.7017602342610934
1132,1.6715749220535154
1133,1.6794603129514147
1134,1.732221901678268
1135,1.9505681740822345
1136,2.0254184909068904
1137,1.882803153999857
1138,1.8813393655494943
1139,1.9642761819192744
1140,1.8454321501977384
1141,1.7890297230407501
1142,1.8729048662272327
1143,1.8728604525158352
1144,2.069097886659134
1145,2.0824743065508504
1146,2.40334649456687
1147,2.4752142975835563
1148,2.648673895479367
1149,2.824691297471146
1150,2.92828963248871
1151,3.005457484911319
1152,3.3577827716201307
1153,3.139316059103168
1154,3.0625325711709945
1155,3.495969349799578
1156,3.5513572490942935
1157,3.610008541175621
1158,3.8713635860013036
1159,4.135418008750402
1160,4.348558107200187
1161,4.339324435824606
1162,4.57445267033079
1163,4.7462145088024394
1164,5.229650979548236
1165,5.281213894185367
1166,5.243413196536659
1167,4.707233342345898
1168,4.663382354705106
1169,4.557806926178433
1170,4.5475329496245624
1171,4.0848976561689705
1172,4.030000653144369
1173,3.82220721529212
1174,4.006691835119894
1175,3.856789560006463
1176,3.8591012168883245
1177,3.802621401293344
1178,3.146853466768815
1179,3.0284835527515117
1180,3.4827803363675605
1181,3.571842741386834
1182,3.598759413584411
1183,4.188420020671234
1184,4.199817056205098
1185,4.418169052158484
1186,4.206746307184879
1187,4.686511138784722
1188,4.701687641906565
1189,5.193989376379189
1190,5.176970512812682
1191,6.089738987131386
1192,5.842773129876569
1193,6.12082601092555
1194,6.13797145787626
1195,6.146735798961532
1196,6.144764297986873
1197,6.075077190693063
1198,6.075077190693063
1199,6.010191235397662
1200,6.00320117436889
1201,5.960199008480313
1202,5.948954722766026
1203,5.948954722766026
1204,5.941352550669118
1205,5.941352550669118
1206,5.941352550669118
1207,5.941352550669118
1208,5.941352550669118
1209,5.932588209583847
1210,5.941352550669118
1211,5.941352550669118
1212,5.941352550669118
1213,5.941352550669118
1214,5.230228408853008
1215,5.924207103718408
1216,5.922877098472736
1217,5.0193517961711
1218,5.4393431006842885
1219,5.049206249710091
1220,4.489842991367663
1221,4.873974819867281
1222,4.13880959037407
1223,4.941216961962792
1224,4.504877255061444
1225,4.312564800549403
1226,4.05104258181868
1227,4.3133337411026
1228,3.814043328848012
1229,4.161677590196854
1230,4.0087226834551135
1231,4.296531522230712
1232,4.032688540377367
1233,4.21948762086607
1234,4.176255681544689
1235,3.96783141827689
1236,4.3069728641891425
1237,4.489087206587065
1238,4.171897403682189
1239,4.763654592091108
1240,4.746331755955402
1241,5.203813956652733
1242,5.247061080727403
1243,5.958741676519466
1244,6.032361051798628
1245,6.019032846670424
1246,6.0227568281586334
1247,6.000565216742265
1248,5.218955206337399
1249,5.821081742570277
1250,5.112307007969088
1251,5.00939574391812
1252,4.787318152833165
1253,4.6983510665060395
1254,4.960111615775128
1255,4.785449980770531
1256,4.977212325034763
1257,5.009360714038748
1258,5.2678455274163944
1259,5.588008973767683
1260,5.9251538737442475
1261,5.180289571340648
1262,5.171602554401227
1263,4.698296268106802
1264,4.379437508951004
1265,4.173600198495802
1266,4.038091103448719
1267,4.410528508799279
1268,4.405965935961962
1269,4.980102972944039
1270,4.089578441118049
1271,4.4494205852450746
1272,4.943253689184328
1273,4.464120931691477
1274,4.301822997305952
1275,3.9906959047600834
1276,4.465742513683759
1277,4.05561016331286
1278,4.0277829853926015
1279,3.7422504444251694
1280,3.906362785560642
1281,4.005221867164172
1282,3.8465923116520684
1283,4.016971609072329
1284,3.958551539142291
1285,4.075611755993564
1286,3.667951834050454
1287,3.6101007890077454
1288,3.2381839681397575
1289,3.0752147802395893
1290,2.8626768737167576
1291,2.986769422545688
1292,2.990745813286266
1293,2.8153155875291693
1294,3.0263505870398157
1295,3.1365998712821215
1296,3.3380632268462924
1297,3.1997861010058886
1298,3.007905738602232
1299,3.044117064481418
1300,2.8352117804347348
1301,2.9973355720313997
1302,2.6676062226674007
1303,2.780319682618785
1304,2.8034811508512347
1305,2.7810661595405435
1306,2.887969052937818
1307,2.8771559838472145
1308,2.9614095938490923
1309,2.8884578871929585
1310,2.859425328623752
1311,2.7453776553418643
1312,2.5503085605518234
1313,2.783623599471654
1314,3.0712720551043056
1315,2.9025846571120026
1316,2.849511894641394
1317,2.604997351168772
1318,2.4160567010331717
1319,2.4804488004825678
1320,2.2776199170598947
1321,2.3657031949609757
1322,2.7104982138539957
1323,2.8333108863420797
1324,2.6989827793852426
1325,2.7142735200140073
1326,2.5743501797659336
1327,2.5788205948201806
1328,2.446717259439683
1329,2.898414645252718
1330,2.8138966050317324
1331,3.313222843178015
1332,3.435547521731924
1333,3.444788203863494
1334,3.7113643352618224
1335,3.5732774857584215
1336,3.840031009651839
1337,3.970268821142173
1338,4.29230570482892
1339,4.468216757070611
1340,5.220100100229588
1341,4.843528009447705
1342,5.23300309353631
1343,5.207292378549332
1344,5.809966868884172
1345,5.435287918916669
1346,5.143462853921635
1347,5.068576037495301
1348,4.147965754857008
1349,4.521550299314635
1350,4.421494629120669
1351,4.524909349504581
1352,4.008954277246907
1353,4.652880396680285
1354,4.610321653481004
1355,4.631192197480847
1356,4.870909720750389
1357,4.936150352155224
1358,4.980423129119473
1359,4.858411774428112
1360,4.758560182770031
1361,4.3985460668624015
1362,3.9656945021284256
1363,4.363113416873762
1364,4.451216981911603
1365,4.507227266688012
1366,4.515416361515449
1367,4.469238541618766
1368,4.471064401618651
1369,4.430641957989754
1370,4.372124502633441
1371,4.449001179683242
1372,4.3247708985305
1373,4.002814727435867
1374,3.987754789834012
1375,3.5965922335190417
1376,3.3188351212730236
1377,3.4060350456736206
1378,3.3414583524340262
1379,3.2656237441654676
1380,3.385966859194034
1381,3.295257593833325
1382,3.444128409596847
1383,3.232926706169841
1384,3.223637778160441
1385,3.1271200908522907
1386,3.2261585421628673
1387,3.1162169631870835
1388,2.786701298057263
1389,2.7635068158372564
1390,2.626899412980253
1391,2.7640191744593143
1392,2.3573820390674998
1393,2.4935067898589764
1394,2.573832977429601
1395,2.4541366697714997
1396,2.724303913053437
1397,2.34482183557257
1398,2.316305388687345
1399,2.346641613719535
1400,2.268403830842741
1401,2.351830118931492
1402,2.2698406968707046
1403,2.2756074152313337
1404,2.351009035527066
1405,2.3141261667128705
1406,2.846295575264109
1407,2.98699506093346
1408,3.169054684476447
1409,3.4444889790765023
1410,3.255164385041002
1411,3.0815453868793976
1412,2.669146938866252
1413,2.8199860409136104
1414,2.97706139375934
1415,3.1130982396572064
1416,3.1376030680490645
1417,3.1655206664301816
1418,3.4823751537269225
1419,3.686475488964909
1420,4.285490560226518
1421,4.092657269223908
1422,4.035032513547621
1423,4.000498251736348
1424,3.501926411007699
1425,3.245537594228837
1426,3.03265446642912
1427,2.816910804363161
1428,2.998163913121394
1429,3.093473274350828
1430,2.8465397687269585
1431,2.844596978998561
1432,3.185264381297793
1433,2.859086827144863
1434,2.626261496815995
1435,2.6632775146187537
1436,2.4981404404712038
1437,2.64631481954747
1438,2.6797051457526657
1439,2.8074205179934997
1440,2.652314412292451
1441,2.673638769567052
1442,3.0003075687077936
1443,3.241757454992614
1444,3.313367916114762
1445,3.247953631695723
1446,3.351431087660719
1447,3.3940443914241203
1448,3.3562370522001124
1449,3.4581788635069204
1450,3.287430914059476
1451,4.007085075654564
1452,3.4280449604300536
1453,3.357557945943201
1454,3.323216547794642
1455,4.431211252629093
1456,4.4564125621706365
1457,4.43888683434052
1458,3.9696573394286965
1459,3.7568573211311613
1460,3.3792485785581468
1461,3.3484120083977813
1462,3.3248328475504856
1463,3.180487555903592
1464,2.7940506407201733
1465,2.934951849633682
1466,2.8440172216255206
1467,3.136104589270545
1468,3.056325879145537
1469,2.622317252461889
1470,2.453865571994523
1471,2.7179570600165146
1472,2.948826380499598
1473,2.549887373418481
1474,2.728221338881753
1475,2.762604273241724
1476,2.5577804307588665
1477,2.2673139189146436
1478,2.2233523068815124
1479,2.273296115916105
1480,2.2452441491288635
1481,2.273062285802876
1482,2.486276810416848
1483,2.8120146017313923
1484,2.736849596431786
1485,2.8005064391420844
1486,2.837601332544485
1487,3.087447313209076
1488,3.4780414623591
1489,3.733347039695745
1490,4.184414269147246
1491,4.5808622146426465
1492,4.670252194188666
1493,4.663358363960329
1494,4.574458413219016
1495,4.443827728048085
1496,4.6208936009420505
1497,4.657038602424598
1498,4.175156334008578
1499,4.348094158423914
1500,4.0535079548774595
1501,4.013742508946387
1502,3.7046207364870805
1503,3.132380077898312
1504,3.1817475894470513
1505,2.871912489615933
1506,2.621465167629873
1507,2.342865484175184
1508,2.013521784513514
1509,1.6944182849434275
1510,1.56034546990184
1511,1.5151138692646522
1512,1.4158227249044413
1513,1.5746125169577703
1514,1.4868999473769728
1515,1.769138320261273
1516,2.002149515360878
1517,1.8823843986111244
1518,2.2778358558692133
1519,2.2579972003678055
1520,2.3492940666253928
1521,2.685447326503215
1522,2.8173448040174143
1523,2.581420432902983
1524,2.8140776776376026
1525,2.819887540980425
1526,2.6681223849168187
1527,3.0373135690046054
1528,2.929246549005271
1529,3.0710938133793313
1530,3.1479379135597
1531,3.019059726965967
1532,3.0227348159186764
1533,2.673102306338058
1534,2.955408283073802
1535,3.1286473838744056
1536,3.137245702605649
1537,3.0762371562880397
1538,3.024658421846419
1539,2.9180363458163514
1540,2.760532512524669
1541,2.5775570960657155
1542,2.7964766077022674
1543,2.5607352112158517
1544,2.8304348441268123
1545,2.7035103293538936
1546,2.776145129785862
1547,2.881679948455567
1548,2.886924011663837
1549,3.0387591708189685
1550,3.1285549707317952
1551,2.7486378684846677
1552,2.870208351061865
1553,2.584748348659127
1554,2.5484843697805197
1555,2.7664036180091616
1556,2.403437410120119
1557,2.3763561625861422
1558,2.400820947553662
1559,2.387275767791336
1560,2.33970414599528
1561,2.26962653451902
1562,2.263997537721128
1563,2.1860496746946234
1564,2.2741074316230443
1565,2.617657225513063
1566,2.9860331426539837
1567,3.100194378826245
1568,2.833756361605937
1569,2.8177300067389353
1570,2.8326532710866092
1571,2.8483489705632055
1572,2.9179489102062552
1573,3.02780350935558
1574,3.049739052336828
1575,2.932268723860535
1576,2.929292469816738
1577,2.630669747072849
1578,2.334751009235276
1579,2.240520692653285
1580,1.8776614453152363
1581,1.9829191640165829
1582,2.357453793245477
1583,3.1231707006442684
1584,3.145875231522168
1585,3.1964892094581954
1586,3.1141976517530594
1587,3.039963864839844
1588,2.83210759719921
1589,2.6006318234246644
1590,2.43832985883469
1591,2.429426177692102
1592,2.3514127209218882
1593,2.646220910892127
1594,2.4553989941480063
1595,2.514451840138588
1596,2.5639657416055477
1597,2.9021413037491666
1598,3.173066933135401
1599,4.7352097034720595
1600,5.477200100374147
1601,5.3292402255505325
1602,5.284098523517407
1603,5.982039555223239
1604,6.062254123022243
1605,6.054914920697729
1606,5.841750288928138
1607,6.0588242425505445
1608,6.058129887223154
1609,6.08597289462946
1610,6.079476770598452
1611,6.0309470246111285
1612,6.04961417399921
1613,6.033247660817028
1614,6.020215570925869
1615,5.998501657986957
1616,5.147505554817964
1617,5.91659758849996
1618,5.223850696225314
1619,5.016435065952871
1620,4.879445298826998
1621,4.311859935561296
1622,3.798446687959609
1623,3.649606559843564
1624,3.5038660879648047
1625,3.241999707901413
1626,3.1512823176415763
1627,3.056130693964777
1628,2.9877298513245414
1629,2.7322224306365825
1630,2.6070162131760757
1631,2.240270072984864
1632,2.0555371770250166
1633,1.81984796013977
1634,1.9535684459485823
1635,1.586094281364103
1636,1.442525796001799
1637,1.647700622519266
1638,1.8276308486268178
1639,2.2696589050879785
1640,2.752996236210396
1641,3.3566565748399397
1642,3.365142905316506
1643,4.0555732164975415
1644,4.058963630462581
1645,4.522675138386263
1646,4.59183143913279
1647,4.505511500107671
1648,4.49922659488199
1649,4.084929798891097
1650,4.079913961200654
1651,3.992623482871044
1652,3.997148787070203
1653,4.385410889857469
1654,4.397099907501305
1655,3.7760973054025517
1656,3.5975925008705762
1657,3.7138626693427104
1658,3.187006667411267
1659,3.017012449732777
1660,3.0016897713348927
1661,2.919212649019316
1662,3.105000869335221
1663,3.2137458562744428
1664,3.2334587660380953
1665,2.8233854168293986
1666,2.869418084780288
1667,2.9634222831587262
1668,3.063730894238618
1669,3.211319171603791
1670,3.111946196307122
1671,3.1508509960555835
1672,3.1250775079576107
1673,2.8796078358947117
1674,3.086895275213748
1675,2.888573615365997
1676,3.0796707719045067
1677,2.7679003933662822
1678,3.1384979296860216
1679,3.3001836917861276
1680,3.1700992466697713
1681,3.322244213084415
1682,3.5083949624501667
1683,4.622533029791758
1684,5.156971476838629
1685,5.210077508161462
1686,4.970675796971911
1687,4.87186434333715
1688,4.827601307310867
1689,4.053414295601418
1690,3.948482280897853
1691,3.982316140033447
1692,4.510513134726992
1693,4.586430064879077
1694,5.093993343515853
1695,5.146763142197346
1696,5.210472695053427
1697,5.580380679278744
1698,5.8591439374191525
1699,5.086764116071326
1700,4.861652743060149
1701,4.460513659477831
1702,3.7131171976598725
1703,3.816952160159441
1704,3.8140976227041437
1705,3.7651650798528618
1706,3.769094373747165
1707,4.460717508488074
1708,3.9669946246334025
1709,3.821617686518401
1710,3.661341978897639
1711,3.5067189229593927
1712,3.3315945361061536
1713,3.3587692201444477
1714,3.2891442736754612
1715,3.2769758456439795
1716,3.296355415913612
1717,3.2988107520160805
1718,3.3599616937483576
1719,3.884795912180884
1720,3.833953456661633
1721,3.47497787977611
1722,3.880932829070622
1723,3.934155056611515
1724,4.143266295352302
1725,4.330153618512278
1726,3.9228452276210337
1727,3.7631811105813266
1728,3.528236045138295
1729,3.406106634789872
1730,3.566811471578849
1731,3.4174668982567193
1732,3.869743606162869
