,0
0,3.712953219405453
1,3.9217938664100456
2,4.8856129436697735
3,5.059333102216236
4,5.170353166120915
5,5.308886672817798
6,5.323911080569742
7,6.3945390597890395
8,5.3881015929909095
9,5.180746454178751
10,4.9062017492543735
11,4.728520428451765
12,3.8275447889200724
13,4.5770886988741575
14,4.79379077344056
15,4.780335839838376
16,4.765758931783991
17,4.776166309032773
18,4.134612091459503
19,3.9071751120377054
20,4.262610302618089
21,4.190136073195157
22,3.9941219560722896
23,4.0333534381820835
24,3.6807784318667816
25,3.1576608086085183
26,3.0214880514571334
27,3.1987654664291982
28,3.4111997409569534
29,3.3040211808780464
30,3.0943127634561165
31,2.9383137301583395
32,3.0115148583827014
33,3.0074213347551053
34,2.8380053006857016
35,2.6034809700508115
36,2.534288142803796
37,2.520651817390809
38,2.4409595722765256
39,2.814841262025173
40,2.9376273597457194
41,3.042031777002798
42,3.7887321804405136
43,3.975291407482371
44,3.980618242402545
45,4.156635162150623
46,4.279746734470501
47,3.7689625175314574
48,4.7403528081949
49,4.7396079485264515
50,4.78756902656875
51,6.727555529103117
52,6.782680452978284
53,6.6024403564992555
54,6.2715725565620675
55,6.836624904663512
56,6.952285141811983
57,6.754969540488316
58,6.738012257285168
59,6.765787059938655
60,4.993101993075556
61,4.921014530300568
62,4.980004269577459
63,5.186928032417445
64,5.034007456478784
65,4.865926874217652
66,4.838293465098748
67,4.831397335626845
68,4.711643951036391
69,4.011455800265216
70,3.7195065967044956
71,3.6825262661729483
72,3.634634538873276
73,3.37344800286977
74,3.54916615254219
75,3.204309001799801
76,2.9032910583383433
77,3.085024140036262
78,3.0887688432756155
79,2.8836767602067517
80,2.7477042391122297
81,2.8474198715341767
82,2.6629003146235886
83,2.3853093087055024
84,2.3847560996020336
85,2.1785144572247406
86,2.121298685737455
87,2.1580219146904875
88,2.2643548944020218
89,2.31466906380968
90,2.522211546884589
91,2.526175103614591
92,2.512689866271573
93,2.535322797630001
94,2.3345856547110695
95,3.024591096889288
96,2.852952793048377
97,3.1440684028008907
98,3.1621602141757337
99,3.2111373936613945
100,3.3127727887283003
101,3.7235865609323175
102,3.323333559008979
103,4.000498708029302
104,4.979533454544666
105,6.654763888607804
106,7.203182395312747
107,7.203182395312747
108,7.175800234605327
109,7.0361599458925435
110,6.711616230865465
111,5.231547803485832
112,5.933492145204097
113,5.902527654686926
114,5.072341026706285
115,4.960427074740283
116,4.892797065650544
117,4.2917260497279095
118,3.82901759999218
119,4.62198854663281
120,4.659051691902827
121,4.14188175218365
122,3.643070734846246
123,3.2306648449628517
124,3.085007132541002
125,2.771046402628614
126,2.7757113521739916
127,2.7517689248664894
128,2.940340089424696
129,2.3898421522645465
130,2.6354882217728863
131,2.7106953048686475
132,2.707606343382299
133,2.6445566124087474
134,2.7105122636499654
135,2.8672214587262372
136,2.9222795180191894
137,3.000684190964959
138,3.149626296605214
139,2.841541747497489
140,2.266907679286878
141,2.352363738440009
142,2.342619058920417
143,2.450731288116171
144,2.683470724845531
145,2.921966184940309
146,4.156058287448919
147,5.898732368600563
148,5.8289430699886555
149,6.320170173744288
150,5.306395752260351
151,4.96708676202936
152,4.952164029765234
153,4.8217393762441985
154,4.245722539852783
155,4.878461241681701
156,3.859779308397747
157,4.930094698409255
158,5.982369983521145
159,5.345428185210485
160,5.026621678456444
161,6.025489131801817
162,6.666936908471211
163,6.547434096422074
164,6.210774770259859
165,5.39303352141983
166,5.221942400489895
167,5.105675254848789
168,5.043517195246829
169,5.099335708381254
170,4.9338182729332845
171,4.379288173248673
172,3.9069941955467202
173,4.264789137346496
174,4.068666826614268
175,3.842826635404162
176,3.5713785432285508
177,3.1319701735604766
178,2.900085318855314
179,2.829042539034516
180,2.7010795381883947
181,2.524217403050327
182,2.251571687128352
183,2.351183539243888
184,2.3195037408838957
185,2.3405753518890413
186,2.322150576319501
187,2.3626941941485016
188,2.3244648904833594
189,2.282277997526857
190,2.3051077586838873
191,2.210673333772453
192,2.174511211944635
193,2.124078588148762
194,2.0464357660684223
195,2.004759078046171
196,2.055734355717327
197,2.0019345682190393
198,1.9999966449583422
199,2.074910131070975
200,1.9844183702715574
201,1.8293120847122206
202,1.6972372600629917
203,1.7236226379383803
204,1.742890157835908
205,1.7850656388026402
206,1.863822325906115
207,2.1432718751399586
208,2.5391010762184285
209,2.9937676191933686
210,3.5135166611746103
211,3.7588060644968913
212,3.926423571832249
213,3.8929852333729635
214,3.8665133089978387
215,3.899812606763449
216,4.088224260872753
217,3.419722812468892
218,3.3685990302220854
219,3.3607140540060474
220,3.6804597458569
221,3.8461680983272766
222,3.3326356735383516
223,3.27980635311743
224,3.096787802298339
225,2.950715162508795
226,2.822511223796451
227,2.57172925894248
228,2.628198621813647
229,2.591207546898254
230,2.7831340300325254
231,2.7513049033151384
232,2.7051894580843583
233,2.6972571398961627
234,2.7686898728357603
235,2.523138345897897
236,2.445088398070631
237,2.2391420101414035
238,2.3554576237321
239,2.4920618827987484
240,2.520060182655602
241,2.5563559910125826
242,2.286152965131755
243,2.417428762971878
244,2.5159324182632647
245,2.6055903510753873
246,3.414090319928154
247,2.784809319102141
248,2.503598466145584
249,2.4715289828393674
250,2.451629215005825
251,2.248732063181381
252,2.3054686239376276
253,2.0729403571959417
254,2.052250931267131
255,1.8902473329777856
256,1.8696066353318483
257,2.0096000308001516
258,2.0176668278765675
259,2.0199776817839914
260,1.8093218483221856
261,1.7683766327255173
262,1.9377225976898427
263,1.7662036408006703
264,1.6789688215576093
265,1.7769264873064778
266,1.6837025886518016
267,1.568635320816258
268,1.4998739386978783
269,1.4746018240880108
270,1.2940492164826267
271,1.3021158239410764
272,1.2517101939927877
273,1.3123229379921908
274,1.3312467538656736
275,1.317420215304127
276,1.3859709017330837
277,1.066310482180502
278,0.9078033047295005
279,0.964431286740233
280,0.9090779538139403
281,0.9757070140517327
282,0.9801451811650431
283,0.9929420349691522
284,0.8892136236075711
285,0.9475061175304988
286,0.9286693981923092
287,0.9347254177766423
288,0.8141394055468669
289,0.8874088546860484
290,0.8087721302582966
291,0.7964011449069812
292,0.7503224825397226
293,0.7732306344419427
294,0.7523868668883563
295,0.7199599104410432
296,0.7345167185978883
297,0.7245742082737017
298,0.7996493153849548
299,0.7435250030822695
300,0.8130414243395981
301,0.8639824171043349
302,1.013447907165782
303,1.1325835399350443
304,1.2351408314181216
305,1.2701318323823938
306,1.369904194320838
307,1.4152337173478196
308,1.3089818155840083
309,1.4118809984222462
310,1.4054036625459003
311,1.6256985417662084
312,1.7130690945675384
313,1.5479750745868455
314,1.5305753782642837
315,1.2950002384827448
316,1.2633530977523255
317,1.2503379775235994
318,1.248739359143874
319,1.1913668207427448
320,1.1908983863421463
321,1.1888448986602556
322,1.2294066264723975
323,1.5031563246881814
324,1.9593161615145818
325,2.138155503193198
326,2.405563232018627
327,2.6845548787931723
328,2.9774672098993054
329,3.1201164853413403
330,2.993299060805801
331,2.6028527267285435
332,2.4803250908746444
333,2.333499450680158
334,2.2690952537612628
335,2.0459612496347113
336,2.17844031072218
337,1.9868876073576356
338,2.1981337092665605
339,1.7669007564084704
340,1.9432680844337407
341,2.189829281163679
342,2.050120093372382
343,2.0471272050530684
344,1.8776856579821155
345,2.1151365579607337
346,2.206159826934713
347,2.256909319693123
348,2.4313705601758064
349,2.485152051699876
350,2.811816658915257
351,3.001420681356475
352,3.315952726592519
353,3.5860617722244155
354,3.3703144833414087
355,3.0518173089511915
356,3.112261421227784
357,3.0894216600437234
358,3.0928101438728013
359,3.543683831264937
360,3.929973804462089
361,3.889410915666003
362,3.500337237943954
363,3.873115236087145
364,3.8155728429161484
365,3.781166564765694
366,3.782750914498038
367,3.6995627559605686
368,3.4535948376002983
369,3.6780784526821257
370,3.643192383860578
371,3.649154229095615
372,3.432461704930838
373,3.624889932070579
374,3.3445018299606986
375,3.2235813869161145
376,3.1268114192651875
377,3.290770087930943
378,3.1601872465105956
379,3.2570701415523295
380,3.068912736742665
381,2.95982252545154
382,2.927860200971475
383,2.9304786793766904
384,3.1615073376167526
385,2.6477528470706693
386,2.7376340141193864
387,2.5571317492601997
388,2.469499868986593
389,2.2729974471131817
390,2.218328562814622
391,2.1689017904433356
392,2.1739638691623817
393,2.2908535678739765
394,2.253660174179005
395,2.605301774551861
396,2.802355809012206
397,2.4388498534271723
398,2.441067717466853
399,2.5402399870410246
400,2.4457263503300863
401,2.21152262179796
402,2.1987675919182776
403,2.1695859141561606
404,2.069303764839038
405,1.8332048038945068
406,2.167438991694826
407,2.1315739487605874
408,2.0421957148048024
409,1.988484481111646
410,2.140394363608695
411,2.111626058300471
412,2.028300034535428
413,1.981616375303262
414,1.9322206955689238
415,1.955620478885801
416,1.755678556374259
417,1.6506844840726438
418,1.7209719216411232
419,1.678440718131668
420,1.5524279709156465
421,1.4868970924625802
422,1.594679062982961
423,1.5577850203345853
424,1.3899355684734411
425,1.4917601990522482
426,1.5587862767927716
427,1.4685266763123817
428,1.4055233525497348
429,1.3588783669330526
430,1.3646477169630444
431,1.36894036145576
432,1.2051962450058422
433,1.2308898721886095
434,1.3752192005484345
435,1.2542621618555272
436,1.1380626837701544
437,1.1229070870963809
438,1.1734395703726128
439,1.2236528924315813
440,1.2232521851774325
441,1.3726379925889642
442,1.3047054231136137
443,1.3735923868564552
444,1.482246649793245
445,1.4593332833118944
446,1.4874590270166814
447,1.477154135253817
448,1.4109221673722694
449,1.600160508321174
450,1.7351603130785318
451,1.723095054695986
452,1.8782803748079147
453,1.8827987326914424
454,2.085787931468177
455,2.5419639960986817
456,3.0946908042448995
457,3.022931183295118
458,3.29422961184474
459,3.156409758775791
460,3.0906654729082557
461,3.0521678145622295
462,3.0810249298757655
463,3.823249949211457
464,4.005920834412427
465,4.188270521286344
466,4.8329004729384275
467,4.9064298512024695
468,5.086428436671627
469,5.24685196550942
470,5.133919354816798
471,6.446670277724937
472,6.1155902771807495
473,5.60458741690822
474,5.400943336684663
475,5.190052722507909
476,5.09526609452899
477,3.807788217737659
478,3.7704232785438268
479,3.377444382819269
480,3.3298764045292697
481,3.5096319018164817
482,3.683377256264244
483,3.7464710061720146
484,3.7718221501545695
485,3.27976081450521
486,3.286237538815926
487,3.2483599305922835
488,2.97011816922631
489,2.787996260500557
490,2.668545488647207
491,2.339673310748916
492,2.499438846977082
493,2.407488111253284
494,2.2441628757159804
495,2.197708673210451
496,1.980263945828246
497,2.1500793423653346
498,2.128691778807383
499,1.9457215454129435
500,1.818410571284658
501,1.7720816614987234
502,1.6706147894138679
503,1.6681996409814253
504,1.6597735742464301
505,1.6506227047065116
506,1.707960521378116
507,1.6055607185894267
508,1.6687469530532417
509,1.7167198307012588
510,1.688622521827556
511,1.5103231045796763
512,1.6457876995361647
513,1.49308729208309
514,1.3696243913737738
515,1.3150371581415745
516,1.3396745905299308
517,1.245445579989541
518,1.1692833129531726
519,1.0662573714922376
520,1.173077618354151
521,1.072557326552521
522,0.9827234404077467
523,1.027012081496601
524,1.2169319183234866
525,1.1126702728796527
526,1.0513390604396058
527,0.9737557908477885
528,1.0530820034132589
529,0.9847627974637718
530,0.9820721892567459
531,0.8920860430192186
532,0.9002045521393813
533,1.103959532562583
534,1.2304101739451185
535,1.3086807758037506
536,1.5622467772139115
537,1.6481177916835406
538,1.8513719680371756
539,2.1734486994077975
540,2.2920740400762463
541,2.891741755233172
542,3.151078126686724
543,3.6483529792356673
544,4.292360274215867
545,4.017476490125402
546,4.976878809731487
547,4.308499193747084
548,4.243382256597787
549,3.8871579035956922
550,4.077424721508889
551,4.61723816200265
552,4.637983104740762
553,4.62820182131048
554,4.109383791187262
555,4.626584283894336
556,4.7114253387599
557,4.720957177093968
558,4.6887771129569895
559,3.8002428956179513
560,3.7372843094430035
561,4.0899397230865615
562,3.8251884560487417
563,3.7971715837922644
564,3.771082085551939
565,3.7403341717506113
566,3.7350367433478118
567,3.7378559168258576
568,3.7510417874043163
569,4.220101290387005
570,4.127709939280454
571,4.6195948204643065
572,4.064551145984271
573,3.8327366496846507
574,4.052849813283904
575,4.2164461749152515
576,3.7794220518831496
577,4.6137951634264756
578,4.63536223099301
579,4.630540266361884
580,4.751240075269362
581,4.768730009258763
582,4.793991328978823
583,4.398635555982815
584,4.783097628774861
585,4.771720529673689
586,4.98246654275276
587,5.374321710234704
588,6.2835901835705235
589,6.148297335346991
590,6.447985252784985
591,6.408385378989039
592,6.203890776495376
593,5.025886463667456
594,4.809665853133493
595,4.233584775418232
596,3.886345247787043
597,4.06889903923764
598,3.8800146044451758
599,3.7865837969744716
600,3.6902899962105327
601,3.631366106542422
602,3.5911105311758607
603,3.5330975968181626
604,3.539694867281365
605,3.512312949112487
606,3.1773335290449114
607,3.269866182622694
608,2.8080575103828833
609,3.066493926681239
610,3.3531582027232356
611,2.855060962295002
612,2.8592399743352828
613,2.6116622580856377
614,2.8399108712714267
615,2.794656659302536
616,2.7759000631623643
617,2.5623109028384348
618,2.5685677496000228
619,2.4971907174095684
620,2.3378727203807945
621,2.306192252504068
622,2.3349756921421494
623,2.257800107896725
624,2.1615844985648267
625,2.081176072730999
626,2.262127257534246
627,2.3309462656215065
628,2.2806522440559513
629,2.1908053379288397
630,2.2285627536826773
631,2.4371585915999074
632,2.256008428183638
633,2.217490388122541
634,2.1167915069894745
635,2.1618679979045026
636,2.2739458010960494
637,2.5685255566366223
638,2.2555072624149357
639,2.287194936756256
640,2.1180308557320484
641,2.064459039091424
642,2.08543156291417
643,2.176599338122804
644,2.303759080364836
645,2.177520387810453
646,2.142780666656742
647,2.0093072886397256
648,1.9733100345814254
649,1.8309806381161997
650,1.7978088393184397
651,1.9067110651948642
652,1.6338078793108388
653,1.6648204881593685
654,1.5315252342269559
655,1.4665897409651227
656,1.4644573555965819
657,1.4758491178831428
658,1.463933923289826
659,1.4984371264750527
660,1.69829042188427
661,1.7348377155411583
662,1.8784850853685886
663,1.8301313283287783
664,1.7841672326763223
665,1.7331422729848684
666,1.753953522087957
667,2.1108707277101373
668,2.1278216614563505
669,2.2145101130060376
670,2.492800033637095
671,2.4037431400617066
672,2.504984442219062
673,2.639646495950275
674,2.912223701866103
675,2.7801927672151288
676,3.216348899251257
677,2.8990993414229584
678,3.2087183458755733
679,3.4629363594170717
680,3.4329638542733716
681,4.018933765291159
682,4.053682882601432
683,3.9998341651109204
684,4.275955364677192
685,4.157483693582188
686,4.2548871362408835
687,4.944970978257823
688,4.896528849560435
689,5.001518094772375
690,5.161515036877104
691,5.2217792580780085
692,5.189912719299125
693,4.314511947035982
694,4.94329657158266
695,4.2789420414963475
696,4.12891328809227
697,3.664250465633028
698,3.166378140018835
699,3.5350479994690236
700,2.7642484884588687
701,3.2051750779173003
702,3.0424832719630355
703,2.8563282577205427
704,2.7214774950364746
705,2.7121580515158445
706,2.5314046988359995
707,2.7073818314483846
708,2.5279751170049747
709,2.4593309491830193
710,2.4638564068409243
711,2.258287121561048
712,2.1713004618154375
713,2.2102258941092203
714,2.19580489708655
715,2.248377471218952
716,2.4618212025743005
717,2.308918610919427
718,2.4333793322608726
719,2.247254604015544
720,2.4345857359634446
721,2.322591765652028
722,2.5369264422487006
723,2.2916353197558403
724,2.458237328139899
725,2.783331972171175
726,2.6717234570696506
727,2.8185712263549307
728,2.6622327515700133
729,2.6618286974748133
730,2.5645722342717288
731,2.716056014631494
732,2.6174199117946335
733,2.265045732928272
734,2.1958263321165568
735,2.14463708893059
736,2.520311104890103
737,2.087918643951253
738,2.4828818557455796
739,2.6276494090403366
740,2.936898529516927
741,2.664594210967569
742,2.7375796233897898
743,3.238348905876103
744,3.8318222063263914
745,3.877650829806927
746,3.8300329610003683
747,3.7024488697406577
748,3.591065851732291
749,3.8583779621097443
750,3.8262410342508817
751,3.9744386614447182
752,4.253606059634755
753,4.268372520226687
754,3.863015404358452
755,3.84033420479505
756,3.2564149140479297
757,3.1747688403960876
758,2.8959236420442296
759,2.843746456284279
760,2.7716983389923975
761,2.836937824441151
762,2.4383254036889332
763,2.611593091782153
764,2.362175133407961
765,2.4238599634347797
766,2.2745113018796816
767,2.3327320944066803
768,2.189565079116435
769,2.115003222332835
770,2.2870848108432797
771,2.23300316621775
772,2.1883329882174083
773,2.128613034085158
774,1.972248671047561
775,2.019148098447719
776,2.013381456049768
777,2.0997121794273426
778,2.250227408747993
779,2.0118525695636245
780,1.9293627058224547
781,1.8231451671483052
782,1.7845113892514943
783,1.8199064148967439
784,1.677784271751829
785,1.6945953018441926
786,1.8084544812742795
787,1.6139937251052467
788,1.4229420324400703
789,1.289883571168645
790,1.323011741002229
791,1.3206331139146663
792,1.2778500034132894
793,1.2244225695226096
794,1.3693927845135765
795,1.2385074127621485
796,1.2477780958792788
797,1.2544038283096637
798,1.3261754316143026
799,1.1607088817431659
800,1.115776559991146
801,1.237454772477669
802,1.094306956192135
803,1.1603372018745854
804,1.255617053081096
805,1.2630537464481535
806,1.2531935439958624
807,1.2761566692405706
808,1.1571737743341868
809,1.199239609538158
810,1.2917755148308867
811,1.3414354576618874
812,1.5756027765961937
813,1.6446890334830946
814,1.8517954087662476
815,1.7986202359844314
816,1.7251030006619068
817,1.6950806233233073
818,1.5328152374811086
819,1.4607233791364056
820,1.5283274224028398
821,1.4684636548916519
822,1.3956729886824795
823,1.3786780722629586
824,1.2974739220072604
825,1.2641819581592046
826,1.2482102781379572
827,1.362537777553704
828,1.376851195754723
829,1.2250499195437938
830,1.1577432599303759
831,1.158436393900147
832,0.9884818036837455
833,0.9703034763546775
834,0.9624802623879745
835,1.0505522078666996
836,1.0347296635364474
837,1.0532112946396501
838,0.9398890567008013
839,0.9317818824198112
840,0.8748588608021816
841,0.9321007911193983
842,0.8999737894063281
843,0.9319854570099563
844,0.8582378072316197
845,0.9057648509281159
846,1.0503907682440659
847,0.9719134905834262
848,1.007939016971018
849,0.9589551196841187
850,0.8688434294221743
851,0.8402119749219501
852,0.709183593232717
853,0.6954347400158402
854,0.6896581597831922
855,0.7031329343920691
856,0.8491171718626093
857,0.9118013843136359
858,0.8772931863973351
859,0.969907000987236
860,1.0876686101707917
861,1.1070150856194738
862,1.1972589385434143
863,1.3501770804313564
864,1.4007251124435618
865,1.7843987345967132
866,1.902348989232908
867,2.1077230582207407
868,2.4088175578440874
869,2.720983651491268
870,3.170162575863807
871,4.040968062842363
872,3.9569221864777875
873,5.073401583874743
874,5.113436370658347
875,6.291233009918985
876,6.533877219281123
877,6.93209324487689
878,6.935823557778947
879,7.070270195334718
880,4.906891383138028
881,4.9688761757234445
882,4.867002390232646
883,4.749756087980024
884,4.148656926990129
885,3.9870440984325786
886,4.76175779223643
887,4.786411762370892
888,4.3383916046316156
889,4.274661333311375
890,4.372369108911265
891,4.914039067061573
892,4.505491436784411
893,4.972894140183579
894,5.099251996391292
895,5.081537724394514
896,5.1048851463315295
897,5.358856545085976
898,6.166392222163365
899,5.0815724629287224
900,4.920064476847239
901,4.855858577085663
902,4.9906220005963275
903,4.9231374006074455
904,4.094004140066816
905,4.826981946621588
906,4.242772593615434
907,4.149701223633506
908,4.040201063730478
909,4.84227468252748
910,4.841158125278097
911,4.853372549603037
912,4.834444141623884
913,4.9180371349142105
914,4.806872889418433
915,4.750122259111158
916,4.848357414719817
917,4.250460150875449
918,4.688371586247783
919,4.715287361998419
920,3.8707145788776876
921,4.080537563817535
922,3.8380405069209425
923,4.148690772638368
924,3.8288285573272067
925,4.030606735924762
926,4.445300725392902
927,3.8902863610514813
928,4.243979316902264
929,3.8972769949740713
930,3.6229686509741708
931,3.2565493547998248
932,3.418033794713552
933,3.2133421144169114
934,3.403184212541744
935,3.6468967032973167
936,3.8339805631303845
937,3.8483755794053147
938,3.797401819406369
939,4.18546946095508
940,3.77142398163998
941,3.758260379643967
942,3.509779560450467
943,3.3983455370657794
944,3.2508069362247753
945,3.4579920628439424
946,3.201065679981453
947,2.9446513953308586
948,3.1042218289708416
949,2.8511154498611466
950,2.569715121151832
951,2.8485866726131346
952,2.7449993413969827
953,2.612754137737857
954,2.7080852928442085
955,2.681229316248716
956,2.621073386774297
957,2.8065550661241074
958,2.837978362915082
959,2.820937041595091
960,2.5275479725801335
961,2.557257489459689
962,2.3987448972484113
963,2.275348085392042
964,2.245812299620413
965,2.2312045446111
966,2.321272192007271
967,2.17007025114902
968,1.9680429192302158
969,1.7992500467132375
970,1.784733538939763
971,1.7013353702601652
972,1.7340945963825933
973,1.772666529790797
974,1.7490890557095675
975,1.662848486325123
976,1.634895591895007
977,1.449273982817572
978,1.579560362632613
979,1.5039082152209522
980,1.503120688570363
981,1.4339356395632936
982,1.4747134344659365
983,1.4262987681701529
984,1.3884963688248588
985,1.280452391190278
986,1.2449980492137427
987,1.185288939805014
988,1.2143124870146382
989,1.2252419714853613
990,1.2127448688904057
991,1.2171986683671947
992,1.1709786400526567
993,1.0478494217435301
994,1.0645631955551278
995,1.0512901991597121
996,1.0457936370866845
997,1.038290046167703
998,0.9861380068529176
999,0.9458164560506777
1000,1.056006143975485
1001,1.1126946019176267
1002,1.3008306753826637
1003,1.2267447237766154
1004,1.2930540647138935
1005,1.3489927597954972
1006,1.413252699529524
1007,1.638710765448571
1008,1.5205198751110944
1009,1.4840374147654687
1010,1.3360224310817375
1011,1.3113788430849578
1012,1.233601431400498
1013,1.2075516628952707
1014,1.226647949350627
1015,1.1487820575194079
1016,1.0705617981762334
1017,1.152113942844165
1018,1.180992790104048
1019,1.1663500890209368
1020,1.2475228331849122
1021,1.164587875619454
1022,1.3633785437038122
1023,1.20366465321878
1024,1.3707874010676122
1025,1.298873890345627
1026,1.270827523923021
1027,1.2799508202835959
1028,1.337776675194684
1029,1.4918567253191022
1030,1.4059430909837543
1031,1.5935154061200134
1032,1.7210761052758727
1033,1.6170671722610321
1034,1.8475530110352694
1035,1.8270021277174746
1036,1.808938783794961
1037,1.8282854598229719
1038,1.9952438885613986
1039,2.2398264521126428
1040,2.023045395181735
1041,2.0710866135732275
1042,2.1154833985644763
1043,2.085270005572778
1044,2.3048380745066863
1045,2.2090362327568376
1046,2.593976290054903
1047,2.6791887531153384
1048,2.6612162333892697
1049,2.483059695150159
1050,2.3828186139798935
1051,2.4491401092512084
1052,2.2478032836692146
1053,2.251002481357744
1054,2.328862692496055
1055,2.323384267072976
1056,2.4300308031427695
1057,2.4614292573536796
1058,2.27781852552451
1059,2.263570798653929
1060,2.022961005191712
1061,1.949142510597717
1062,2.0995040487325856
1063,1.9792368721831308
1064,1.9474745558629956
1065,1.9675851831575264
1066,1.8328247286172836
1067,1.7897560261586285
1068,2.00552736379093
1069,1.9878315309948593
1070,2.1062423534899892
1071,2.145474824857978
1072,2.227113806200262
1073,2.3885746984102862
1074,2.3165280251158826
1075,2.3337168522180467
1076,2.1908313397705093
1077,2.00024481528487
1078,1.7210459408211878
1079,1.7149937157309394
1080,1.8019630634994441
1081,1.9820811595305052
1082,2.105475748174709
1083,1.9841424914149033
1084,1.9645652886968112
1085,1.9723145314911832
1086,2.0776675638294604
1087,1.933745047447232
1088,2.35179674092453
1089,2.4059436961580567
1090,2.6322158457789677
1091,2.4282200502657187
1092,2.3518615060996098
1093,2.3901876990723423
1094,2.223631615819377
1095,2.430617757946082
1096,2.2510887491167546
1097,2.355227749690293
1098,2.18122055495653
1099,2.3949222674605264
1100,2.5520045008889074
1101,2.6277471358839732
1102,2.8763265613157003
1103,2.6553787483424527
1104,2.7958514139121777
1105,3.0903550567223883
1106,2.6412783082394444
1107,2.5817821277591264
1108,2.849021823778636
1109,2.8932722743207813
1110,2.9413748506771005
1111,3.116480627952118
1112,3.5520562779274103
1113,3.58602208235176
1114,3.77230749121316
1115,3.782975018449577
1116,3.251974026204678
1117,3.418071813541282
1118,3.1453613672690723
1119,2.8266237489234856
1120,2.863180130261244
1121,2.620436808694688
1122,2.6552011415008203
1123,2.659727848842631
1124,2.5740071609424535
1125,3.030401153462677
1126,2.9662942197814135
1127,2.989429159591901
1128,3.135613728578025
1129,3.1163544510549253
1130,2.9467575616783903
1131,2.8197995976156682
1132,2.6348950416694135
1133,2.2499260705746433
1134,2.249553509781955
1135,2.2477864246511503
1136,2.2652551388560513
1137,2.32748710276434
1138,2.453044645485444
1139,2.4768264578377632
1140,2.4883370428120357
1141,2.5094276500848975
1142,2.2985234212165313
1143,2.5316807998863604
1144,2.2472766678355556
1145,2.189684435345112
1146,2.291143930443632
1147,2.185553758249995
1148,2.017012039495076
1149,2.222059514764126
1150,2.190611850544085
1151,1.9975150452113435
1152,2.198213215482725
1153,2.207922157015991
1154,1.9798731824711941
1155,1.9516024330464246
1156,2.170521221147721
1157,2.279468987633375
1158,1.9960722522020258
1159,2.1648839023476873
1160,2.2929647716860524
1161,2.2744852077950988
1162,2.5937918271241327
1163,2.665733273617172
1164,2.7810336126553192
1165,3.3700499317445334
1166,3.575761475448611
1167,3.4526947783562076
1168,3.1349795977660695
1169,3.1402781441897005
1170,3.9417378449413247
1171,4.291438059998558
1172,4.903744421129403
1173,5.206627370847281
1174,5.5506436302357915
1175,6.083265832524084
1176,5.487608740944736
1177,6.468313847392419
1178,6.310878451731197
1179,6.96007824020492
1180,5.343813708890548
1181,6.253762071972529
1182,6.210044227637337
1183,5.343056525045066
1184,5.205821234784655
1185,5.923848064263792
1186,6.084658285869688
1187,6.31888019150225
1188,6.424154896446158
1189,5.125891971636761
1190,6.108403539854051
1191,5.312233325610562
1192,6.68100721139488
1193,6.71578010161197
1194,5.2361214969184156
1195,5.279351127638979
1196,5.017960688118865
1197,4.997317818625199
1198,6.834476689007659
1199,6.735986899754237
1200,7.056289270969796
1201,6.363459736291625
1202,5.192609529692417
1203,4.985909598148313
1204,4.8477260299963785
1205,4.203794605109271
1206,4.890797704032495
1207,4.837554052907219
1208,4.162942911747593
1209,4.812524809977919
1210,4.189927109925424
1211,3.3755913976086442
1212,3.3386122549464345
1213,3.5695883268840634
1214,3.2980146795655627
1215,2.845725793995709
1216,3.499531740950419
1217,3.041504009958252
1218,3.4524543501983076
1219,3.9904777898000927
1220,3.354007362239183
1221,3.417210272764125
1222,3.486166194223284
1223,3.7039653531487557
1224,3.444737646767136
1225,3.224866353390534
1226,3.0598216574946093
1227,2.9217131553371067
1228,3.4395451078751784
1229,3.1071396623101974
1230,3.130871604264417
1231,3.076339050081211
1232,3.180410883760506
1233,2.911718718376008
1234,3.0565361233517043
1235,2.8849078658256424
1236,2.9034547092544956
1237,2.1795022986543544
1238,2.572886121231709
1239,3.0960544804120387
1240,3.2566008448387227
1241,3.134886492570341
1242,3.3464237837969923
1243,3.0508237210387703
1244,3.293403887039225
1245,3.348258267632369
1246,3.0478225010236812
1247,3.136797197521066
1248,3.136723484675229
1249,3.284578849038647
1250,3.339131062156588
1251,2.850378653944698
1252,3.0443100513262515
1253,2.81786471228123
1254,3.029005581204902
1255,2.887634052781338
1256,2.757325755123549
1257,2.983313860612768
1258,2.5851161237219364
1259,2.649142524119883
1260,2.6285605364011126
1261,2.826423472842845
1262,2.5981991271796354
1263,2.589650096822884
1264,2.322892240452405
1265,2.335213141029328
1266,2.2015665299093223
1267,2.188592926798812
1268,2.1674452204981263
1269,1.9621087217389757
1270,2.3460283561340955
1271,2.776412672854979
1272,2.9678515940899106
1273,2.98320848218948
1274,3.1765038958006353
1275,2.931315820713944
1276,2.659027520841125
1277,3.2228533854240413
1278,2.9583633018093423
1279,3.1641368520156266
1280,3.0335545686925296
1281,3.53792866668349
1282,3.857750190165096
1283,4.317124087578774
1284,4.432548802845181
1285,4.456560823613553
1286,4.320428360192987
1287,4.405521186209771
1288,4.682120457660228
1289,4.684750399401949
1290,4.659449930505319
1291,4.730591833966999
1292,4.865196113923875
1293,4.84371360897545
1294,4.8078889020965425
1295,4.306905732550736
1296,3.607023666359756
1297,3.35446296446795
1298,3.060373951525518
1299,3.0483040827511285
1300,2.7744636874448108
1301,2.7215991387672
1302,2.3787189768207333
1303,2.1914025627943956
1304,2.025203676248336
1305,2.5576297500714773
1306,2.444447474774018
1307,2.369073746864
1308,2.3054602068252086
1309,2.3284548017383755
1310,2.3714009283426436
1311,2.3593060175070795
1312,2.2407969627521873
1313,2.1422251722656585
1314,1.9721081655212196
1315,1.8158777245002495
1316,2.078801664517008
1317,2.102354045268255
1318,2.7270031949140723
1319,2.621212760430432
1320,2.5999315546844946
1321,2.4360971309105617
1322,2.5703359473059972
1323,2.6288877614618973
1324,2.9422976303776194
1325,3.0235440461495537
1326,2.9157860722716187
1327,2.895978685523652
1328,2.598888995133946
1329,2.583077650201214
1330,2.4552908213815035
1331,2.1035479931414724
1332,2.1188754031198394
1333,1.9218957748708583
1334,1.9815950984568145
1335,1.9533954449610862
1336,2.129886803200823
1337,2.384193104979502
1338,2.6600753159076964
1339,2.6208825453190077
1340,2.932592326542696
1341,2.9028243173560635
1342,3.2423280769637683
1343,3.4541528150829803
1344,3.8186821943451963
1345,3.6492737054528095
1346,3.449385525595173
1347,3.8281121710850647
1348,3.8020422227870054
1349,3.9184962905039264
1350,4.18037472066524
1351,4.6894409881093155
1352,4.428242510765982
1353,4.708940991389273
1354,5.692028159480801
1355,5.046286682856854
1356,6.796740207743745
1357,6.548233603419053
1358,6.814741667274926
1359,6.921613221185412
1360,6.846467087442993
1361,6.822744619508451
1362,6.846467087442993
1363,6.846191782175506
1364,6.934180167964123
1365,6.603826090653182
1366,6.973301887035033
1367,6.915509973979857
1368,6.690209859593726
1369,6.715431690482943
1370,6.505885283950425
1371,6.865461928655
1372,6.685718661096155
1373,5.146556399795797
1374,5.071448807334534
1375,5.045094617560361
1376,5.039675613716716
1377,5.010455981867253
1378,4.988622653024159
1379,5.029426943939033
1380,5.093264080919802
1381,4.934640316264606
1382,4.922932137320087
1383,4.725581779523128
1384,4.705423068076336
1385,4.665567083033967
1386,4.242902580606731
1387,3.9584611481502354
1388,4.6705197750602405
1389,4.244174491504873
1390,4.635338776512788
1391,4.653887922057722
1392,4.18318207081623
1393,4.6255039437098375
1394,4.021838065697027
1395,3.7703861328288446
1396,3.6889737111342025
1397,3.494113185281401
1398,3.589303067489272
1399,3.5788017760468644
1400,3.140884315098039
1401,3.2977791975007325
1402,3.4784315145483538
1403,3.406514993255596
1404,3.6222724691163024
1405,3.233980547290182
1406,3.329197256483981
1407,3.239214677342934
1408,3.0084223657737765
1409,2.9104766557694233
1410,2.8262876726130144
1411,2.9610201101878304
1412,2.7567235240046735
1413,2.7940091520596146
1414,2.819039745928504
1415,2.8087319627370686
1416,2.4685664905099647
1417,2.800773667548578
1418,2.391453307063837
1419,2.516172923109286
1420,2.2599384163909044
1421,2.2660043074370475
1422,2.178011647967438
1423,2.194746916814519
1424,2.150290711530192
1425,2.1166663623193744
1426,1.8395498339445615
1427,1.7792467272696173
1428,1.7750718552393427
1429,1.9246835980309147
1430,1.8064713173367934
1431,2.1223426126633713
1432,1.8386352553037573
1433,1.7717500945365776
1434,1.8454553003741065
1435,2.1610243205992505
1436,1.8762211202457968
1437,2.211669284173461
1438,1.8708080994621297
1439,2.2650054252656964
1440,2.4557062278501656
1441,2.483506961320579
1442,2.546378601959103
1443,2.5286148087763265
1444,2.6497072593227378
1445,2.5224741237756425
1446,2.835282377451658
1447,2.6431841803054326
1448,2.4726053214077983
1449,2.5048204538027723
1450,2.2927149058902816
1451,2.3992923100454258
1452,2.246773643485646
1453,2.237179159087328
1454,2.0394296511130183
1455,1.9727475324292254
1456,2.075807458146985
1457,1.9772670406263066
1458,1.8086430825347422
1459,1.9399369566673745
1460,2.0875688956579546
1461,2.025710443824218
1462,1.6895706819936045
1463,1.927111511638989
1464,1.948280339842884
1465,1.949096603721245
1466,1.9573318275743663
1467,2.0451301404634408
1468,2.1665733597335057
1469,1.9721779910328154
1470,1.9637946285058094
1471,1.8337194724212817
1472,1.8039244372130276
1473,1.712120121353519
1474,1.7310872899432244
1475,1.6100879661375027
1476,1.5472636490030138
1477,1.6391736245896598
1478,1.695560581141778
1479,1.5848464419708865
1480,1.4959732929795642
1481,1.5314647128292092
1482,1.3059212542921275
1483,1.3292465792146333
1484,1.31338559384523
1485,1.277874751578881
1486,1.4196107627686447
1487,1.2673177019769326
1488,1.1368492439143902
1489,1.079367363109548
1490,1.140350551272463
1491,1.1124821226752988
1492,1.1627007851630555
1493,1.4659493880782763
1494,1.8917231301452408
1495,2.115397863191679
1496,1.9019738521373823
1497,1.9904482388662952
1498,3.2627066235135076
1499,3.431077890920873
1500,3.5906099649332543
1501,3.778256611736425
1502,3.933804827644472
1503,3.761246311064838
1504,3.842407783410665
1505,4.183596390571267
1506,4.341540942222896
1507,4.68392833900992
1508,4.9262640154065505
1509,4.936732294478962
1510,4.774981007443186
1511,4.732462801243793
1512,4.740077705839896
1513,4.868532796943137
1514,5.006013570438989
1515,5.319139642867321
1516,6.452872294302421
1517,6.263531026648912
1518,5.410084405283737
1519,5.089535252004754
1520,6.463330986496528
1521,5.290546636526327
1522,5.262509832162555
1523,4.997312826156319
1524,4.996721038929821
1525,4.954834240063153
1526,4.952201794041481
1527,4.898723764993798
1528,4.935807365394477
1529,4.302334838767537
1530,4.023097055223859
1531,3.745000511439497
1532,3.7820193048182587
1533,3.4796881093302177
1534,3.532370972592917
1535,3.2862078222626714
1536,2.83655769743234
1537,2.8063892912154373
1538,3.0868505500267096
1539,3.0829241732328954
1540,2.731836356506563
1541,3.166838709267579
1542,2.760889568029757
1543,2.474360936058014
1544,2.5384153676315804
1545,2.2474556220100306
1546,2.166380866295436
1547,2.222993093891773
1548,2.1169239220885996
1549,2.0009814953650427
1550,1.9029399606990411
1551,1.7981114595053533
1552,1.7578974563158645
1553,1.669158177001314
1554,1.7687368250133964
1555,1.6665029258662414
1556,1.6489342116015733
1557,1.8104151049066757
1558,1.6687474262779345
1559,1.8078390022700797
1560,2.0528288200312295
1561,1.9657192956896783
1562,1.9634574037103742
1563,1.8679321554936414
1564,1.774088337605066
1565,1.72180482490951
1566,1.773251371105068
1567,1.8180744453153028
1568,1.9643076446337318
1569,1.9783149268471698
1570,1.979576032218656
1571,2.020359527330861
1572,2.060989478856733
1573,1.8103599700653152
1574,1.9749798722578937
1575,1.6629895928027705
1576,1.77520278076473
1577,1.7772322000299836
1578,2.0225191058714955
1579,1.703536343201778
1580,1.6917218613780083
1581,1.825461763282247
1582,1.636324107633524
1583,1.6650496053814436
1584,1.6203289659903017
1585,1.5408534338363196
1586,1.569072761383247
1587,1.4008578876459639
1588,1.3214865671505494
1589,1.614226872898445
1590,1.7085443632979262
1591,1.9042070037361922
1592,1.9444892084312728
1593,2.2713892192001324
1594,2.280348494366547
1595,2.3281498374544864
1596,2.502167010490066
1597,2.503063964496788
1598,2.763081366848259
1599,3.3151700535963795
1600,3.3838124305911146
1601,3.63690336118019
1602,3.598934411093637
1603,3.3871976941519475
1604,3.8111653901386857
1605,3.8654939840594076
1606,3.3801894880671255
1607,3.1331816841047133
1608,3.112045311816716
1609,3.0836214682075234
1610,3.114761085816541
1611,3.5283139817540765
1612,3.6205782148390933
1613,3.477275926965023
1614,3.140671321302183
1615,3.080404405881861
1616,3.1622581463837567
1617,3.6181517919183794
1618,3.783419084061995
1619,4.123997567241839
1620,4.82074730181534
1621,5.084838723894229
1622,4.837736377538996
1623,4.174321220180394
1624,4.186670362477928
1625,3.666933735378221
1626,3.592798248799501
1627,3.634275612417732
1628,4.009298973024184
1629,3.3454218820671704
1630,3.741617216341901
1631,3.4963462243994443
1632,3.612304109189273
1633,3.505390273980452
1634,3.1164635683191477
1635,2.88642042310935
1636,2.8359483983467437
1637,2.843518789601968
1638,2.702308785025554
1639,2.419682392689263
1640,2.6404411904321217
1641,2.611877187067518
1642,2.826385693191132
1643,2.8042868824263834
1644,2.8026130065582335
1645,2.792082196996332
1646,2.6908773704052473
1647,2.6868868277488493
1648,2.672462313903745
1649,3.110248300528495
1650,3.1043860160178327
1651,3.482564096288382
1652,3.3995426013655297
1653,2.2922438289177833
1654,2.4421145373307183
1655,2.25765409441467
1656,2.2061341320388625
1657,1.9737778076356063
1658,2.021569451936664
1659,2.2022299966492533
1660,2.2426561746443414
1661,2.2531784285928884
1662,2.033114260511491
1663,2.118554309396338
1664,2.1355399824626753
1665,2.0924385767174307
1666,2.1356307180759453
1667,2.0656294460789746
1668,1.8460010083700864
1669,1.7803426686416315
1670,1.7579874801722488
1671,1.9004313324266495
1672,1.797798404235279
1673,1.8404364969524731
1674,1.9903965602807359
1675,1.7403525920513265
1676,1.7873397291579145
1677,1.7563615517903057
1678,1.6988529421054774
1679,1.6929503239420067
1680,1.5725817269708982
1681,1.7092450319282626
1682,1.7955664410737442
1683,1.7157129836300937
1684,1.677346078880627
1685,1.5200273090990288
1686,1.5673788947675362
1687,1.5680067233311088
1688,1.569428871678102
1689,1.3120033863282567
1690,1.4328519232537327
1691,2.0731424044560414
1692,2.0974286950726073
1693,2.2090561280961767
1694,2.255500106268713
1695,2.7506545244054257
1696,2.96941018344943
1697,2.736513212271517
1698,2.5913825870276046
1699,2.5044721024218766
1700,2.240620538388542
1701,2.1255194639664956
1702,2.2650190836335398
1703,2.3274150702715
1704,2.3276063898369173
1705,2.206205541826088
1706,2.002079080928775
1707,1.8312408899342427
1708,1.6828986154489796
1709,1.4672688781941996
1710,1.7538327171977044
1711,1.6950728509243445
1712,1.8279901488686523
1713,1.865427757467828
1714,2.075953505653682
1715,2.0885488481036005
1716,2.6568179407901606
1717,2.754349899287385
1718,2.82484055758171
1719,3.2881593565315943
1720,3.383363160543118
1721,3.264567617548472
1722,3.1831199871914855
1723,3.6937923369263173
1724,3.993984411116985
1725,3.982979265944869
1726,3.9824667505494427
1727,4.853789982815015
1728,4.971407232152321
1729,4.888436896868308
1730,6.060769813277642
1731,5.2312540770624745
1732,4.973454745367269
1733,4.757296214749217
1734,4.598167118244092
1735,4.62613127648412
1736,4.68317985016443
1737,4.685420098351875
1738,4.810781063619431
1739,4.768396272600868
1740,4.7759145632753714
1741,4.674667620218628
