,0
0,2.2121826996623195
1,2.163768331070115
2,2.2116378868049607
3,1.9865253623041919
4,1.941884841374798
5,1.9217581567546027
6,1.8615330372357395
7,2.0629971409860617
8,2.0879818700135755
9,2.062196350472545
10,2.040500262632007
11,2.0898842770923123
12,2.354418493797208
13,2.491926890461792
14,2.445899624991312
15,2.4366116904144417
16,2.4857428675480966
17,2.346371971136357
18,2.0050853638179276
19,2.0701126174613926
20,1.9552338852867046
21,1.821892075099418
22,1.7874569403092138
23,1.7888426940356048
24,1.7674964412339054
25,1.7200542854158485
26,1.7454875253160413
27,1.7772075378190535
28,1.5820471746870368
29,1.6200369196596371
30,1.7187440113161392
31,1.6773469587337795
32,1.6887759843549195
33,1.7925426367566726
34,1.6907070691962025
35,1.653524727274402
36,1.6654733400221164
37,1.6813889884896347
38,1.6901276085259722
39,1.6167583489930104
40,1.7042132822683254
41,1.4932951704108688
42,1.6280079018390263
43,1.4875526518151545
44,1.8349486584247459
45,1.9413307259240014
46,2.1062178441088593
47,1.8409157065134585
48,1.641512271457867
49,1.7174571125466447
50,1.5278955244936379
51,1.9495845752731784
52,1.8150565049095668
53,1.7858343561289334
54,1.9403931667126966
55,1.464101653285458
56,1.2845523900810687
57,1.1198294747654205
58,1.0658380233667895
59,1.16898610790771
60,1.4704255815562257
61,1.0425899619518897
62,1.0362206543972852
63,1.0886699575921288
64,1.0067711390765313
65,0.9863041239416424
66,1.122297287969866
67,0.955122339999668
68,1.107702233272588
69,1.2140100825794478
70,1.0467774670227816
71,1.2181332684774027
72,1.071257084371954
73,1.023429281943262
74,1.1124036573492426
75,1.0243345919215676
76,0.983149617240978
77,0.9270805405875248
78,1.0333766754906843
79,0.9706512421055209
80,1.2408743305543206
81,1.153606293732365
82,1.193286091766964
83,1.249225176907316
84,1.3746503823152436
85,1.4196346697961493
86,1.3553443068060897
87,1.369654690510851
88,1.5549474637361138
89,1.677710031512966
90,1.6970048326057527
91,1.5031624199160032
92,2.061690547879926
93,1.6806605149877427
94,1.582339394420491
95,1.4953479606512303
96,1.484121057480801
97,1.2681820069850156
98,1.4493732744838268
99,1.3955372296257496
100,1.3107753142518583
101,1.2962178457980955
102,1.388090087000666
103,1.393687631276334
104,1.4965707724833461
105,1.5526468878529578
106,2.024127025938303
107,2.5552535678347885
108,2.6651234124866185
109,2.784608980155543
110,2.6139566317896206
111,2.1667313060599755
112,2.666743946477521
113,2.4802769172998116
114,2.4435601732247525
115,2.6575486595899713
116,2.9344133515953277
117,2.997039429459459
118,2.5406337000712345
119,2.6735887201852537
120,2.3906273077596145
121,2.2398560516239585
122,2.102227078212288
123,2.2264852511394086
124,2.0078692268476863
125,1.969129729765923
126,2.0168652470092248
127,1.8103512776488597
128,1.5055039654262317
129,1.5723179835222094
130,1.8733957737841294
131,1.934425460449376
132,2.1827590435554334
133,2.7034870366121826
134,2.9695399465472594
135,2.741167224880906
136,2.701151985967493
137,2.3013231340927756
138,2.368180243779699
139,2.7310350295315677
140,2.238127640979356
141,2.4445527906678675
142,1.9477982605546247
143,2.05679012021685
144,1.862912668858642
145,2.0601049551480104
146,2.3442574166948185
147,2.2346964298249015
148,2.051044828644946
149,1.7758648029863626
150,1.8843079510594076
151,2.07693287014125
152,1.7966466668686654
153,2.079555815359654
154,1.9466888847059032
155,2.0517943342410305
156,2.2135726247883456
157,2.3093990209590243
158,2.343039654713213
159,2.4459426127244477
160,2.624083813145951
161,3.3146521565912956
162,3.4713915878913535
163,3.2607659710862102
164,3.334752414145409
165,2.936952528996169
166,2.913453435244958
167,3.4442978376218454
168,3.3270281704265323
169,3.351075830969961
170,3.175901041962602
171,2.6874916409590375
172,2.7146625449280055
173,2.811752677789151
174,2.7210747588943205
175,2.594082170916464
176,2.5333629771464237
177,2.5987134554752385
178,2.845081804276669
179,3.2286021628174404
180,3.529645713455404
181,3.55603649290768
182,3.6332147813516613
183,3.495746228848015
184,3.7887756206712058
185,4.03292056961531
186,4.1648617317169645
187,4.212678498111033
188,4.227940177476359
189,4.115356467192827
190,4.048860147694434
191,3.850749361401907
192,3.7974348962141806
193,3.728634988110985
194,3.658174986827569
195,3.5242087697076627
196,3.146774045921284
197,2.857070009590613
198,2.8299288309273125
199,2.822852053802889
200,2.9007363020979495
201,2.803874085715847
202,2.8285953060485123
203,2.852604556282898
204,2.56539501223203
205,2.314261529858783
206,2.467401869428892
207,2.4412085794783396
208,2.5434140471853333
209,2.77152244040547
210,2.588547954948403
211,2.6198806380498145
212,2.623525358897137
213,2.497696175043882
214,2.5423949858671944
215,2.5738068787688126
216,2.390168587476899
217,2.1752981374925504
218,2.234904993210517
219,2.1849224682354254
220,1.9652088372772731
221,2.068962705124987
222,2.155648282948214
223,1.9892669464537893
224,1.9542754573142078
225,1.9422939902447842
226,2.1042718218807774
227,2.0264756036689753
228,2.105720235455714
229,2.0775594224988696
230,2.0579170950973373
231,2.2181580715493125
232,1.965106525420619
233,2.1459831036537897
234,2.2572477678549254
235,2.2645072125287933
236,1.8266901251575363
237,1.8896088176773842
238,1.8256887264383321
239,1.7238927063313574
240,1.6966918447351103
241,1.7864798351935016
242,1.561856815861238
243,1.5628219138570254
244,1.5559559686683184
245,1.8046369164968694
246,1.8104714017037942
247,1.8363077883845809
248,2.496407105710176
249,2.400896905843825
250,2.7707952865911865
251,2.950361150814075
252,2.9991497532157148
253,2.8731805617803605
254,3.1925213122450398
255,2.979935512625437
256,2.9287962335957105
257,2.884662575115532
258,2.737689147623696
259,2.297291090117964
260,2.821076803802752
261,2.357300235397969
262,2.1931260452825216
263,2.02024531966481
264,2.2248230956060966
265,1.9477167596519869
266,1.9708651780235344
267,2.1554238273424
268,2.2820724531544143
269,2.284770183396191
270,1.9086002733284588
271,1.8107123475302125
272,1.822444490090107
273,1.7971913300423659
274,1.7615699015770332
275,1.5111982609437498
276,1.8588679440143914
277,1.345731216280082
278,2.1585652057056697
279,1.4404833874807366
280,1.445329841599183
281,2.0204144915464126
282,1.8954949759689605
283,1.8955270898124588
284,2.144453401845307
285,1.981784530372483
286,2.310314644058882
287,2.349506413405606
288,2.4951208857191776
289,2.4965513892696563
290,2.4387778511457285
291,2.545979083351699
292,2.2516721561868507
293,2.3972088936298577
294,2.490879513782458
295,2.340307682660266
296,2.5310144795533223
297,2.381985379310003
298,2.1786140991503635
299,2.1367440901342922
300,1.9956039871157742
301,2.064886732674184
302,2.2046560771127166
303,1.8827315050770448
304,1.765627666455226
305,1.8306166393914733
306,1.7820495780850105
307,1.8230000108251665
308,1.7757867191287322
309,1.9157567799661601
310,1.9123352991707985
311,2.0265204259279868
312,2.0828915452913175
313,2.070093143569116
314,1.90477543476802
315,2.0780214374610395
316,2.4933819873615013
317,1.9430921257731721
318,2.2164324559288215
319,2.071809184962077
320,1.938036042320897
321,2.3249356855490015
322,2.0891930491672692
323,1.9107193936549005
324,1.8304021603372518
325,1.8790022890763929
326,1.9986644455290765
327,1.8631118220765341
328,1.8028428706733104
329,1.8082377626950734
330,1.7009375131714088
331,1.7543713429130594
332,1.7807657980367129
333,1.6463717566805844
334,1.5814951717188888
335,1.6420609433696682
336,1.6519261532853668
337,1.6775060651369693
338,1.4226577049876814
339,1.4336159588903152
340,1.516156078722585
341,1.3365794067572876
342,1.2894051352071216
343,1.208485182332869
344,1.2499518058799255
345,1.430503578151946
346,1.9724873374941456
347,2.156011191614124
348,1.6671586077613985
349,1.6858913665363775
350,2.129394337386646
351,1.5406381398823084
352,1.2764988913824467
353,1.5409674048061153
354,1.320401191937739
355,1.3607456414345134
356,1.411940741172308
357,1.304084532189095
358,1.393818142973319
359,1.3626911144638099
360,1.4478463084458877
361,1.060193291363071
362,0.9902457086099183
363,0.977423381402013
364,0.9486339099368538
365,0.9028664690061589
366,0.8938851519258123
367,0.8940460623962784
368,0.8704912441915418
369,0.9106095323369078
370,0.9129003036330605
371,0.9301602625891922
372,0.954201136080218
373,0.9911155567013642
374,0.9787137825737747
375,0.9996299278560449
376,0.9974767855362369
377,1.0478002004969178
378,1.0640599731811042
379,1.0446743124601159
380,1.0597256905827634
381,1.0291120926187725
382,1.2079498893381004
383,1.3405816232834642
384,1.3634200090040243
385,1.386024198217588
386,1.1234404850228459
387,1.2827721646433963
388,1.2382917942582494
389,1.2634579336015546
390,1.237352678353656
391,1.179406008658499
392,1.2448907400986857
393,1.2440958420567472
394,1.1625425816086175
395,1.1317947422800374
396,1.1048770847915537
397,1.0810370150259816
398,1.1482586032362483
399,1.288866914796282
400,1.2784934601176854
401,1.5883279166044881
402,1.6068196561463328
403,1.5586768678537202
404,1.7433269037724184
405,1.7451403840215751
406,1.7090669123209474
407,1.7508638800556706
408,1.8501137904476217
409,1.778733584007996
410,1.4871689957353906
411,1.4184657449384193
412,1.3788772584297044
413,1.1205930242570588
414,1.0770793484838148
415,0.8717140727641606
416,0.7887876142335171
417,0.843968234570722
418,0.745989362194353
419,0.7099958606157444
420,0.7349373217868795
421,0.7124784075500403
422,0.797870656381411
423,1.6571484538550583
424,1.3161959642710293
425,1.4849229906067807
426,1.3805058759186202
427,1.5273905984259144
428,1.3599928278897526
429,1.5411153209108077
430,2.139790742959901
431,2.4243097161139007
432,2.414520447550041
433,2.4045336157683845
434,2.3217292526350057
435,2.2495520937290108
436,3.111639264276157
437,2.3541725117097654
438,2.239571834342601
439,2.198337091362732
440,1.7620398288354389
441,1.7796961581952222
442,1.8574353860467545
443,1.698535966608017
444,1.839615899320358
445,2.0053002383465293
446,1.8429243966824782
447,2.4245709419539963
448,2.2849782283986735
449,2.0483348147111844
450,1.8228325187842958
451,2.1450052697792814
452,2.1636379377768167
453,2.1227084686842272
454,2.185749034245461
455,2.3603623764808477
456,2.1940141137779174
457,2.0570486491962274
458,1.9698279085742025
459,2.328387703110175
460,2.2443992348553645
461,2.0976336111318066
462,2.244355906791744
463,2.521867595180686
464,2.475076961571871
465,2.258752530205661
466,2.2986234708727626
467,2.5029854749061387
468,2.577931065334741
469,2.6467809082460354
470,2.55207384130253
471,2.7245457299813634
472,2.7448003612453977
473,2.893328583842815
474,3.5293240879188383
475,4.276937247973531
476,3.8724698950342877
477,3.3077239943052716
478,3.7657762389367693
479,4.388581888469613
480,4.386163067767426
481,4.392377974184538
482,4.2994598751267326
483,4.044915075637475
484,3.5604320497816753
485,3.6820951533930093
486,4.036297484910122
487,3.753990651542149
488,3.8087148073740833
489,3.7390119890453333
490,3.774712309505378
491,3.4540228699867326
492,3.139747001665054
493,3.2290745048255096
494,3.3553437026509014
495,3.2290745048255096
496,3.3553437026509014
497,3.335814492565861
498,2.405895930483168
499,3.166071973384356
500,3.185458505230289
501,2.847958676056703
502,2.9843816654169952
503,2.942540959565259
504,2.925028603983922
505,2.8914727990623605
506,2.9481202468901224
507,2.584762162360258
508,2.9284838617730555
509,2.3911648796175506
510,2.316582539020431
511,2.2833755781660665
512,2.3087960110967276
513,2.7215349382103744
514,2.4001296870777264
515,2.4092596026645516
516,2.515129087144105
517,2.395436810807812
518,2.399006905378245
519,2.4440941262309113
520,2.2234008921302686
521,2.3990651367259495
522,2.2902037772702846
523,2.564503912546932
524,2.562964544755382
525,2.481197116924891
526,2.5388501661866183
527,2.4803460021718036
528,2.4595870785185547
529,2.3951092308144473
530,2.0143612239288218
531,2.1499957873902114
532,1.9659994617044725
533,2.198233008980935
534,2.300843368133684
535,2.388419849037227
536,2.553424537943628
537,2.5304672670143544
538,2.241222069107042
539,2.163227615823154
540,2.511024677647141
541,2.6176266192738105
542,2.436121952912634
543,2.2754765811155595
544,2.5293388857331505
545,2.6475975158871288
546,2.1603956702420968
547,2.3034235373390617
548,2.457309031213847
549,2.0487068689487375
550,2.074584366935037
551,2.139923881205426
552,2.20077836607581
553,2.474333143591805
554,2.2768349414755686
555,2.5498843605572215
556,2.4905198947205274
557,2.524411834091121
558,2.5982548853634366
559,2.6849952378676094
560,2.5620488944485516
561,2.663583993428062
562,2.6437854981891817
563,2.679785210590995
564,2.646201829686186
565,2.6464546880405626
566,2.7576059660313876
567,2.6659675348726086
568,2.726926567270451
569,2.684014727116984
570,2.7084976942607053
571,2.634871251544937
572,2.6445189412264614
573,2.594005230317923
574,2.2965285923705694
575,2.530699594901712
576,2.3641186495048583
577,2.0938897966896337
578,1.998623096793627
579,2.205230022281646
580,1.8903006065416463
581,2.13009298386987
582,1.9008394755849263
583,1.7055459835298916
584,1.7309563370652452
585,1.7136656789004983
586,1.5844558756066105
587,1.3884976139171157
588,1.2675539800378661
589,1.3060962116147088
590,1.2787827204866635
591,1.3186143419606084
592,1.253686243550472
593,1.5028916374612002
594,1.8502614131780566
595,1.7836544118651112
596,1.7836971220805347
597,2.0252390151671222
598,1.9491602412441422
599,1.7592178586420797
600,1.5679971889652344
601,1.6906341187679437
602,1.4936207493595657
603,1.6560375456621548
604,1.5339108788660305
605,1.4647676562687881
606,1.4708460993328267
607,1.6319132242903247
608,1.7094913057662349
609,2.1544577907273097
610,2.364274834316775
611,2.2633156003613553
612,1.956785937891951
613,1.9807651720592228
614,2.3969865348898125
615,2.4352652467885814
616,2.4318300207653727
617,2.404053897157043
618,2.454391061342609
619,2.6385504590516384
620,2.5307990299993333
621,2.497728145416544
622,2.3653452464730282
623,2.2741349539491864
624,2.368281697355149
625,2.28319810672309
626,2.1231938359962657
627,1.9510870396583226
628,2.2717690942527367
629,2.2717690942527367
630,2.3000933086186177
631,2.041277214676441
632,2.208060519577538
633,2.121205636514445
634,2.1320508262840248
635,2.0506660658749936
636,2.1920632906917907
637,1.847586811312021
638,2.041277214676441
639,2.041277214676441
640,1.8789464180173725
641,2.0472989189401454
642,1.894789113709028
643,2.058715454614428
644,2.0155775697688902
645,2.0527820886013375
646,2.00441030030666
647,1.9778800570708
648,2.0574943308935576
649,2.1260333345701645
650,2.041277214676441
651,2.096753831493967
652,1.882739654083113
653,1.8699914010289214
654,1.7150000063393738
655,1.7247759276115502
656,1.7130980339446633
657,1.8611316345113198
658,1.7898963802303258
659,1.893785950517828
660,1.7506486162849202
661,1.8379626047387059
662,1.7589753379494681
663,1.8029563932381687
664,1.6426640146846432
665,1.4268715852477918
666,1.408420957263493
667,1.3895106642360828
668,1.5562196992435657
669,1.526762764653035
670,1.4498916219223195
671,1.3439714052074188
672,1.2113681360250268
673,1.2105073732772857
674,1.1956763499421945
675,1.1218165244841363
676,1.0791704416025503
677,1.0881566837554453
678,1.0190119775026572
679,1.084488173775908
680,1.1115793401873155
681,1.0919366638091148
682,1.1107779089128484
683,1.0297087694171132
684,1.055846699775568
685,1.7666677952095367
686,1.9072737318473048
687,1.8402587695030443
688,1.6881245815781916
689,1.9162984667698701
690,1.952700909984527
691,1.8422598789579268
692,1.5604543479842612
693,1.1775550711765683
694,1.163129617844714
695,1.2039896186166903
696,1.4004521880335568
697,1.5418208969795408
698,1.4906354524682666
699,1.784646027012343
700,1.5896286983280963
701,1.4652022623382062
702,1.4147338013449864
703,1.5188113849230334
704,1.3196504900518515
705,1.8404187099316287
706,1.965424732267224
707,1.779920559547836
708,1.7378187565743013
709,1.5535224214037158
710,1.6266076273167787
711,1.6054406699140713
712,1.8531229468382147
713,1.7882548802543121
714,1.8199167867690973
715,1.9363670950521648
716,2.061044367519057
717,2.1337017328923764
718,2.0042692879350845
719,2.0044612716015364
720,1.917988759536831
721,1.642057459549101
722,1.6762969682093565
723,1.52096120200869
724,1.4481418837388254
725,1.550220675410935
726,1.649782439509419
727,1.5552873216905228
728,1.551674498034898
729,1.5928028099049378
730,1.760524461662036
731,1.887891061537246
732,1.812882450085853
733,1.7068353727421812
734,1.6488512116962382
735,1.5852617597958403
736,1.6310982126112996
737,1.6346033244409308
738,1.6612963838791035
739,1.5141339659018598
740,1.6392275398827347
741,1.3555975329226595
742,1.4178674029665503
743,1.5120841418317221
744,1.5112640786494578
745,1.543619219633039
746,1.3876362389930432
747,1.5271893601014932
748,1.5402955264294
749,1.3367210949983466
750,1.833850830180604
751,1.8028600571715994
752,1.8055797122578083
753,1.960702068632196
754,2.434746583932625
755,2.5129316428512616
756,2.7002279704507957
757,2.6544172656028677
758,2.808320898045125
759,2.4530892458362143
760,2.561121869238963
761,2.355017799020636
762,2.4619944908401057
763,2.774220964211951
764,2.387089164982651
765,2.2064057974712954
766,2.2290879036961107
767,2.952286627854893
768,3.032804362954988
769,3.135390672566648
770,2.9995996249908305
771,2.8551204801845036
772,2.9820096968311645
773,3.4465401547506147
774,3.427431297869611
775,3.476705740510188
776,3.4382169810879715
777,3.346495560847776
778,3.331464834505422
779,3.3663691407255176
780,3.4776808251088616
781,3.572444918247752
782,3.581354293258192
783,3.515387601345616
784,3.5785003867438165
785,3.648932061105337
786,3.4937828762469647
787,3.5247641156595564
788,3.5247641156595564
789,3.509597818542039
790,3.4268020278168265
791,3.4910834114144014
792,3.257479703670697
793,3.1336831799301117
794,2.5699377824358187
795,2.2902154109681505
796,2.9102298778867435
797,2.95184315254133
798,2.8391274755221345
799,2.860879156195988
800,2.7747867993975976
801,2.8259748499758923
802,2.935165670620115
803,3.011866007146524
804,2.905315134829338
805,3.0181638989707364
806,3.0501354066094737
807,3.193275861184549
808,3.241187396382091
809,3.3896876403520664
810,3.4114066558498615
811,3.5557621126963004
812,2.168338217300066
813,2.7981885096391745
814,2.094970252112613
815,2.077423048214197
816,2.044479627046899
817,1.5652890005684976
818,1.4539506107478612
819,1.6276514181424921
820,2.6229993010659496
821,1.1460502021526433
822,2.301367190107583
823,2.2915498990902123
824,1.8877429905691716
825,1.4650243120391255
826,1.9789455675075254
827,1.913486681658598
828,1.8558089546470349
829,2.591115435097617
830,1.942478898541174
831,2.852188638451595
832,1.994841687041909
833,2.5423177985099397
834,1.8454537845798318
835,2.1960397974741532
836,1.9984836774973562
837,1.9893336565983737
838,1.9784543213995163
839,1.9764476755961524
840,1.9421954403233828
841,1.5556041798425215
842,1.5744350460380774
843,1.290520908269583
844,1.3216639000749373
845,1.471574099673252
846,1.305535911791822
847,1.2085252539229472
848,2.0012511055468836
849,2.1941784311653296
850,2.0182003835029567
851,2.3101554548307908
852,2.595191747837194
853,1.4635446601340043
854,2.3354502412670275
855,2.2790311408151
856,2.0442119277384894
857,1.9817774322500645
858,1.914191898131335
859,1.706848296820295
860,1.5919571096629062
861,1.72275863085398
862,1.752761194009028
863,1.7477582858753453
864,1.7550144938067611
865,1.757375057837421
866,1.9206489678094085
867,2.0896445183610406
868,2.1260783743438036
869,2.2053096028433745
870,2.098255579099312
871,2.506254077041268
872,2.5119985383082435
873,2.61715532615095
874,2.6229011903350585
875,2.460127048623528
876,2.3101952613669337
877,2.28020930460137
878,2.165078186519431
879,2.082159129461511
880,1.77852385329972
881,1.6253897316660684
882,1.67069344493537
883,1.6386079036694459
884,1.5186590678451006
885,1.558272883948786
886,1.5686613533627396
887,1.5635420281051828
888,1.5624826706237613
889,1.7343932078479736
890,1.6106059388371836
891,1.6583705707223109
892,1.7113377665443268
893,1.8068695757244073
894,2.256741447744782
895,1.8599070622675915
896,1.7092656734244067
897,1.7526534699263887
898,1.4655894562440233
899,1.518773045980541
900,1.591709847143546
901,1.932179111258627
902,1.9314531239529913
903,2.02940568012223
904,1.6331324318616414
905,1.6820598721584277
906,1.9094572901155598
907,1.5006629966183231
908,1.4043752474383056
909,1.3593926683619253
910,1.76492830005176
911,2.135896455883147
912,2.1527612322447527
913,2.0973024271006895
914,1.932115411370053
915,1.7323356125568645
916,1.7287015472067948
917,1.9570161834517994
918,2.1183844457646273
919,2.2064502994058044
920,2.10320107053155
921,2.2774441577160336
922,2.057168553473947
923,2.2346300589483046
924,2.784855979660323
925,2.4313211019498095
926,2.7136126346833676
927,2.5851810993242657
928,2.4777519383438196
929,2.2984135111243935
930,1.8655784473462782
931,2.103152950372642
932,2.335612322693954
933,2.2616350446763596
934,1.9459392163440474
935,2.2347227739066238
936,2.0887080693209366
937,2.522803397945998
938,2.7025545142719687
939,2.993922434438939
940,2.9554423486837624
941,2.9008759198094642
942,2.708131645972156
943,2.8891252410742827
944,2.5370787909977057
945,2.414293148084964
946,2.03311815913522
947,1.8811842940518302
948,2.0813794327737405
949,1.9987410749162375
950,2.0298752450462065
951,2.1678723516492653
952,2.304968211419877
953,2.3796336422806177
954,2.4178679632732183
955,2.2627285235106718
956,2.325118864775496
957,2.25529816893943
958,2.2227301172857037
959,2.385035039983082
960,2.84532892613631
961,2.6666430162426407
962,2.368962317013108
963,2.4310984910628055
964,2.4131314081610555
965,2.0407240121063888
966,2.285773627563462
967,1.9905714621288286
968,2.305381194663362
969,2.2672858773934124
970,1.907276317663062
971,2.0970590010527763
972,1.9435738935822722
973,1.9644137579839607
974,2.0071937995222684
975,2.089350647271843
976,2.050953189422418
977,1.8495257978676123
978,2.260043678865937
979,2.34830244061075
980,2.4023016631641907
981,2.690397674916755
982,2.7037985134706766
983,2.870574749780039
984,3.03949000987012
985,3.013618584329145
986,3.0445918630166386
987,3.163720127537793
988,3.2231178423074667
989,3.424906341202162
990,3.083493955487106
991,3.020703802171997
992,2.94299758278845
993,2.966128050713799
994,2.987148344622578
995,2.8941174385162904
996,2.8271994967152017
997,2.6487540088049584
998,2.792188497433662
999,2.8374149206753794
1000,2.7692119032073794
1001,2.64100975140133
1002,2.5459953726983837
1003,2.7342697684668518
1004,2.714559128318536
1005,2.868557317099111
1006,3.1925972019963624
1007,3.2249231460528627
1008,2.7246484645563966
1009,3.3717762389460453
1010,2.5918680209919027
1011,2.9044886404674313
1012,2.7397172326830805
1013,3.059313819814144
1014,2.5971645989296945
1015,2.548205586048704
1016,2.4050505838950658
1017,2.41451306282304
1018,2.4781527158571826
1019,2.745250435798378
1020,3.3546591993051025
1021,2.8845859437427355
1022,2.805751787594502
1023,3.038466554936894
1024,2.8666067269855087
1025,3.2619699838370058
1026,3.251281482306808
1027,3.2143783152497694
1028,3.2031246117589824
1029,3.1034150315158247
1030,3.216760551225683
1031,3.2869636485423355
1032,3.0743976229501047
1033,2.4444561870663977
1034,2.6648637631448913
1035,2.190863326294755
1036,2.1781803002871376
1037,2.333582253735171
1038,2.7744209814331433
1039,2.1487239604538444
1040,2.2219809935217114
1041,2.19905547807704
1042,2.26036429336462
1043,2.411523614182071
1044,2.172812417891216
1045,2.0529220814319866
1046,2.154144890735694
1047,2.0628783626680782
1048,1.8530666072625892
1049,1.9443866697505519
1050,1.6921107436866087
1051,1.8446921809862495
1052,1.8209587688773998
1053,1.9114043806296797
1054,1.8611371190578632
1055,1.9508893671670988
1056,1.8162912235552726
1057,1.9256798362734426
1058,1.7975099478347867
1059,1.856622673228509
1060,2.4150206927876017
1061,2.244626902953864
1062,1.741593635951339
1063,1.9693662154916924
1064,2.686600419540634
1065,2.6696299528642595
1066,2.8946555776614593
1067,2.8850259122498736
1068,2.64195676743661
1069,2.690965741956074
1070,2.648178165683215
1071,2.64311943000359
1072,2.434982202274803
1073,2.4739096838463874
1074,2.479459982017635
1075,2.302978987002628
1076,2.1556685959268065
1077,2.0942082918232567
1078,2.2374665763713186
1079,1.9833012802582601
1080,2.298323670580837
1081,2.275580466038235
1082,2.3305788955779994
1083,2.3394763275789106
1084,2.138387362770429
1085,2.2019024308211157
1086,2.202235256915373
1087,2.20491319028244
1088,2.2023155122746743
1089,2.429931140057005
1090,2.441753327602082
1091,2.5309907976388843
1092,3.1024598043738694
1093,3.969312539157006
1094,4.127670185225605
1095,4.015478542672339
1096,4.062480484089336
1097,3.975726293835145
1098,3.970033558881926
1099,3.865157934174999
1100,3.801948610586266
1101,3.788305212716633
1102,3.8639817406956403
1103,3.8416071282906947
1104,3.721454427888043
1105,3.7204973603665907
1106,3.817650044828844
1107,3.6897870015878578
1108,3.6367629610900996
1109,3.5178890624906574
1110,3.5084123859590575
1111,3.5294173886464817
1112,3.6247298013834164
1113,3.7561698199570537
1114,3.641430256302556
1115,3.706293614078154
1116,3.4716574158927695
1117,3.352115633584235
1118,3.2376434298416243
1119,3.2127477816044308
1120,3.270776868786836
1121,3.1731153957591234
1122,2.940240252039122
1123,2.9343032077999385
1124,2.8080063705490925
1125,2.8080063705490925
1126,2.819343052252333
1127,2.9222945551905384
1128,3.0444432399254717
1129,3.0839492131189443
1130,3.157255403064371
1131,3.0308584878553564
1132,2.8882374796572887
1133,2.8882374796572887
1134,2.839718909812499
1135,2.8629953059584508
1136,2.9040058160523383
1137,3.3581470916338105
1138,3.6662168077706676
1139,4.238673386861854
1140,4.190528734787249
1141,4.293361480315536
1142,4.0512040909005185
1143,3.7194176169528674
1144,3.804489731351686
1145,3.312705994804977
1146,3.7167419320220363
1147,3.1179333769089346
1148,2.9291710898285217
1149,2.510259950742749
1150,2.1842661212130903
1151,2.1706948999765534
1152,2.1072313873194815
1153,1.9725727437595906
1154,2.183775008862641
1155,2.1794078733442275
1156,2.143168618046149
1157,2.0136050471065365
1158,2.260827147768065
1159,2.8010100705833025
1160,1.9863795276758487
1161,1.891408368645019
1162,1.9157155855123427
1163,3.308746906404387
1164,2.8740691657165787
1165,2.653366603024043
1166,2.586576150057913
1167,3.0346000732617173
1168,2.452097746681277
1169,2.488590512138913
1170,2.64957019331946
1171,2.5717231504854685
1172,2.6013582288317507
1173,2.9155604700223603
1174,2.9786032640570412
1175,2.99700929488725
1176,2.881034615910226
1177,3.1874586612101363
1178,3.1377037346677557
1179,3.4050441455626466
1180,3.834507507693164
1181,3.584196282888256
1182,3.984006348120226
1183,3.7305030680380376
1184,4.245018295424178
1185,3.520786800469667
1186,3.573062797373137
1187,3.9535785439815383
1188,3.290989138350135
1189,3.301438468601878
1190,3.2582566308482024
1191,2.9382247413753504
1192,2.6895506487606826
1193,3.1001625986687857
1194,2.612569529969262
1195,2.514822815269903
1196,2.5464203826369975
1197,2.6295990004393155
1198,2.539786897829397
1199,2.867421649868619
1200,2.91181721293457
1201,2.9965646672092223
1202,2.73178658551809
1203,2.85753399498728
1204,2.796293796174872
1205,2.5806115413324937
1206,2.634970712014742
1207,2.661020835557398
1208,2.8480647371955206
1209,2.8986775638745077
1210,3.130501500916727
1211,3.024692818800881
1212,2.972670519202537
1213,3.219229042868167
1214,3.4172957180114465
1215,3.514243186496327
1216,3.8705105715442167
1217,3.7312666171019955
1218,3.5708584590969594
1219,3.9602092763316157
1220,3.339642769002372
1221,3.8581335384815127
1222,3.859564069931434
1223,3.44014105084159
1224,3.1491998208432017
1225,3.5135967952880636
1226,2.9896030806316314
1227,3.2273047113877174
1228,3.323552524820631
1229,2.8408792280959245
1230,2.4391550273447637
1231,3.2191067720504547
1232,3.2506449123556864
1233,2.992275710308086
1234,3.239880028641443
1235,3.3484460123724338
1236,2.767529545411916
1237,3.029199697644385
1238,3.5123604743128767
1239,3.5045728750978653
1240,3.5619022508962948
1241,3.624630523188384
1242,3.6814314881158605
1243,3.1144516492982595
1244,3.1748662345132668
1245,3.336712096505583
1246,3.0844286355134405
1247,2.994467754722987
1248,2.854134284195849
1249,3.2615592171038363
1250,2.870550895728053
1251,2.821584527733576
1252,2.8003589401159683
1253,2.397372545445971
1254,2.3699945966263787
1255,2.3975631137359685
1256,2.2909665599423366
1257,2.2652854638194606
1258,2.4109966188113208
1259,2.62344140449939
1260,2.5848175697674933
1261,2.5182751442710107
1262,2.2789300591636206
1263,2.313392979438199
1264,2.4801758317405946
1265,2.980623241758846
1266,3.6781846923082484
1267,3.7837685000652743
1268,3.9237708249362053
1269,3.930932496746857
1270,3.859138518083559
1271,3.879266419709046
1272,3.909468313450748
1273,3.9343671770871116
1274,3.8593033525674048
1275,3.8593033525674048
1276,3.837084618222151
1277,3.6516251795748853
1278,3.6627356273304215
1279,3.564662928615629
1280,3.3978898962438464
1281,3.362205082625074
1282,3.3002732066083085
1283,3.285188071969894
1284,3.0909274608779347
1285,2.7912955806642765
1286,2.7065547060086295
1287,2.742812341653617
1288,2.7906732841619712
1289,2.9669990758951554
1290,3.2559713331493185
1291,3.463552241610093
1292,3.6379627264912053
1293,3.667292378971832
1294,3.7323409186674303
1295,4.016792802764333
1296,3.948192042229186
1297,3.511189828835155
1298,4.208019123442757
1299,4.11754692092323
1300,3.3319449447414056
1301,3.4616760524736487
1302,3.583918415576203
1303,3.852314355563478
1304,3.4628530166670632
1305,3.4247963706318116
1306,3.253984158479794
1307,3.2852949671982365
1308,3.092272419301514
1309,2.7214633658782175
1310,2.985022161637686
1311,3.1281663042701187
1312,2.8380574244999623
1313,2.9277413568652415
1314,2.934073237127698
1315,2.7572948359623184
1316,3.262500377365462
1317,3.802431503588801
1318,2.8874785861954875
1319,3.7663532051118374
1320,3.796802388374869
1321,4.168821860548489
1322,4.151235167839
1323,4.090667170763276
1324,4.027176172547753
1325,3.969613153451094
1326,3.944763160209068
1327,3.7949478008235578
1328,3.7659406291428104
1329,3.648834969877813
1330,3.6159304304198834
1331,3.688586323921468
1332,3.451433673737826
1333,3.633018569304721
1334,3.3174626013138244
1335,3.188540248747379
1336,3.062948970629449
1337,2.5473469567373357
1338,2.4446170304938013
1339,2.10391258724259
1340,2.311673258286754
1341,2.5911987516629837
1342,2.2269029734290386
1343,2.1648513940080965
1344,2.406299791166887
1345,2.773418148100719
1346,3.179501879989246
1347,2.5271265612420795
1348,2.7324381771777224
1349,2.6671822632080335
1350,2.9221355267452838
1351,3.205134757002153
1352,3.3225115143227564
1353,3.4380707358222797
1354,2.894630663429805
1355,3.230891655621038
1356,2.927283512585897
1357,3.0152660934973867
1358,2.409364629353054
1359,2.7290531412391417
1360,2.6905888805927307
1361,2.7469310386330412
1362,2.8605231226394303
1363,2.3161191497825575
1364,2.4954267966709356
1365,2.4615588586777695
1366,2.1949698103129114
1367,2.4017104727614633
1368,2.656505111038996
1369,2.309834951599245
1370,2.1107476434863472
1371,2.091963305202338
1372,2.094939305805181
1373,2.0861229978089666
1374,2.17875178102973
1375,2.19925534143591
1376,2.479344718025167
1377,2.3733360177895952
1378,2.3896405438182904
1379,2.5319897492170447
1380,2.644228436674989
1381,2.3482507217568918
1382,2.241786078341762
1383,2.6495567416410495
1384,3.3311275637113895
1385,3.494560877601684
1386,3.8063148979613355
1387,4.231905804306031
1388,4.0893280203835465
1389,3.9652652723893347
1390,3.939043095996704
1391,3.7224908846013585
1392,3.4514994210816243
1393,3.215277079892506
1394,2.7728663058296514
1395,2.9276643883136666
1396,3.0769449255690837
1397,2.9393570486458076
1398,2.470577947474677
1399,2.162805416677193
1400,2.429817192955485
1401,2.6102980245728524
1402,2.551603987369503
1403,2.3837196915560264
1404,2.6991768737812176
1405,2.80051853760035
1406,2.8111011616354777
1407,2.6527299965983873
1408,2.762171297876648
1409,2.852854906111318
1410,3.0102583181082974
1411,2.7225280584471663
1412,2.8062171198733883
1413,2.598202152659002
1414,2.639934671314062
1415,2.4062704728991107
1416,2.416941309746226
1417,2.454450779443196
1418,2.557967113072057
1419,2.412033787833499
1420,2.6126502388014896
1421,2.8683863252788595
1422,2.9035534687540827
1423,2.8460283504867303
1424,2.773867965629314
1425,2.8041365267856615
1426,2.8835058698376654
1427,2.7751731934876935
1428,2.7498018610258366
1429,2.8018882946347317
1430,2.7912861154679875
1431,3.142370594391982
1432,3.1132966097566195
1433,2.7876336707911524
1434,2.9278421047107246
1435,2.5577494522099182
1436,2.5551703138908812
1437,2.4023137110021224
1438,2.4057263015138735
1439,2.204136516260374
1440,1.8281261954877197
1441,1.8300170923219155
1442,1.6737904771322067
1443,1.8660047379963074
1444,1.941005935987763
1445,2.1304285008961634
1446,1.737997988625746
1447,1.9049630427832192
1448,1.4539794235996306
1449,1.5074651033165802
1450,1.4466275307950152
1451,1.619476551797218
1452,1.6918336127042548
1453,1.6576238028686159
1454,1.5847610277850381
1455,1.6153324667624929
1456,1.562884670621625
1457,1.591072962994398
1458,1.5971212679456432
1459,1.6065293913878578
1460,1.6419525686799623
1461,1.6024856872431967
1462,1.5654638532236125
1463,1.7495447285325663
1464,1.7267657518840493
1465,1.472549733330843
1466,2.0252129112721224
1467,2.025691004579472
1468,2.0138713711388694
1469,2.220570533689683
1470,2.603465259435988
1471,2.277695480410744
1472,2.387538465322944
1473,2.003567182832997
1474,2.0637339394684537
1475,2.118864113220651
1476,1.7846821262013837
1477,1.6216431130379345
1478,1.794806031479338
1479,1.8860966242188872
1480,2.394248130038728
1481,1.7498123475503378
1482,2.0691730571773466
1483,2.2167747521688748
1484,2.337907426752605
1485,2.2940663714807843
1486,2.3885763903345687
1487,2.2532657849126037
1488,1.988543233609196
1489,1.8731587852065557
1490,1.9307972852450974
1491,1.8341014605215082
1492,1.8313424877830575
1493,1.508724807683719
1494,1.487098747020335
1495,1.5191082341963267
1496,1.597617752139014
1497,1.6206093492799627
1498,1.7066082062721255
1499,1.8443088896472914
1500,2.125690756042997
1501,2.3490450774660507
1502,1.9209225226989248
1503,1.822142651532709
1504,1.8975305646484415
1505,1.8342068175584896
1506,1.8853056023738066
1507,1.775301406159845
1508,1.7492182207563112
1509,1.7400343627541006
1510,1.7200360776935282
1511,1.7291240924641278
1512,1.744750695377933
1513,1.7052334832167193
1514,1.8207336027745327
1515,1.919096229137415
1516,1.7057324803039775
1517,2.0855385383507383
1518,2.4836535982512404
1519,2.5032959894989837
1520,2.6358048963293363
1521,2.5428870650536366
1522,2.7660677600444687
1523,2.8397967697828825
1524,2.8502070477183583
1525,3.03908786605149
1526,2.9672924035304895
1527,2.7668410514192594
1528,2.703469428500473
1529,2.5208981718159804
1530,2.605164364873576
1531,2.771738279119474
1532,2.5439636418349596
1533,2.552133170519191
1534,2.381624346280849
1535,2.6579776449704546
1536,2.3817249330033303
1537,2.548627089359252
1538,2.37188914567464
1539,2.2973402555802758
1540,2.3587994490964896
1541,2.5306399295532143
1542,2.7072127402876682
1543,2.97651741672893
1544,3.4124935558960945
1545,3.392896523002441
1546,3.2768539680465745
1547,3.481593627797828
1548,3.5082630445809673
1549,3.621060666480525
1550,3.6342915196368972
1551,3.552274116108648
1552,3.64278873738794
1553,3.5770739400850573
1554,3.5434152995596486
1555,3.535552046974772
1556,3.5095461335722846
1557,3.614173895597184
1558,3.6159293995846817
1559,3.6250687844311487
1560,3.644748346188008
1561,3.5958753283677365
1562,3.454178817682899
1563,3.4436911891307966
1564,3.2749857863396867
1565,3.4962513468555683
1566,3.4408560415185727
1567,3.4350235192077836
1568,3.453623360883517
1569,3.4547142956383055
1570,3.3992310120026343
1571,3.561067206371016
1572,3.5165551009508356
1573,3.474679697742024
1574,3.567762867555147
1575,3.4753482089287617
1576,3.4176990570342443
1577,3.290811102268565
1578,3.1421554483921628
1579,3.190223625892197
1580,3.2479060771986625
1581,3.3851449259069586
1582,3.39427736578967
1583,3.50574673406317
1584,3.517673159202456
1585,3.4533446324713304
1586,3.5543350080241867
1587,3.4894080587965264
1588,3.424414021116117
1589,3.5576169863331244
1590,3.657837105469387
1591,3.503417458823189
1592,3.7261800611889084
1593,3.8501329097758337
1594,3.876631304742449
1595,3.9684596669824677
1596,4.069025143370927
1597,3.9365781248447727
1598,3.926213085573465
1599,3.8816838655862735
1600,3.7525341924205753
1601,3.5505598381498245
1602,3.5460263119111444
1603,3.074601136096149
1604,3.241752365279858
1605,3.056445905921669
1606,2.6912556646677706
1607,2.780622435925304
1608,2.939015074987579
1609,2.718894403020215
1610,2.8241725015450445
1611,2.539412479334802
1612,2.4938337693963626
1613,2.7467331750959634
1614,2.4208340322329516
1615,2.1665316635174054
1616,2.032289167217946
1617,2.2758716612189107
1618,2.355145507713474
1619,2.218791946659748
1620,2.402239790464991
1621,2.602553654966069
1622,2.2616706929980457
1623,2.395081769535379
1624,2.8414637097307827
1625,2.6065998517324918
1626,2.323320727896454
1627,2.272276353767769
1628,2.6986775590579426
1629,2.209015044717914
1630,2.2995428692891338
1631,2.0151999948644423
1632,1.5431546627699277
1633,1.5175921777638162
1634,1.559924792495696
1635,1.3179444358225696
1636,1.357830420795838
1637,1.2695389052374413
1638,1.3730165878871445
1639,1.3641940761924307
1640,1.4605191935626816
1641,1.4310477352584807
1642,1.3177141317100656
1643,1.2496306296289932
1644,1.3225255151457387
1645,1.22724990047176
1646,1.230095141897795
1647,1.2397007994748401
1648,1.282979962004832
1649,1.245012218329272
1650,1.5815453256415588
1651,1.6865664446747404
1652,1.6711390932503645
1653,2.0113635898873663
1654,1.8989239044723611
1655,1.3921984666707115
1656,1.9941300828781328
1657,1.8954700416615244
1658,2.142165542183284
1659,1.9429815092622056
1660,1.9785980469261042
1661,1.9044115644869262
1662,2.040626037487588
1663,1.9790260114581906
1664,1.9378819117556816
1665,1.7805080068660117
1666,2.115457034821347
1667,3.0796105102436067
1668,3.0720852652862147
1669,3.2326441409562543
1670,2.5126673626864098
1671,1.8712570015229644
1672,1.8987317463778768
1673,1.6214107238743103
1674,1.6466139434269604
1675,1.3596446504183444
1676,1.3079166146702919
1677,1.6389655807019448
1678,1.6663909943287647
1679,1.4486074132673499
1680,1.1803014861543062
1681,1.2126577269016254
1682,1.0786153587857634
1683,1.1380296075680063
1684,1.1716577274913513
1685,1.1302557470159453
1686,1.0776181654491512
1687,1.1436481211719043
1688,1.0074388904351181
1689,1.013636999468045
1690,1.0348998427441152
1691,1.059987344110302
1692,1.0961448612204896
1693,1.3152932565297206
1694,1.1183897614232179
1695,1.1173602678390036
1696,1.1291694589846486
1697,1.2164388379747304
1698,1.2733077188334114
1699,1.2333344268361741
1700,1.208802438558964
1701,1.1587736762072824
1702,1.2138382722088017
1703,1.4990378581075563
1704,1.4983754821602042
1705,1.384305855565831
1706,1.834814274959082
1707,1.4827461257286159
1708,1.4019243637823764
1709,1.9019316075348622
1710,1.5820760254794435
1711,1.8870450942860113
1712,1.9093724667412562
1713,2.025038535627251
1714,2.5246160376381246
1715,1.8534214832028664
1716,1.6819965520322118
1717,1.4923903205648181
1718,1.8748260257288663
1719,2.293320893682227
1720,1.9000114776922787
1721,2.1226059939005326
1722,2.13118204874805
1723,1.9577906531382547
1724,2.1890519953929752
1725,2.252880854437981
1726,1.8880371572982741
1727,1.7214580305528215
1728,2.3137556916207687
1729,2.3973867111936324
1730,1.827828873744509
1731,1.9126616386712365
1732,1.808531290368112
1733,2.185099071622971
1734,2.1290712606774913
1735,2.2256576877314056
1736,2.5140584524671534
1737,2.3848542356863476
1738,2.6018655720925077
1739,2.5358427377429695
1740,2.663634068569302
1741,2.5452854861884533
