,0
0,2.1497304648781728
1,2.114685716383207
2,2.20947015875289
3,2.0964150674054034
4,2.0039859048357926
5,2.0346324936599722
6,2.053118776863876
7,1.919338664717861
8,1.8900651263868422
9,1.973754532854535
10,1.9968952099191752
11,2.7321311993520903
12,2.6859856919253557
13,2.7232904113302254
14,2.574545098478874
15,2.659785821788279
16,2.7695255413424396
17,2.7675834392587872
18,2.6966608121566766
19,2.7186713873783073
20,2.6970632005878126
21,2.658637967121545
22,2.5974003022947123
23,2.5951978864250704
24,2.5350905582357166
25,2.64555974452233
26,2.833388412311942
27,2.89361319584284
28,2.856978826586637
29,2.7911936984259955
30,2.625929741040236
31,2.7403594636371467
32,2.7614120215018048
33,2.769707067952093
34,2.580140294660157
35,2.2802844092729297
36,2.29805017033637
37,2.511099647378385
38,2.572187497884764
39,2.626525076706524
40,2.6251331979399644
41,2.4766329459767045
42,2.4367392710435287
43,2.6975490263931468
44,2.9438842527513476
45,2.5539843044398687
46,2.5486522858730187
47,2.45157332055245
48,2.405546285996038
49,2.3682638906490694
50,2.3554435743517046
51,2.245083906614455
52,2.251174404345437
53,2.565467350130456
54,2.2079561589834364
55,2.2159461659323756
56,2.102686593377992
57,2.3922618019802853
58,3.133212423203299
59,3.361277699304569
60,3.5121746709900026
61,3.3950978860181857
62,3.266671813882954
63,3.0282107643522647
64,2.9338545081282366
65,2.8359843866807104
66,2.814199221674738
67,2.7075045625288445
68,2.8040466668871367
69,3.114114691211029
70,2.614572472361716
71,3.3517907300622847
72,3.3813140787520792
73,3.3264744579226155
74,3.231962262315167
75,3.019707993804277
76,2.905160359630798
77,2.8905409298511264
78,2.8412226415935122
79,2.8155854728266667
80,2.738021693252158
81,2.691345281000089
82,2.72494211350869
83,2.7974104317189257
84,2.9770458964424784
85,3.248218905810359
86,3.61823228180583
87,3.897957058770746
88,3.919120438815926
89,4.043235983882962
90,3.8653334837987994
91,3.344795008993816
92,2.9658898875976853
93,2.9791839439404146
94,2.931327209629987
95,3.069887023589039
96,3.1524204202008734
97,3.246271887776664
98,3.5735237817417365
99,3.5994717072893607
100,3.6195538656323776
101,3.6390900725063307
102,3.6465749558631457
103,3.6409035063775614
104,3.63452821315973
105,3.6429603706304885
106,3.6695512943500774
107,3.654767932606589
108,3.6181459393187083
109,3.6134675256359428
110,3.098337829392221
111,2.8085221248420376
112,3.270380983488834
113,3.3945194514767265
114,3.1840240790031755
115,3.2167270076894883
116,2.8488989575118127
117,2.7951418450067425
118,2.6119712631524603
119,2.531744740773033
120,2.501459364839558
121,2.220642370145053
122,2.133594289426783
123,2.5059159885816666
124,2.484048245171805
125,2.548080654300673
126,2.665095532559636
127,2.994161004156981
128,3.037463989439463
129,2.98605416249671
130,2.8681078812580054
131,2.7854691235390576
132,2.7738365676635652
133,2.7398190922764485
134,2.7049938049864375
135,2.780416777522636
136,2.663577827992178
137,2.7143280628268727
138,2.760791458874698
139,2.821263325537014
140,2.762280248535782
141,2.785785091869368
142,2.9751971896865106
143,3.1834433728975586
144,2.9777183189144227
145,2.682572591212025
146,2.7282128899847202
147,2.750539002343194
148,2.923143810857752
149,3.0921904641829228
150,2.808404483654438
151,2.996547095103607
152,3.0511593746245436
153,2.595266092000438
154,3.0469359920701504
155,3.240541759119216
156,3.1206859446075734
157,3.185459050601872
158,2.8174813562251573
159,2.984543557713648
160,2.953387311903045
161,2.865381499486195
162,2.7239201601417298
163,2.5165589512847606
164,2.6474444200750074
165,2.5880236066904776
166,2.538158645586644
167,2.459034493827671
168,2.4774603458412345
169,2.599079768130896
170,3.0014587213789197
171,3.002312656835194
172,2.922660460810836
173,2.9003492760407497
174,2.8627722341207003
175,2.718263133528308
176,2.6729457368178413
177,2.6032280033463264
178,2.80238836656933
179,2.589786481041557
180,2.8451422160102657
181,3.01317430609417
182,3.0301765303537316
183,3.0472043370500996
184,2.9920448325053535
185,2.958334929004315
186,2.8720756915680585
187,3.0266821357919116
188,3.329711840757733
189,3.652640623161156
190,4.054728495665706
191,4.194620075041921
192,4.338013325445881
193,4.414685741553017
194,4.141169536153659
195,3.8355535604783353
196,4.026876908894211
197,3.8830195920800215
198,3.5862475183881317
199,3.181538419502463
200,3.456066696257237
201,2.8790513826060855
202,2.806359283444518
203,2.6979298974350145
204,2.5343884597302258
205,2.4840464907580455
206,2.665965995360867
207,2.519569190593304
208,2.298363296672875
209,2.3765102803143825
210,2.4657191231850977
211,2.2406075185919123
212,2.24050764907072
213,2.120311343666694
214,2.1076437668903996
215,2.161721629071109
216,2.551358765553197
217,2.3681166416239003
218,2.2090006579592742
219,2.1697847678465454
220,2.02200950249284
221,2.4938215780243476
222,2.4992583780158877
223,2.2561908638900685
224,1.9503987336868995
225,1.8040596385088965
226,2.543667647293257
227,2.47072219460723
228,2.291079874305248
229,2.2827726143407774
230,2.4224996280285245
231,2.4134333853585797
232,2.456472453234775
233,2.4601105635541733
234,2.453886943453691
235,2.488030277470373
236,2.4023855565629244
237,2.2832150956599575
238,2.2598380951210384
239,2.477510414100436
240,2.4541303082079513
241,2.5715464727913453
242,2.6224001059150037
243,2.581805173904914
244,2.6713829293059357
245,2.3664795449427363
246,2.3693231296397697
247,2.2788904015173896
248,2.2464072970845295
249,2.209990037926249
250,2.1255684463210307
251,2.0526951706159426
252,1.965153306492526
253,2.0262759189819266
254,2.0161901705371466
255,1.9990550919384167
256,2.0107799685565118
257,2.1465912722184277
258,2.1182160864346584
259,2.2725775226384033
260,2.2165431232800334
261,2.3323377705815536
262,2.1715228775869364
263,2.3795379252950375
264,2.0694851457780765
265,2.0740367848421513
266,2.1029560398164
267,2.110459755796736
268,2.1192524596601623
269,2.1920106422238197
270,2.121409643783086
271,1.9019426911206108
272,1.8142818189999643
273,1.7811170426681302
274,1.7497709825566103
275,1.8315105111007155
276,1.6351479398233555
277,1.6329511585555243
278,1.5655321714823058
279,1.653104969368664
280,1.583321815660368
281,1.616865666568534
282,1.5897223162582244
283,1.5766857021768748
284,1.5251066443126087
285,1.5240227915974136
286,1.7855056383177068
287,1.5398041230643102
288,1.5185343030659795
289,1.5068855343718526
290,1.4568614176706582
291,1.448150705919497
292,1.543751739438493
293,1.564483235145469
294,1.548476418377535
295,1.5481814651837722
296,1.451783307379179
297,1.3916343397618063
298,1.418035052392353
299,1.4998688279259331
300,1.3473906432968799
301,1.1253693534142712
302,1.1258678683209487
303,1.069640405220966
304,1.2035802381417011
305,1.26042623229703
306,1.2051286219234292
307,1.1234428366672966
308,1.1062787721937914
309,0.9775818653527145
310,1.0157041363973762
311,1.1305981348207739
312,1.1379836849255052
313,1.23626778931495
314,1.2306219276126062
315,1.154992697469535
316,1.1497551948873634
317,1.0870381518096663
318,1.0251188367119213
319,1.0353398101828297
320,1.060658343935245
321,1.0455402722801297
322,1.0511566418970146
323,1.0418400633008276
324,1.7168509858171292
325,1.8116420572435872
326,1.930433710068476
327,1.8443462712368892
328,1.9110087206982114
329,2.0030638208175358
330,1.9495136056797484
331,1.89062475574831
332,1.8471755978882902
333,1.8280433620880827
334,1.940526910444333
335,2.05899924510379
336,2.055255050717411
337,1.9977192056857682
338,1.593123110895165
339,1.4901334268717203
340,1.5803382873233098
341,1.5150441325952764
342,1.4862808310001525
343,1.4987484664534327
344,1.4589338114364145
345,1.342343206755386
346,1.449591688440071
347,1.6338851172318796
348,1.7575027283046571
349,1.6177925416511667
350,1.7854092897919573
351,1.9549412135668414
352,2.0371956641101354
353,2.073208281478709
354,2.066575290682138
355,2.087095773237739
356,2.1429345532659516
357,2.129497460136203
358,2.121685029376788
359,2.05083750878148
360,2.039383965796869
361,2.0977074434583938
362,2.11257797446103
363,2.0283744846443748
364,2.4053469744555036
365,2.5036922350346345
366,2.4293669145249535
367,2.4113718127968142
368,2.68051641202432
369,3.033806661954494
370,3.2000561039554247
371,3.26110323103552
372,3.1995796153614573
373,3.301673699830885
374,3.2456161592594883
375,3.2106371241886595
376,3.084287535822767
377,3.0002316781158407
378,2.9943017439335766
379,3.0419637630407905
380,2.908747073225436
381,2.9532853365140297
382,2.9058035429115807
383,2.8309265192998088
384,2.7504268580135682
385,2.6825901125132963
386,2.6642585090541364
387,2.615985443096343
388,2.528188482117402
389,2.4911741586098937
390,2.3767832656958854
391,2.3235327381404978
392,2.3473120550967077
393,2.3178546165488694
394,2.322228274056105
395,2.278797432419409
396,2.351221719576753
397,2.2759640649472126
398,2.2478338265907443
399,2.2401727961083373
400,2.14079968682485
401,2.277692813778882
402,2.203208985411054
403,2.2849182309287333
404,2.156854804622684
405,2.0836152711815594
406,2.112266285499633
407,2.0499874310454422
408,2.031510241454675
409,2.0740628524102402
410,2.051407102615923
411,2.02059810651012
412,1.9478380252495617
413,1.9861549939718217
414,1.9349293528319287
415,2.2992087895663973
416,2.376860518416806
417,2.4069460640906137
418,2.340699155207834
419,2.4270921814122763
420,2.360553097721099
421,2.3969306391402543
422,2.71549294794123
423,2.875053898682875
424,2.949107764038776
425,2.950124392334125
426,2.758773093001591
427,2.327445737218065
428,1.9001146467802423
429,2.135813808215855
430,2.2759940356102955
431,2.147752891095872
432,1.9581866157142687
433,2.124055311974008
434,2.11724441913108
435,1.9070681139855863
436,1.6434108400648766
437,1.611259867011809
438,1.60498745882031
439,1.4906363230785822
440,1.4021843252562045
441,1.5111177750303482
442,1.4094366356237995
443,1.3942403388982005
444,1.3728439115413638
445,1.3552547309313296
446,1.4006426761533934
447,1.3248843350735604
448,1.328124564708424
449,1.311297307293542
450,1.3763766243168216
451,1.3659216570539017
452,1.3151149451805957
453,1.3542837932446699
454,1.4356141603648245
455,1.4303744235378477
456,1.4032909648395162
457,1.347856307932328
458,1.312428292139331
459,1.3014439076292963
460,1.3027249366399294
461,1.4967746018964316
462,2.5273458524401744
463,2.4408057788429915
464,2.449260541444937
465,2.6022658207509837
466,2.6005117886249995
467,2.678100337078107
468,2.775365049684099
469,2.8708971980923508
470,2.920827647078271
471,2.922444760723346
472,2.9565146176335775
473,2.956592707394367
474,2.952841821887967
475,2.858972412707773
476,2.8794494115760103
477,2.8139500410097518
478,2.709826615837666
479,2.806160652029871
480,2.8366448412537526
481,2.8622820671276172
482,2.8060735849728924
483,2.654442624115109
484,2.613639138913681
485,2.600963905483021
486,2.59692428124121
487,2.5721146464070532
488,2.5474247615293275
489,2.7784479989488227
490,2.833793947216782
491,2.836805071748166
492,2.8068447212105645
493,2.8116194108928902
494,2.862982106044566
495,2.8396118366126757
496,2.816360294086811
497,2.7983618085318627
498,2.823866893995265
499,2.9184315469573026
500,2.5104811330640078
501,2.486798852633038
502,2.655806314832261
503,2.459975048285609
504,2.36693188731137
505,2.509308422287108
506,2.490807708580924
507,2.478148980129561
508,2.4070825160275646
509,2.379118451852197
510,2.3109773234753845
511,2.2308029183156424
512,2.192397056488363
513,2.1361609454027928
514,1.7051436691530444
515,1.7195495473619424
516,1.817878793105714
517,1.8093771462046133
518,1.7834216378997456
519,1.7892572876964983
520,1.7420042347126312
521,1.8019673587156524
522,1.8918653901864675
523,1.9202797399666605
524,1.7443204223050055
525,1.8050753498863774
526,1.6928547513470367
527,1.877057798359326
528,1.889238321077637
529,1.9470015713450242
530,1.9232204980217689
531,1.9389460812545007
532,1.752749978846443
533,1.6389976027812332
534,1.443301192125929
535,1.3904675328437615
536,1.2952701942201137
537,1.3562081637723022
538,1.3591072771175357
539,1.418275756909981
540,1.2914583879358819
541,1.3143356429422783
542,1.2488346994139858
543,1.24348525593639
544,1.2485430056166316
545,1.2608496750218214
546,1.1951310603601666
547,1.1453909564650349
548,1.3661463351020657
549,1.376749229957229
550,1.3559369757914082
551,1.4911303731090262
552,1.4061878220965487
553,1.4590376208924936
554,2.1873914399448826
555,2.3355724228138794
556,2.305266739954631
557,2.350298213929995
558,2.3623150967152076
559,2.241735709422463
560,2.275664108327947
561,2.3580182284479605
562,2.422764800959685
563,2.6172941688402545
564,2.6063964703647735
565,2.5785159170296277
566,2.632356550127925
567,2.678566943464684
568,2.628552354524207
569,2.8669946908896033
570,2.6668266656780175
571,2.582112777838595
572,2.4881422577090553
573,2.5238145522277327
574,2.5730775603917677
575,2.4999818587231974
576,2.487010881492852
577,2.559723734369405
578,2.660908206052634
579,2.711075931250228
580,2.6627557249128815
581,2.7169067320819975
582,2.7447174122301723
583,2.723548319293164
584,2.9290242720544395
585,2.6851704703860606
586,2.6530510894076014
587,2.714603371618023
588,2.6734362476714573
589,2.6678830774799005
590,2.7253286976413014
591,2.727508696925411
592,3.368086165785789
593,3.3571601128634505
594,3.7383143106762704
595,3.288163346636197
596,2.7385096119551458
597,2.924239191738619
598,3.086985422787988
599,2.807125436600085
600,3.195378142600832
601,4.035747347258742
602,4.100595195493709
603,4.163597115062509
604,4.176386606139839
605,4.201501413128508
606,3.7755144933793745
607,4.3896732175108735
608,4.600947914072853
609,4.649890704204493
610,4.529170614190811
611,4.356698616132628
612,4.2812432762608825
613,4.296709639210556
614,4.273918175709744
615,4.300046627867006
616,4.4016759446863
617,3.9299428725707792
618,3.0433622990464175
619,2.7138970368670448
620,2.9636399949162104
621,2.764869009146469
622,2.937598602489917
623,3.4123393984774926
624,3.1502519430859244
625,2.881068258853801
626,2.792214902927681
627,2.748272705666687
628,2.666689897838129
629,2.5799766404429008
630,2.528596672602014
631,2.4231334942226925
632,2.2803008962880713
633,2.302306677871561
634,2.5064692855906863
635,2.622768334366778
636,2.537149494193275
637,2.6029647190026126
638,2.7211213645382477
639,2.562892478386075
640,2.4672975641904946
641,2.386365518604171
642,2.5067480335838352
643,2.5053479923127195
644,2.5065354898611
645,2.5276775078714264
646,2.551661221726952
647,2.5732045012690885
648,2.2678158578278973
649,2.441230441885866
650,2.6170618452944585
651,2.590901492487233
652,2.4567548085867954
653,2.376943203983571
654,2.1373698783148383
655,2.1604695368280704
656,2.0423440289518227
657,2.0333447660103645
658,2.0323808768201737
659,2.0545495968939322
660,1.9799620446296162
661,1.8630921506433225
662,1.8338494822534976
663,1.7676287781434876
664,1.7195501416860217
665,1.7361513373573527
666,1.7464244332789407
667,1.7997019254046003
668,1.79310536538122
669,1.7352013239600925
670,1.6955443607403105
671,1.6922939577592457
672,1.5570457804875906
673,1.4666197786639843
674,1.4434466257370604
675,1.4583471571493607
676,1.4701454530756841
677,1.4691623160921587
678,1.4419326098010044
679,1.4439974127403379
680,1.774261587355307
681,2.6280654098876775
682,2.7427933805162557
683,2.779944688291381
684,2.7617945251510347
685,2.787876502834307
686,2.7541458541371755
687,2.6361325238380218
688,2.601939748062383
689,2.691585827065013
690,2.7015238828935177
691,2.7290991057474767
692,2.707882409589766
693,2.790153623208101
694,2.7872039549788106
695,2.8348723762759014
696,2.7734098812875585
697,2.716223910121664
698,2.6672437536538127
699,2.7258017142759368
700,2.6763065302955598
701,2.659812004003433
702,2.663719171871955
703,2.6092788836607252
704,2.607663082650552
705,2.5771714997967425
706,2.5083225395600195
707,2.6509097932057886
708,2.558082854460003
709,2.5788460850244213
710,2.84103234326972
711,2.940773372686589
712,2.8367938417272036
713,2.807844572222695
714,2.7742627529910853
715,2.7494518038776916
716,2.5060523126594347
717,2.91862296238115
718,2.6777203813529264
719,2.640343870155761
720,2.3839285671154253
721,2.3218868586025554
722,2.3301539708964767
723,2.265841583556015
724,2.284329307388911
725,2.3300898090755724
726,2.3267807048500977
727,2.2389533034318214
728,2.1250297686734654
729,2.2013024846801543
730,2.269859555418367
731,2.505424561374849
732,2.5843608636405446
733,2.3667668336631653
734,2.243114253478549
735,2.6660719383670566
736,2.6860046809151727
737,2.580082985229313
738,2.5125229990560114
739,2.50073925734252
740,2.4264700498051757
741,2.610371290718747
742,2.5807885434763778
743,2.5365816788211917
744,2.544430361801262
745,2.7870356100177887
746,2.930197710974024
747,2.941622356798441
748,2.9584887704936484
749,2.879006456440332
750,2.9223922270394547
751,2.6583634299963457
752,2.5725677651061427
753,2.2525370070911532
754,2.353729840833835
755,2.1462958329104582
756,2.110129159619065
757,2.314787589689839
758,2.280630863518993
759,2.3258155864650143
760,2.545182540747321
761,2.780025217026919
762,2.604619637172318
763,2.896692426578683
764,2.770770195355382
765,2.7697576439601637
766,2.788374342829251
767,2.8094927341727147
768,2.7674473881386614
769,2.67031395675589
770,2.6641405816080588
771,2.6621363465640093
772,2.7553163398979437
773,2.688072175403562
774,2.70370472607736
775,2.8242828684939147
776,2.884094453725299
777,2.7190336641253
778,2.7616973936332414
779,2.718024510326174
780,2.814472444554998
781,2.6456983697045033
782,2.700768444687299
783,2.5149498278477433
784,2.5995536222131963
785,2.61092490639039
786,2.4006422137364356
787,2.3099230917179803
788,2.1974956909746175
789,2.2189236519885727
790,2.247055095868537
791,2.197672030480394
792,2.231486947816535
793,2.241607176830184
794,2.2025551998266915
795,2.1313978780963714
796,2.087799987211795
797,2.227398757824986
798,2.1491090852104033
799,2.213681279688879
800,2.115699386625998
801,2.0126407305187732
802,2.151767048101787
803,2.1151569799934395
804,1.9002473631122812
805,1.777109894925626
806,1.6659017750087257
807,1.6108036472845548
808,1.600356881378818
809,1.5628588628658757
810,1.4548776236238157
811,1.3606260616515167
812,1.3249062437037848
813,1.529611856212253
814,1.3930874281197303
815,1.4697271755139665
816,1.2760744478728325
817,1.4270751942378808
818,1.5469456151962346
819,1.6443023101265977
820,1.5478750691058176
821,1.533577718234682
822,1.3436449514212105
823,1.372430633515426
824,1.2295151359321552
825,1.3694035805023026
826,1.1446864653933115
827,1.3526476795196434
828,1.3885686031893112
829,1.3105726945750118
830,1.4269234879164476
831,1.4620827783304962
832,1.4487094412817276
833,1.6494966821524544
834,1.9408587141967193
835,1.9120522725882199
836,1.7848323398795203
837,1.7983148887925866
838,1.7339232892011633
839,1.7450441663370073
840,1.732828227734257
841,1.7551049906460028
842,2.198262119489758
843,2.1045984140783065
844,1.9899132158174162
845,1.5016135767204628
846,1.6448705190142916
847,1.6873561674154622
848,1.529587163604377
849,1.5860688847770217
850,1.537144655208707
851,1.5343922559775238
852,1.4643109438495965
853,1.393395767229252
854,1.346951818056867
855,1.1586832805486702
856,1.077827714590752
857,1.04774844806149
858,1.1555372155979116
859,1.1299692533314525
860,1.1433992075945805
861,0.982277279632707
862,0.9386354425829129
863,0.9628966301793302
864,0.9605146528887367
865,0.966447673761141
866,0.9339003866988314
867,0.9636483537664355
868,0.9406985145123231
869,1.0494443220223355
870,1.003475593748493
871,1.031375239401282
872,0.9878900121952278
873,0.9776178367723741
874,1.060383780817617
875,1.1458962944207214
876,1.090436888744382
877,1.4200552798234618
878,2.145686135587543
879,2.1703797792411073
880,2.187655662346773
881,2.168598366701276
882,2.16766839683112
883,2.1525067740592756
884,2.153960260470536
885,2.206605860448106
886,2.213244680926109
887,2.3245721650506876
888,2.1960498343797807
889,2.292038084006566
890,2.2918009145860343
891,2.3625111192243446
892,2.4482631877880823
893,2.5304411092561305
894,2.5726157120536324
895,2.5750577245439996
896,2.8729699309160246
897,2.919321829844711
898,2.8790532758111858
899,2.8172100213669853
900,2.8055147753522083
901,2.7752292249822457
902,2.509910568079738
903,2.384252649781024
904,2.594271252764526
905,2.5604386415428673
906,2.4268430874004223
907,2.3545172438828326
908,2.400589791379795
909,2.64695786150083
910,2.7192871977433257
911,2.7459436551139693
912,2.9082320103122075
913,3.2578860837788426
914,3.6027194840850885
915,3.7855219988755473
916,4.142784403945388
917,4.526277238096925
918,4.602445342523879
919,4.633926242076361
920,4.638191911827408
921,4.477423756853689
922,4.586759775009703
923,4.430299639925559
924,4.183106279274217
925,3.408626355426297
926,3.375963495491721
927,3.151404347908756
928,3.2136957601278304
929,3.0677112532693913
930,3.0487699489592606
931,3.2799486907275526
932,4.0399871951268
933,4.183782243352488
934,4.2681107528832065
935,4.262790608448803
936,4.1855544597556396
937,4.182090323150214
938,3.9178575534771376
939,3.746769015819866
940,3.1641593829669876
941,3.1161644490676115
942,2.9961206805691982
943,2.7561966987265034
944,3.1157398890740713
945,2.994780598161901
946,3.3819920848198226
947,3.3581055758125866
948,3.40030501268619
949,3.6098383501826308
950,3.457705219929634
951,3.588034752064228
952,3.2600807832498555
953,2.9834908205585284
954,3.108941495928078
955,2.8903425162964345
956,2.8530605056060696
957,2.9934293897212276
958,2.9608298000243294
959,3.2982801369997232
960,3.2624105815392896
961,3.2952456556572347
962,3.66948851697911
963,3.490923692309055
964,3.4002982179690413
965,3.2938988012133343
966,3.179574395108482
967,2.9940550641521053
968,2.9746667318683633
969,2.5782296727374603
970,2.360367345435561
971,2.3014946769621747
972,2.196175914813014
973,2.1558834019719275
974,2.1689823273279973
975,2.026707257203089
976,1.9851599666902067
977,1.949887909930522
978,1.8789684629200223
979,1.8391681031581408
980,1.7892096477316244
981,1.8257528010158883
982,1.7677118026635907
983,1.6985939171425082
984,1.6603504691272892
985,1.5652344131912608
986,1.5543057436630083
987,1.5282840896124144
988,1.5281329123803564
989,1.590725542595882
990,1.540127745170163
991,1.580199169591097
992,1.531704489151001
993,1.510849455796568
994,1.5511185690419413
995,1.4410054509403192
996,1.5266394550860116
997,1.450396354797078
998,1.4622679575476603
999,1.4825787550179643
1000,1.8339544297331867
1001,1.6582731117307825
1002,1.5853043322565812
1003,1.5777234191085183
1004,1.7594819660160885
1005,1.5617961271676832
1006,1.3660112304830745
1007,1.5031127287410202
1008,1.3733256522824742
1009,1.3747263924167874
1010,1.4066087602111415
1011,1.3561391715661342
1012,1.4132310232492282
1013,1.3633624224909802
1014,1.2832572116125944
1015,1.284320982725753
1016,1.1900222082454233
1017,1.2153214387319753
1018,1.1901405764030435
1019,1.1963159255379545
1020,1.1897795046420876
1021,1.1059903767807802
1022,1.0246968873425952
1023,1.1489364182596622
1024,1.1765031214372412
1025,1.2473339511443982
1026,1.1625495117717262
1027,1.2131134974426616
1028,1.339712157727157
1029,1.3730344000855295
1030,1.5088961208501201
1031,1.4035515905590668
1032,1.4753137613372211
1033,1.4462965869449254
1034,1.3476557571987047
1035,1.4219837006603686
1036,1.314739715061008
1037,1.3756831880626608
1038,1.4560032543076566
1039,1.2721730987159674
1040,1.2657004819981434
1041,1.4480368685033653
1042,1.511503025669663
1043,1.5488643446474946
1044,1.839860758025189
1045,1.775519815352883
1046,1.8485669731876024
1047,2.4624591662459636
1048,1.8591912866147748
1049,1.6560975808969254
1050,1.6958928951688697
1051,1.574938859041245
1052,1.7030366376432768
1053,1.6384024365189591
1054,1.699328426554444
1055,1.6718013133946343
1056,1.7545508146046809
1057,1.6873004285366033
1058,1.6991253175575105
1059,1.9328053725447256
1060,1.6998658129512887
1061,1.6546441938970198
1062,2.0580326097242363
1063,2.072776813181599
1064,2.066596990542701
1065,2.0610346909996493
1066,2.072068143719877
1067,1.8030313452170486
1068,1.6908953936276248
1069,1.742059731846054
1070,1.7067292158834773
1071,1.6338375030487213
1072,1.6216704329080902
1073,1.5997128783604335
1074,1.6195292552763216
1075,1.667073359068445
1076,1.691776063387315
1077,1.795932270990885
1078,1.9038097294208807
1079,1.995483355132776
1080,2.098130914080665
1081,2.111901322036092
1082,2.1213555478744377
1083,2.0223795043023074
1084,1.903550039755004
1085,1.9388243509289806
1086,1.9759616936420183
1087,1.8608997723255278
1088,1.9942678308935193
1089,2.3400877594663836
1090,2.0812045237872274
1091,2.495529551793774
1092,2.6220429378848435
1093,2.2850144914208435
1094,2.351506867541965
1095,2.023590502460645
1096,1.9061634484949337
1097,1.8327979428506622
1098,1.806867991335614
1099,1.6624900985318862
1100,1.5272739312376618
1101,1.6674701165732828
1102,1.5985973807230909
1103,1.6339884806491678
1104,1.5890635752549673
1105,1.5195301246029511
1106,1.4931108780803162
1107,1.5403616155544242
1108,1.4769040852046675
1109,1.4794937472813843
1110,1.50429543674678
1111,1.63260150815959
1112,1.6590276635149959
1113,1.846741150906485
1114,1.8176707998227846
1115,1.9090384003806704
1116,2.025277129841993
1117,1.9815494430701983
1118,1.9809654251646556
1119,1.9594178713906012
1120,2.078711877877337
1121,2.082792056747587
1122,2.30478943860507
1123,2.370530285320834
1124,2.544622754755696
1125,2.6934399636698956
1126,2.707752189100845
1127,2.766001897211849
1128,2.7714394067497117
1129,2.8904035853494703
1130,3.0753094207986686
1131,3.2119964781002457
1132,3.355210951026659
1133,3.4825366417889727
1134,3.6194729985316854
1135,3.653666752058993
1136,3.6312364198305125
1137,2.6419668323497523
1138,2.4640179319280766
1139,2.303637123956288
1140,2.1994988805999043
1141,2.182138323444224
1142,1.9687465492817888
1143,2.0460582278078414
1144,1.8313537587867972
1145,1.8423479279302395
1146,1.8915937054519647
1147,2.0323669467832177
1148,2.219148237676497
1149,2.2199249409163886
1150,2.115542870071178
1151,2.210075968150377
1152,2.216273379613058
1153,2.248101027035974
1154,2.3773346138925633
1155,2.2873380242511403
1156,2.2436027080170566
1157,2.375190220025978
1158,2.3097534015716503
1159,2.1577200225738626
1160,2.222343648940372
1161,2.235802953418172
1162,2.333323993004784
1163,2.21762992100036
1164,2.4898585895172753
1165,2.460196447993284
1166,2.4339021000109122
1167,2.370736826449625
1168,2.344198381690677
1169,2.4556077408121
1170,2.5683623874863755
1171,2.2022733986658785
1172,2.46616479527317
1173,2.591396835199518
1174,2.0181080722245652
1175,2.314276496707587
1176,2.5964316342718123
1177,1.900239761126811
1178,1.7268358600544484
1179,2.317416377982439
1180,2.639258395356701
1181,2.1676155053308723
1182,2.2405490759767743
1183,2.8056353430184133
1184,2.9628639317463485
1185,2.9224739642839275
1186,2.8715977636870935
1187,2.7730738868209177
1188,2.9052286809168506
1189,2.877630392706744
1190,3.062258186087032
1191,3.0165471838425124
1192,3.1106375573854557
1193,3.099720708395266
1194,3.106528683443893
1195,2.958698058204049
1196,2.8201272306759093
1197,2.823413191462441
1198,2.8263942680247194
1199,2.8263942680247194
1200,2.7726836469290332
1201,2.8114444863551813
1202,2.773476885578196
1203,2.743477463686942
1204,2.788157308466405
1205,2.836131707702171
1206,2.8585311518836796
1207,2.9298997068531842
1208,3.143913627364878
1209,3.232347651432071
1210,3.36531584574605
1211,3.4808004567420907
1212,3.915572211356572
1213,3.854155963488726
1214,4.14660425500945
1215,4.1810673912988054
1216,4.248249915111833
1217,4.449247875226009
1218,4.500702133690105
1219,4.462640868534096
1220,4.054498358487698
1221,3.8497860973692144
1222,3.7174152137706775
1223,3.6994119695412304
1224,3.0786403118516397
1225,2.98571351788252
1226,2.9582458929066875
1227,3.717597270349038
1228,2.8116546698916034
1229,3.4968247097624894
1230,3.063904173621618
1231,2.741578501534427
1232,2.9812912407467476
1233,2.783819533774331
1234,2.504399452886004
1235,2.3618474817354653
1236,2.42798540617327
1237,2.3267790722672816
1238,2.279111585562944
1239,2.338135610715837
1240,2.262529679378242
1241,2.2709919803825662
1242,2.617541593975353
1243,2.6031174778382065
1244,2.541793816446167
1245,2.6108452533792788
1246,2.5182902437322396
1247,2.4796978587624654
1248,2.4349592650305523
1249,2.3754512872435116
1250,2.259393404633988
1251,2.115139420725516
1252,2.161122282889452
1253,2.1394854229632
1254,2.2311460120602074
1255,2.4013020966860914
1256,2.4829960033630827
1257,2.4849569868564165
1258,2.618784744904339
1259,2.738500453548362
1260,2.987697051044378
1261,2.8691613771315656
1262,2.968920960076314
1263,2.9507933839497587
1264,3.043080466137675
1265,2.841319813748133
1266,2.6007868086303896
1267,2.3518219605097914
1268,2.503313744477954
1269,2.395014088773086
1270,2.4454984334735332
1271,2.4203610016509387
1272,2.256871208466214
1273,2.3590904711116374
1274,2.2869257566699495
1275,2.566819734949271
1276,3.4546955581827268
1277,3.5161773161541734
1278,3.273028747714487
1279,3.100837001858613
1280,3.0018849071942735
1281,2.868044280809303
1282,2.5603092066539013
1283,2.5102529715921382
1284,2.291666084173373
1285,2.1053794911703174
1286,2.0164543805990593
1287,1.9898790207140298
1288,1.9743098217964379
1289,1.9427548445570193
1290,1.8138752827526665
1291,1.819732473377115
1292,1.926174873793214
1293,1.7561016885450473
1294,1.758244669957412
1295,1.708616812907052
1296,1.6931936855416627
1297,1.6851600174958175
1298,1.6782323022048011
1299,1.7202281363323524
1300,1.7313633518513896
1301,1.7834695059096686
1302,1.7744651620274334
1303,1.8437690125192527
1304,1.789285380228325
1305,1.8938204576095992
1306,2.339840093558836
1307,2.3366676038923035
1308,2.2545592458000954
1309,2.241417451217886
1310,2.27200452373465
1311,2.4821997622266463
1312,2.4427927945248555
1313,2.513570023085783
1314,2.5196916137619607
1315,2.6573048442137086
1316,2.769276953012727
1317,2.9950567947461857
1318,2.761629006499139
1319,2.487978355339903
1320,2.4612069994449315
1321,2.4085033697368137
1322,2.2791363311326376
1323,2.156917453760063
1324,2.0648955718736737
1325,2.016053352658845
1326,1.9061722735870712
1327,1.7454500372680286
1328,1.7854421409012409
1329,1.7758217969060681
1330,1.758624948530299
1331,1.669633091712069
1332,1.6579246588666254
1333,1.6785187304651923
1334,1.6248771964370556
1335,1.5753043217011753
1336,1.4408972851083046
1337,1.5967277865042018
1338,1.7643736312354827
1339,1.5574668571509265
1340,1.5566983105367762
1341,1.8931509160288837
1342,2.190211993786766
1343,2.4617363858354957
1344,2.0205511130530045
1345,1.9840800332301274
1346,1.9204661033424335
1347,1.8930023102163789
1348,1.848021963688772
1349,1.8162917105025917
1350,1.7732182389892468
1351,1.8404863527175006
1352,2.03564177680384
1353,1.8202819477522507
1354,1.8753743253415662
1355,1.9123903645656772
1356,1.8869628360650266
1357,2.2732120270721237
1358,1.7832902768698355
1359,2.0693627285811695
1360,1.8705560322843
1361,2.155297189629991
1362,2.208342510188894
1363,2.7448095237279393
1364,2.582016258582387
1365,2.820483622389331
1366,2.6249358434894012
1367,2.755839439656769
1368,2.5731506469538092
1369,2.5611505354062643
1370,2.538598674832841
1371,2.596062077334079
1372,2.5984703866082746
1373,2.679441015674828
1374,2.8509682884878873
1375,2.778890053964386
1376,2.765902243844039
1377,2.7408222785055334
1378,2.746967103514785
1379,2.774094236265513
1380,2.76550622128424
1381,2.782437054495972
1382,2.7765301585836384
1383,2.9459907819167346
1384,2.914206198272241
1385,3.1169540796511694
1386,3.3605800901030114
1387,3.570095258818796
1388,3.7558536063669963
1389,3.994871294936185
1390,4.12757163288133
1391,4.076400014324649
1392,4.185725552647882
1393,4.170400062625964
1394,4.186727984703886
1395,4.170400062625964
1396,4.152675040441509
1397,4.152675040441509
1398,4.132904591876245
1399,3.8208034749971596
1400,3.7572859634798994
1401,3.9236203266063203
1402,4.012967859806817
1403,3.278568451923952
1404,3.1530860541325025
1405,3.983078085722092
1406,4.007718035510163
1407,4.061889519006201
1408,3.321192680051447
1409,3.1878470835528256
1410,3.6095117056222983
1411,4.06251636799106
1412,3.7164379847916313
1413,3.9713560662288296
1414,3.381136602840175
1415,2.9097840290347343
1416,2.995833478995322
1417,2.6643876032089393
1418,2.55009356915534
1419,2.545167351899589
1420,2.5160938219634073
1421,2.5016784859045007
1422,2.5528213125959454
1423,2.557551514066263
1424,2.407950805697657
1425,2.431388620070538
1426,2.3168350226243355
1427,2.378746507733009
1428,2.3515401870095323
1429,2.2423495565613156
1430,2.3067971612250515
1431,2.1790636336882008
1432,2.126165602929068
1433,2.0171555923461644
1434,2.033519130355307
1435,2.0317430885950483
1436,2.0012081146627665
1437,2.093715582126122
1438,2.055994598829671
1439,1.9284824274361894
1440,2.5249252403813607
1441,2.0245211673022885
1442,2.017559078169889
1443,1.9649034731530544
1444,2.025014682834975
1445,2.095770710158498
1446,2.1419488162162796
1447,2.1749109272900506
1448,2.1627766708464615
1449,1.7699564431454096
1450,1.5849327116196736
1451,1.5319828720665793
1452,1.5413120482707985
1453,1.7307245571904424
1454,1.7324073467905114
1455,1.6631633498942018
1456,1.5842574568313446
1457,1.5972788832139755
1458,2.0391251682643667
1459,1.4925600368919034
1460,1.9882185816634022
1461,1.4385610833679081
1462,2.106712950157333
1463,1.6904120798053917
1464,2.205210244061959
1465,1.735136235243092
1466,1.7455510945526056
1467,2.2608797669307377
1468,1.742207495602873
1469,2.316842439403834
1470,2.402944368358198
1471,1.9521493941905192
1472,2.32504800255446
1473,2.1508443726316635
1474,2.156031991257549
1475,2.075904808170948
1476,1.699974489176143
1477,1.6646749665052212
1478,1.6538304431770574
1479,1.5767030088908358
1480,1.6288973949086478
1481,1.6083171863197965
1482,1.569013664454172
1483,1.651581412458245
1484,1.5778477033168443
1485,1.5761620174585302
1486,1.619911277432058
1487,1.5395309483661397
1488,1.7148003128054479
1489,1.672596885820479
1490,1.5584257219078883
1491,1.5638553349835451
1492,1.5479556051546512
1493,1.5528441527894838
1494,1.548816678525575
1495,1.5142469034388453
1496,1.4916236743849134
1497,1.5734869821464958
1498,1.6394235193483773
1499,1.6568421622906586
1500,1.5826609772425644
1501,1.5538842372697492
1502,1.5633011327931123
1503,1.527056966741919
1504,1.607881693176145
1505,1.670281397735662
1506,1.5365727638934306
1507,1.358002111348016
1508,1.4288697884339403
1509,1.5300324741584894
1510,1.6432320690332347
1511,1.9031026924903045
1512,2.3249580876993217
1513,2.4954395687346853
1514,2.4707965211851457
1515,2.341319871322982
1516,2.31990657566315
1517,2.171662731590723
1518,2.189048285048909
1519,2.039154683713458
1520,2.3017219209008033
1521,2.5364583628236512
1522,2.694746843828846
1523,2.4011452358532583
1524,2.5817213501847034
1525,2.644755213632346
1526,2.652769335685312
1527,2.4734250708714223
1528,2.5471062561995104
1529,2.586800040359344
1530,2.712638032603088
1531,2.811739682891281
1532,2.861689160376462
1533,2.807289532929877
1534,2.8120450691890944
1535,2.8041582852685827
1536,2.810956192287257
1537,2.8427745714981514
1538,2.8949602087959274
1539,2.903582673651838
1540,2.9374139928276124
1541,3.068575667363224
1542,3.347615537889428
1543,3.60742455708358
1544,4.160011159972775
1545,4.325740759856285
1546,4.3955143580855145
1547,4.294081509122556
1548,4.252620425119755
1549,4.380417627571563
1550,4.237428656273158
1551,4.25420964860016
1552,3.6482298386669263
1553,3.115352800150645
1554,2.6019310526191055
1555,2.656428012417107
1556,2.5067144954687723
1557,2.5317918900130385
1558,2.4505502873245013
1559,2.568494113194904
1560,2.527543767075885
1561,2.6289311741619703
1562,2.6126246281219245
1563,2.316617788779733
1564,2.304834657083954
1565,2.1746298582534025
1566,2.097622990691436
1567,2.042462488821536
1568,2.0493981741935903
1569,2.023786379212461
1570,2.031053736212427
1571,1.9978168131205694
1572,1.9035283037432802
1573,1.8367908041302357
1574,1.7464832357877054
1575,1.7119591718704579
1576,1.6669980901952623
1577,1.7110919706130705
1578,1.70128395525685
1579,1.851515541353761
1580,1.8290547217088506
1581,1.842667363510304
1582,1.9000808715940094
1583,2.0932562602119233
1584,1.9928049806069579
1585,1.9514316676012617
1586,1.786996109347022
1587,1.582933848850642
1588,1.4906348064936286
1589,1.584414339741718
1590,1.569718957986005
1591,1.7042383352946577
1592,1.6587930072296866
1593,2.025150286123578
1594,1.9902035784005734
1595,2.110715625156807
1596,2.0758629324725177
1597,2.148550011832179
1598,1.6881004469910992
1599,1.6776929146391082
1600,2.311981434863429
1601,1.6574291092826678
1602,2.2568278502793113
1603,1.6186437515137453
1604,1.5973283843417756
1605,1.5304741937214907
1606,1.504211087312883
1607,1.4851754742545877
1608,1.5801426965820098
1609,1.584442286477809
1610,1.510021669843042
1611,2.613518707602201
1612,2.6930774477973816
1613,2.7293881480917612
1614,2.8559376490855306
1615,2.8182083872755124
1616,2.8649892874058103
1617,2.8624895201241167
1618,2.835840901792475
1619,2.9217154097996096
1620,2.889299233601757
1621,2.839112101793581
1622,2.751336501818318
1623,2.7023143684547044
1624,2.6819404315042488
1625,2.593545255748664
1626,2.6267915255317043
1627,2.5514047310590935
1628,2.604617148061106
1629,2.5858924696502026
1630,2.5887641446890437
1631,2.531902717870408
1632,2.5366249270304304
1633,2.301773136217015
1634,2.5823969181331132
1635,2.3013441661601224
1636,2.3539072736603366
1637,2.2449534334447656
1638,2.293163938415201
1639,2.236169134393074
1640,2.3028918942253953
1641,2.3647983977779474
1642,2.497889567347898
1643,2.7425573514232435
1644,3.0976049405427264
1645,3.271491491083681
1646,2.92923784359335
1647,2.879789137551212
1648,2.560468533802917
1649,2.522674937852834
1650,2.5424892347183596
1651,2.55216515737279
1652,2.3555584425704104
1653,2.396036284862103
1654,2.3505943340606503
1655,2.303339707857653
1656,2.3819226580551485
1657,2.3822583462270166
1658,2.4010913308205493
1659,2.4845966380847346
1660,2.7812252429154833
1661,2.802880542097255
1662,2.8452177266982943
1663,2.9374783272797775
1664,2.867602799356839
1665,3.4688442141595317
1666,3.040308486859755
1667,3.2855915193926393
1668,3.304878765436507
1669,3.4027951353137564
1670,3.1827276427087594
1671,3.342801466026286
1672,2.496794125232873
1673,2.2768037597476205
1674,2.018493043945585
1675,2.0726608806534603
1676,1.9983912901916128
1677,2.080365281107226
1678,1.9554266494916321
1679,2.233305445880527
1680,1.9962455941793285
1681,1.884158138880903
1682,1.621577583515603
1683,1.5960944807535633
1684,1.715726002088033
1685,1.7149121620438268
1686,1.6562299213901486
1687,1.585323552782696
1688,1.5614322941176217
1689,1.555522472006427
1690,1.5991268351683738
1691,1.8222357252748491
1692,2.105835928378867
1693,2.135663307061177
1694,2.1435524876005276
1695,2.5066324181413697
1696,2.6429835623685287
1697,2.610311753284347
1698,2.520352628781201
1699,2.4417898175924133
1700,2.4025656504082686
1701,2.317287983552698
1702,1.7924833817938055
1703,2.0494225058725326
1704,1.9889546743549416
1705,1.6251533042142048
1706,1.4283249123409096
1707,1.4233307980529155
1708,1.3183834756857429
1709,1.3340235171065091
1710,1.3999343435686231
1711,1.4227393322962532
1712,1.3695721397177039
1713,1.6528358507639846
1714,1.6957321432202372
1715,1.6534485774934566
1716,1.5830177927672708
1717,1.636503383355162
1718,1.6906515033254728
1719,1.6809429811333076
1720,1.7869346354256614
1721,1.628127789461674
1722,1.638261073517537
1723,1.568586027120003
1724,1.550479420549245
1725,1.557320904274279
1726,1.5854284016273803
1727,1.5890085687365654
1728,1.4596934965500048
1729,1.6155481675033765
1730,1.8516146652685388
1731,1.8259292137408347
1732,2.3685925304716253
1733,2.524167499383089
1734,2.5353943400807397
1735,2.546850126922673
1736,2.582911124354011
1737,2.54981239625811
1738,2.553157003977509
1739,2.616446345793494
1740,2.716201885581901
1741,2.683058296344374
