,0
0,2.392144440384849
1,2.461141423793597
2,2.1249874686716796
3,2.3061038961038967
4,2.3680576669707105
5,2.295390369864054
6,2.372920453307181
7,2.3834602643733076
8,2.6855956937799044
9,2.3834602643733076
10,2.773889926428976
11,2.3332155091285522
12,2.3834602643733076
13,1.9909363222871996
14,2.3598838763575603
15,1.9909363222871996
16,2.2030618212197157
17,2.3598838763575603
18,2.386550543024227
19,2.3598838763575603
20,1.9696021375277277
21,1.9696021375277277
22,2.0869972826086958
23,2.134519657784744
24,1.903157693083283
25,2.0077132486388387
26,2.0297017543859646
27,2.384722458026787
28,2.274591634172279
29,2.91703570089955
30,4.073063777089783
31,2.9086620206643086
32,2.662475947934352
33,2.0072287933094386
34,2.0496065359477122
35,1.8926093857832988
36,1.9560302861389818
37,2.818040229885058
38,2.994593253968254
39,3.7484103641456583
40,4.012350326797386
41,3.696274509803922
42,4.012350326797386
43,3.8532392156862754
44,3.8532392156862754
45,3.696274509803922
46,4.083921568627452
47,3.9175669934640522
48,3.8532392156862754
49,3.383725490196078
50,3.6904373065015483
51,3.7099845679012344
52,3.3582592592592593
53,2.7480946545284777
54,2.612515331890332
55,2.5268636363636365
56,2.196703800574768
57,2.5268636363636365
58,2.196703800574768
59,2.175814314314314
60,2.196703800574768
61,2.175814314314314
62,1.9433958633958635
63,2.0786868686868685
64,1.8937593984962404
65,1.8034430997279294
66,1.7510582778786048
67,1.8313016855865156
68,1.7510582778786048
69,1.4386666666666665
70,1.338372859025033
71,1.3237061923583664
72,1.3228919631093543
73,1.3865732452401252
74,1.4566807331628304
75,1.4427676896845696
76,1.571781688520819
77,1.4583351449275364
78,1.4931746031746032
79,1.4736805555555557
80,1.6745802005012531
81,1.7340673799884325
82,1.6733407790032109
83,1.871892109500805
84,1.879179894179894
85,1.7970811287477955
86,1.7843033509700177
87,1.933165784832451
88,1.8069585841999634
89,1.8680350658782034
90,1.6205714285714286
91,1.7937425731578653
92,1.7562478991596637
93,1.6996328320802
94,1.7562478991596637
95,1.857621516039366
96,1.7916109340287842
97,1.857621516039366
98,1.7376888561067059
99,1.8374779541446207
100,2.1342402402402403
101,2.220004927788939
102,1.7269097461851086
103,1.6870259242673036
104,1.7937425731578653
105,1.617635531135531
106,1.6243021978021976
107,1.7562478991596637
108,1.6996328320802
109,1.7562478991596637
110,2.0506100217864924
111,2.1342402402402403
112,2.1342402402402403
113,2.220004927788939
114,2.023388388388388
115,1.8588123085491506
116,1.6903822282407184
117,1.7562478991596637
118,1.395788888888889
119,1.3584235829959512
120,1.1305969498910673
121,1.2931897687519878
122,1.3446859025032938
123,1.3149837081459272
124,1.321025140291807
125,1.3399031928480205
126,1.1292013888888888
127,1.294141865079365
128,1.0464722222222222
129,1.0814940476190475
130,0.9878672438672439
131,1.0335866180603022
132,0.8715766178266179
133,0.9531609326346169
134,0.8852696318018899
135,0.9016585206907787
136,0.8643741384063964
137,0.8643741384063964
138,1.0274242424242424
139,1.196919527078566
140,1.2576867905056759
141,1.3339416666666666
142,1.2577378917378919
143,1.3581222222222222
144,1.3798305555555554
145,1.3929288461538458
146,1.3581222222222222
147,1.671561111111111
148,1.8702468805704098
149,1.7890367965367966
150,2.558555555555556
151,2.494861111111111
152,2.67475
153,2.7188888888888885
154,2.751118421052632
155,2.751118421052632
156,2.9166727941176473
157,3.17929428409734
158,3.3918510436432636
159,3.1475373181530677
160,4.294977777777777
161,4.708467787114846
162,4.708467787114846
163,4.708467787114846
164,4.869218559218559
165,4.977842105263158
166,4.019048821548822
167,4.019048821548822
168,3.831458333333333
169,3.410892857142858
170,3.6022086466165413
171,3.436445141377937
172,3.2663157894736843
173,3.533180868838764
174,3.475256132756133
175,3.367893924626381
176,4.38545
177,4.858623321123321
178,5.284632093053144
179,5.455683375104428
180,5.455683375104428
181,5.284632093053144
182,4.294157575757575
183,3.6772238562091504
184,3.623097312999274
185,4.091918518518518
186,4.101043678160919
187,4.279037617554858
188,4.279037617554858
189,4.562428571428571
190,4.894305764411028
191,4.391377289377289
192,4.562428571428571
193,4.391377289377289
194,4.869218559218559
195,3.669652777777778
196,3.367893924626381
197,3.7863320337881743
198,3.5110343567251467
199,4.026164132553606
200,3.5110343567251467
201,4.026164132553606
202,4.238
203,5.427743981165033
204,4.414833333333333
205,5.001735209235209
206,4.414833333333333
207,5.284632093053144
208,4.414833333333333
209,3.5110343567251467
210,3.367893924626381
211,3.1525241545893716
212,3.367893924626381
213,3.3788399440630563
214,3.367893924626381
215,3.5265123456790124
216,4.160851851851851
217,4.20515394736842
218,4.09509746588694
219,3.669652777777778
220,3.5265123456790124
221,3.705988792171588
222,3.436445141377937
223,3.554812166285279
224,3.705988792171588
225,3.2957551487414185
226,3.3788399440630563
227,3.4468713450292396
228,3.2890740740740743
229,3.293015289058767
230,2.9071443004459305
231,3.293015289058767
232,3.374504409171076
233,2.8955555555555557
234,3.1482939958592127
235,3.554226631393299
236,3.0752777777777784
237,3.0752777777777784
238,3.9295924626380767
239,3.0752777777777784
240,3.4643253968253975
241,4.012350326797386
242,2.874690864690865
243,3.4643253968253975
244,3.4643253968253975
245,2.8282263814616755
246,2.4975316820276494
247,2.5006304985337247
248,2.301668238697101
249,2.591614369501466
250,2.524806220095694
251,2.5268636363636365
252,2.246584175084175
253,2.246584175084175
254,2.4742240829346094
255,2.130775874688918
256,1.877885714285714
257,1.877885714285714
258,1.9596411318150446
259,1.9615239078087372
260,1.881280500100827
261,1.682962962962963
262,1.513111111111111
263,1.5905912123303427
264,1.3237061923583664
265,1.4559126984126984
266,1.4559126984126984
267,1.2841304347826088
268,1.3890990338164253
269,1.5439136524174888
270,1.394962081128748
271,1.317312954167174
272,1.3016498108015135
273,1.0584605263157894
274,1.1584149537431718
275,1.1592646269457865
276,1.146311728395062
277,1.1056635177687808
278,1.2093019943019943
279,1.4438305322128853
280,1.4754349816849817
281,1.5130355311355312
282,1.5519420168067226
283,1.7606058415268941
284,1.7606058415268941
285,1.6482154882154882
286,1.797215572375755
287,1.7407010796221323
288,1.6155923076923075
289,1.6155923076923075
290,1.6895454545454542
291,1.6271923076923076
292,1.9783004679144385
293,1.6466094276094274
294,1.8716372924648788
295,2.134519657784744
296,2.136332607116921
297,2.1488576739618406
298,2.022702850877193
299,2.144316578483245
300,1.8425333797747592
301,1.7220554825226684
302,1.770326496189874
303,1.6691926406926407
304,1.849681964573269
305,1.7699145658263307
306,1.7458736975265488
307,1.557387878787879
308,2.012433588761175
309,2.1292410714285714
310,2.1528544973544976
311,1.9961596424010215
312,2.2532619047619047
313,2.310907738095238
314,2.6399432404540764
315,2.799153396311291
316,2.503743890518084
317,2.6006011730205274
318,2.5846415770609314
319,2.5462840909090905
320,2.5312903225806447
321,2.5846415770609314
322,2.7511327561327557
323,2.7511327561327557
324,2.9084249084249088
325,2.6681881720430103
326,3.067424908424909
327,3.3812486344065302
328,2.9302880184331794
329,2.759419191919192
330,3.8532392156862754
331,3.5653960784313736
332,3.1469761904761904
333,2.813171705935888
334,3.00593675889328
335,2.7489646464646462
336,2.7650454545454544
337,2.6329561403508777
338,2.6329561403508777
339,2.6329561403508777
340,2.6329561403508777
341,2.6329561403508777
342,2.6624429590017824
343,2.7321981424148607
344,2.7007678134367343
345,2.5006304985337247
346,2.254358117516012
347,2.4450666996047428
348,2.2289722222222226
349,1.9176233347972478
350,1.9967681159420287
351,1.9670740740740738
352,2.1071373456790123
353,2.1810493827160493
354,1.9698730158730158
355,2.0400613222871997
356,2.1400993022007517
357,2.088701754385965
358,1.881791394750968
359,1.757844636844637
360,1.6572846003898636
361,1.5877309941520468
362,1.5220102707749765
363,1.6164444444444441
364,1.6230349462365592
365,1.6271993284493285
366,1.8207407407407405
367,1.836022544283414
368,1.9973472766884528
369,2.123485407066052
370,2.773889926428976
371,2.8277284019280686
372,2.053252602833248
373,2.773889926428976
374,2.1695092165898617
375,2.7696179966044143
376,2.7974853801169592
377,2.8692202260458832
378,3.367893924626381
379,4.469618300653594
380,3.5110343567251467
381,3.3233880184331794
382,3.3233880184331794
383,2.7586505091881435
384,3.1431974025974028
385,2.877016331150456
386,2.7586505091881435
387,2.7586505091881435
388,2.866741593567251
389,3.7544934640522873
390,3.705988792171588
391,3.868879012345679
392,4.367599999999999
393,4.949902711323764
394,4.367599999999999
395,4.091918518518518
396,3.950977777777778
397,3.4192801086981985
398,3.587156651908075
399,3.2897612085769983
400,3.188211289092296
401,3.002330917874396
402,3.2036002178649237
403,3.2036002178649237
404,3.274857142857143
405,2.907744738921209
406,2.8853830655069044
407,2.661369552914545
408,2.594561403508772
409,2.661369552914545
410,2.661369552914545
411,2.6006176732152966
412,2.486875709610633
413,2.7401331285202253
414,2.5605222734254993
415,2.7401331285202253
416,2.9345098039215687
417,2.9125853304284677
418,2.4937141240197267
419,2.546070562253358
420,2.546070562253358
421,2.8106588893053472
422,2.826644975209763
423,2.826644975209763
424,3.213165204678363
425,2.826644975209763
426,2.869353953537937
427,3.3281150793650798
428,2.826644975209763
429,3.1183193277310925
430,2.897877237851662
431,3.0713538592694603
432,2.5848233486943166
433,2.5848233486943166
434,2.755350877192983
435,2.5419722693831353
436,2.6484502983112552
437,2.595810744882228
438,2.4965291160452447
439,2.381182795698925
440,2.744160525583982
441,2.755350877192983
442,2.661369552914545
443,2.277456405487096
444,2.3171613496657244
445,2.2705862573099416
446,2.169972222222222
447,2.319711257309941
448,2.1809861111111113
449,2.1809861111111113
450,2.213510737628385
451,2.3834602643733076
452,2.386550543024227
453,2.4846776556776553
454,2.327701160731851
455,2.1757513227513225
456,2.028445679012346
457,1.862915343915344
458,2.0845000000000002
459,2.3501170112781953
460,2.5848233486943166
461,2.5848233486943166
462,3.5728519514137798
463,3.9295924626380767
464,4.260960883690707
465,4.0045254161043635
466,3.604321684587814
467,3.3233880184331794
468,3.436445141377937
469,3.436445141377937
470,3.506836424394319
471,3.3374421052631575
472,3.506836424394319
473,3.367893924626381
474,3.367893924626381
475,4.026164132553606
476,3.5110343567251467
477,4.062013515269655
478,3.5110343567251467
479,3.436445141377937
480,3.5061673636001593
481,3.3388352826510723
482,3.8520864197530864
483,4.091918518518518
484,5.787560568086884
485,5.787560568086884
486,5.787560568086884
487,5.787560568086884
488,5.309719298245614
489,4.894305764411028
490,5.517118462823726
491,4.153686987522281
492,4.108737745098039
493,3.5110343567251467
494,3.2671491228070173
495,3.0758333333333336
496,3.076520467836257
497,2.990359477124183
498,3.102050298380221
499,3.2068515406162463
500,3.2068515406162463
501,3.05913725490196
502,2.994313725490196
503,2.6348409853786197
504,2.717954538492173
505,2.607763741634709
506,2.422124976472803
507,2.422124976472803
508,2.297686087209229
509,2.422124976472803
510,2.621817716333845
511,2.408152917676059
512,2.5488018433179724
513,2.4351910408432147
514,2.4934310088243308
515,2.672514474772539
516,2.5006304985337247
517,2.717954538492173
518,2.717954538492173
519,2.717954538492173
520,3.0382838149504816
521,2.965585402252069
522,3.238031045751635
523,2.85688995215311
524,3.071468344774981
525,3.420811688311688
526,3.785220639834882
527,3.7650869070825217
528,3.6009506969334932
529,3.9295924626380767
530,3.9295924626380767
531,3.1831428571428577
532,3.1831428571428577
533,3.2266203703703704
534,2.933497150997151
535,3.313811391223156
536,3.533180868838764
537,3.4545793650793657
538,3.4468713450292396
539,3.533180868838764
540,3.533180868838764
541,3.0752777777777784
542,2.973997584541063
543,2.8112280701754386
544,2.661369552914545
545,2.3419454191033133
546,2.5591856646965008
547,2.981123321123321
548,3.1519676700111483
549,3.293015289058767
550,2.9345098039215687
551,3.4807058823529418
552,2.9993333333333334
553,2.9993333333333334
554,3.0752777777777784
555,2.5387513382674674
556,2.5889247311827956
557,2.3582275132275132
558,2.2270833333333333
559,2.519245967741935
560,2.829188311688311
561,4.073063777089783
562,4.469618300653594
563,4.469618300653594
564,5.4944677871148455
565,5.4944677871148455
566,5.4944677871148455
567,4.682387933634991
568,5.639439215686274
569,5.7095609195402295
570,5.493399999999999
571,4.329039627039627
572,4.536348717948718
573,4.135925729442971
574,3.790673981191223
575,4.536348717948718
576,3.790673981191223
577,3.7
578,3.854865900383142
579,3.535277777777778
580,3.4192801086981985
581,3.05913725490196
582,2.8649786324786324
583,2.6266234929944607
584,2.7527525252525256
585,2.8329761904761903
586,2.706847158218126
587,2.5757612996322674
588,2.422124976472803
589,2.422124976472803
590,2.42618675721562
591,2.3095936481520005
592,2.3095936481520005
593,2.1837300084175086
594,2.1129601476476476
595,1.877885714285714
596,2.3159542112299465
597,2.478260019550342
598,4.065897965123971
599,3.785220639834882
600,2.9898196248196243
601,2.9898196248196243
602,2.717954538492173
603,2.738849600220568
604,2.7586505091881435
605,3.232742857142857
606,3.342612531328321
607,2.7586505091881435
608,3.1217813146997933
609,2.7154759060135403
610,2.706809616634178
611,2.4934310088243308
612,2.3832402119668674
613,2.461968201754386
614,2.2420553359683795
615,2.265521164021164
616,2.191845238095238
617,1.8692255892255891
618,2.0274259259259257
619,2.1774747474747476
620,2.2074309764309765
621,2.221174603174603
622,2.587512987012987
623,2.646298701298701
624,3.252013045434098
625,2.8742444348545333
626,3.028247527910686
627,3.535184376976597
628,3.420811688311688
629,4.083921568627452
630,3.7780548278690693
631,4.290603508771929
632,4.367599999999999
633,4.537416505063564
634,4.680528393175452
635,5.18531640866873
636,4.7074
637,5.639439215686274
638,6.2275748792270536
639,6.55945207220951
640,5.255438112522686
641,7.013574879227053
642,6.2275748792270536
643,6.2275748792270536
644,6.2275748792270536
645,6.2275748792270536
646,4.923560919540229
647,6.2275748792270536
648,6.2275748792270536
649,6.2275748792270536
650,6.2275748792270536
651,6.2275748792270536
652,6.2275748792270536
653,6.2275748792270536
654,6.2275748792270536
655,6.2275748792270536
656,6.2275748792270536
657,6.2275748792270536
658,6.2275748792270536
659,6.2275748792270536
660,6.2275748792270536
661,6.2275748792270536
662,4.923560919540229
663,6.2275748792270536
664,6.2275748792270536
665,4.923560919540229
666,4.923560919540229
667,4.923560919540229
668,4.778589490968802
669,4.778589490968802
670,4.778589490968802
671,4.562428571428571
672,4.562428571428571
673,4.778589490968802
674,4.562428571428571
675,4.562428571428571
676,4.414833333333333
677,4.391377289377289
678,4.391377289377289
679,4.0975294117647065
680,4.329039627039627
681,4.222620320855615
682,4.203948717948718
683,4.222620320855615
684,3.931904411764706
685,4.0203812636165575
686,3.5110343567251467
687,3.367893924626381
688,3.367893924626381
689,3.367893924626381
690,3.040833333333334
691,3.040833333333334
692,2.955359477124183
693,2.994313725490196
694,3.05913725490196
695,3.1619649122807023
696,3.293012531328321
697,3.240666666666667
698,3.8505490196078433
699,3.9404502541757447
700,3.602549019607843
701,3.9295924626380767
702,3.602549019607843
703,3.724507189542484
704,3.858894444444445
705,3.868879012345679
706,3.110259259259259
707,3.36617230273752
708,3.4342037037037043
709,3.4342037037037043
710,2.706847158218126
711,2.5387513382674674
712,2.706847158218126
713,2.5757612996322674
714,2.6266234929944607
715,2.706847158218126
716,3.075557422969188
717,3.111769841269841
718,2.9345098039215687
719,3.9295924626380767
720,3.1928627450980396
721,3.9295924626380767
722,3.9295924626380767
723,2.9993333333333334
724,3.9295924626380767
725,4.059326195390437
726,3.8248245614035086
727,3.8348091293047433
728,3.614984567901235
729,3.445210573476703
730,3.2628908382066273
731,3.5061673636001593
732,3.614984567901235
733,3.605
734,3.8348091293047433
735,3.9090983449910173
736,3.784273783587509
737,3.9295924626380767
738,3.647870102200473
739,3.176729847494553
740,3.5230455407969643
741,3.176729847494553
742,2.982571225071225
743,2.6266234929944607
744,2.4358797653958946
745,2.3832402119668674
746,2.4957715402876692
747,2.4986901270772233
748,2.3832402119668674
749,2.331710229929024
750,2.34612063086104
751,2.311805010893246
752,2.191845238095238
753,1.8094189016602813
754,1.881280500100827
755,1.877885714285714
756,1.9661396825396824
757,1.881280500100827
758,1.7766337839483617
759,1.792409523809524
760,1.9117998700454844
761,1.681274628879892
762,1.5439136524174888
763,1.326844647851513
764,1.2749345330237358
765,1.1188888888888888
766,1.0870895061728394
767,1.288872033023736
768,1.3822488446179388
769,1.443799827623357
770,1.5123918300653594
771,1.5785251633986928
772,1.4321990740740742
773,1.6495055555555556
774,1.4144000000000003
775,1.9542298850574709
776,2.2152410714285713
777,2.96893082875539
778,4.012350326797386
779,3.8532392156862754
780,3.785220639834882
781,4.743281871345029
782,4.746356676003734
783,4.743281871345029
784,4.47909298245614
785,4.949902711323764
786,4.135555555555555
787,3.933407407407408
788,4.243074242424242
789,4.391377289377289
790,4.562428571428571
791,4.536348717948718
792,4.562428571428571
793,4.536348717948718
794,4.329039627039627
795,3.945535353535354
796,3.752421455938698
797,4.031279761904762
798,4.169977011494253
799,4.1593121693121695
800,3.975185185185185
801,3.946717752234993
802,3.984310344827586
803,4.229166666666667
804,4.391377289377289
805,4.391377289377289
806,4.414833333333333
807,4.414833333333333
808,4.414833333333333
809,3.939196428571429
810,3.705988792171588
811,3.973917107583774
812,3.9672154882154875
813,3.939196428571429
814,3.8738653353814647
815,3.8617132003798673
816,3.9672154882154875
817,3.6524877450980395
818,3.705988792171588
819,3.4468713450292396
820,2.8111912604303906
821,2.642832047179873
822,2.7448561349823617
823,2.41563618642566
824,2.3743443812898306
825,2.3743443812898306
826,3.1936467073480803
827,2.6708030616726273
828,2.632682221938884
829,2.5226941619915846
830,2.4023153957825842
831,2.2095505952380954
832,2.279868777056277
833,2.3744113835725678
834,2.3744113835725678
835,2.0290999999999997
836,2.0097752136752134
837,2.0947341269841266
838,2.2328363095238095
839,1.8689086419753087
840,1.9141046516072313
841,1.9141046516072313
842,1.9141046516072313
843,1.956692251461988
844,1.7538171570780268
845,2.053252602833248
846,1.9620924296730748
847,1.986198204264871
848,2.129727513227513
849,2.048952214960058
850,2.2269675925925925
851,2.0629121979121976
852,2.0759487748618177
853,2.220004927788939
854,2.220004927788939
855,1.7806546737213405
856,1.758251361091941
857,1.8947419753086419
858,1.728557319223986
859,1.6831296296296296
860,1.730212121212121
861,1.5781666666666667
862,1.6980454545454544
863,1.6357779475426535
864,1.5781666666666667
865,1.573353705118411
866,1.4798197496233962
867,1.4798197496233962
868,1.629931182795699
869,1.4778865669074648
870,1.5123918300653594
871,1.5785251633986928
872,1.7437555555555555
873,2.005970625798212
874,2.454935574229692
875,3.252932844932846
876,3.3812486344065302
877,3.940588235294117
878,3.3918510436432636
879,4.065897965123971
880,4.073063777089783
881,3.237621351766513
882,3.1455871902758297
883,2.5846415770609314
884,2.3388983585858583
885,2.6304477861319966
886,2.4295608465608467
887,2.824590643274854
888,3.335343567251462
889,2.6595233585858584
890,2.9757307651321394
891,2.9857323232323236
892,2.7397470238095236
893,2.8073367408557623
894,2.447990945104697
895,2.3332155091285522
896,2.350011847801321
897,2.4108966685488418
898,2.773889926428976
899,2.6266704153546256
900,2.6329561403508777
901,2.8926759347598927
902,3.9295924626380767
903,3.337234567901235
904,5.787560568086884
905,4.743281871345029
906,4.743281871345029
907,5.284632093053144
908,4.279972886762359
909,3.5110343567251467
910,4.145284502923976
911,3.5110343567251467
912,3.367893924626381
913,3.2465649122807014
914,3.2465649122807014
915,3.367893924626381
916,3.2678362573099418
917,3.109351851851852
918,2.7784855769230767
919,3.1887651821862346
920,2.8112280701754386
921,2.836320360454486
922,2.4765210071731807
923,2.6460577369349294
924,2.4197844450094643
925,2.4197844450094643
926,2.6460577369349294
927,2.275108251633987
928,2.3159542112299465
929,2.4317167708834377
930,2.228317901234568
931,2.226560846560847
932,2.1580902777777777
933,2.191845238095238
934,2.030734887490465
935,1.7528835978835977
936,2.006046783625731
937,1.9639179256010395
938,1.9983641975308641
939,2.2170699855699856
940,2.249111111111111
941,2.22646632996633
942,2.22646632996633
943,1.944920634920635
944,2.2923000912131344
945,2.173379028379028
946,1.7277319911472837
947,1.8085978835978835
948,1.7277319911472837
949,2.060979166666667
950,2.059100529100529
951,2.1599791666666666
952,2.1152592592592594
953,2.022694041867955
954,2.0675238095238098
955,1.903968253968254
956,2.3680576669707105
957,1.948424192665572
958,1.9704126984126986
959,1.9417037037037037
960,1.6161923536439666
961,1.8524982746721876
962,1.7042756892230573
963,1.603672514619883
964,1.603672514619883
965,1.697295482295482
966,1.7354773004773003
967,1.9537298850574714
968,2.005970625798212
969,3.0430059523809527
970,3.575041380188439
971,4.743281871345029
972,4.743281871345029
973,4.294977777777777
974,5.493572263993316
975,4.294977777777777
976,4.052488888888888
977,3.1475373181530677
978,3.2579021164021165
979,3.322092592592593
980,3.4206388888888895
981,3.689273783587509
982,3.5333531746031746
983,2.738849600220568
984,2.6266234929944607
985,2.4358797653958946
986,2.2237419237419234
987,2.311805010893246
988,2.159168356997972
989,1.8578166472319397
990,2.1301872086247085
991,2.307390931372549
992,2.578442265795207
993,3.0382838149504816
994,3.2858852258852265
995,3.3812486344065302
996,3.3812486344065302
997,3.574803184431668
998,3.940588235294117
999,3.940588235294117
1000,4.073063777089783
1001,4.073063777089783
1002,4.193618300653594
1003,4.193618300653594
1004,3.995084967320262
1005,3.927061978814514
1006,4.537416505063564
1007,3.8194812849985267
1008,5.34842857142857
1009,4.391377289377289
1010,5.34842857142857
1011,4.391377289377289
1012,4.536348717948718
1013,4.682387933634991
1014,4.7074
1015,4.7074
1016,4.7074
1017,4.135925729442971
1018,4.7074
1019,4.7074
1020,4.7074
1021,4.778589490968802
1022,4.923560919540229
1023,4.135925729442971
1024,4.536348717948718
