,0
0,1.6688206823827636
1,1.5341371266378367
2,1.4579112368595577
3,1.4637786196511786
4,1.2728796603735493
5,1.4188798997878258
6,1.2714510184104233
7,1.3684592284088732
8,1.2766005933057643
9,1.3342167187726688
10,1.440088692088968
11,1.5157266333963095
12,1.646992777534004
13,1.7084259043965722
14,1.6798316825806558
15,1.9206960456525028
16,1.8114780556948826
17,1.7978379886193587
18,1.7193974263960117
19,1.7017944278433736
20,1.780394301053416
21,1.7665005663542388
22,1.9021418042089162
23,1.933902346209501
24,1.8214153334240475
25,1.9644205181220722
26,1.9362220504952157
27,1.7868452646141102
28,1.8073870887972854
29,1.7310037624669266
30,1.6696377132884235
31,1.5289260735392098
32,1.6607003369285533
33,1.5237730076155163
34,1.494562038488837
35,1.3600833401050343
36,1.52911783053225
37,1.405186742274926
38,1.2793941033233982
39,1.2674986628937037
40,1.2152842868291398
41,1.248862665693498
42,1.2763958358971557
43,1.1932021197732736
44,1.2580987451507175
45,1.2659242260582673
46,1.2518137665568987
47,1.1727659578090253
48,1.1864955292824475
49,1.2093976942299438
50,1.1669340884486383
51,1.2000113993352504
52,1.3159153132267039
53,1.270841764028762
54,1.3880543807636438
55,1.648122154152298
56,1.5334452247664947
57,1.5483543009501752
58,1.65753541991552
59,1.707834202599459
60,1.6762191344405322
61,1.984360163302263
62,2.0822303567158666
63,2.228139776205596
64,2.101631786382886
65,2.180276122975013
66,2.544855071392132
67,2.738959238490593
68,2.7354979468696747
69,3.1672642361561687
70,3.265177774882539
71,4.082538737462527
72,4.033804036720632
73,4.152410821426742
74,5.233467040931215
75,5.203997795906657
76,5.156699214123362
77,5.0121725311511485
78,4.4991783313653295
79,4.784061290537423
80,3.768358454330581
81,4.2640133615841895
82,4.464747346712298
83,3.902349258818467
84,4.052261177167018
85,4.331050607704116
86,4.29964948568448
87,4.40055973567292
88,4.037507039771776
89,4.287385729240632
90,4.390578525929754
91,4.135547950859846
92,4.258695825907081
93,4.77719500759284
94,5.234435639385859
95,5.27602091064001
96,5.290763816291235
97,5.158364523506776
98,5.4583998658122965
99,5.34370116579244
100,4.7387799689328665
101,4.516420191761057
102,4.720139907739579
103,4.99666010715072
104,5.328346364666179
105,5.0786747947535655
106,4.8411923433863695
107,5.018205414225921
108,3.932490527990314
109,4.787489360932391
110,4.507002004820036
111,3.93234832178695
112,3.7245208147608584
113,3.672251594655236
114,3.0856245821327493
115,3.490994007769549
116,3.436451955130581
117,3.4316625265224485
118,3.4783615441027913
119,3.4877030937046207
120,3.3506577884669477
121,3.195018713611043
122,3.3746066731379525
123,3.416519368116578
124,3.392007629561948
125,3.430389439733585
126,3.0436560165382263
127,3.003812081447099
128,3.230277210054978
129,3.3844061245785304
130,2.9816253244717044
131,3.412793425562817
132,3.439707958698707
133,3.387493407072974
134,3.5290553488484253
135,3.443240789114567
136,3.6137991460404435
137,3.3969102507091424
138,3.3517457734076537
139,3.0596313372828146
140,3.105036063277755
141,2.6507863832344674
142,2.51840546064052
143,2.348953098584952
144,2.73996687583968
145,2.585384752399461
146,2.4329312101578617
147,2.3241605598012938
148,2.1475950370798564
149,2.131019903008118
150,2.086172072273359
151,1.7653784676369644
152,1.7227030328415311
153,1.6461668347182077
154,1.5391073287277526
155,1.6651719966814775
156,1.665563285602231
157,1.6273233790283759
158,1.4718419280678094
159,1.4705781763671488
160,1.3092583316140722
161,1.3700665223457236
162,1.3038162229305188
163,1.2958843868154353
164,1.0818426527762761
165,1.2666830869224965
166,1.1784470784167997
167,1.2906484082066862
168,1.5426523514493338
169,1.7463412964608291
170,1.7404764670966342
171,1.807641904641218
172,1.6777492581414382
173,1.924986593310785
174,1.7080346697030355
175,2.009578106943355
176,1.8378617758079094
177,2.0407727808829197
178,2.3666464510525214
179,2.1626325736468908
180,2.2713497529612656
181,2.1078525151412753
182,2.14084618511899
183,2.0960243913409884
184,2.215618524875744
185,2.2714964035291576
186,2.2435155309283354
187,2.157523478480244
188,2.12583947900649
189,2.0889387055183133
190,1.913098517097984
191,2.0101933667450123
192,2.0717068435312793
193,2.0950284588804093
194,1.8774423436040708
195,2.060095849825296
196,2.243000444494596
197,2.262022766651024
198,2.2440675031681145
199,2.471404259533246
200,2.7212188394473658
201,2.3838597732417064
202,2.5157194890977173
203,2.573536555751107
204,2.4478897452047486
205,2.4126222290317627
206,2.4136196448291507
207,2.582395887610954
208,2.509865114038304
209,2.394406416012018
210,2.3438233074192203
211,2.515522396558473
212,2.4729035811482554
213,2.5473310225646517
214,2.5258195602929177
215,2.468481631290119
216,2.2747093272540937
217,2.1681269609559277
218,2.1317770562924307
219,2.1453369986961217
220,2.0976841563833557
221,2.0886407796692574
222,2.0625319610062336
223,1.9296163513426126
224,1.9199179967646889
225,1.869126734609527
226,1.7533704219628017
227,1.718974448787228
228,1.5861091235653384
229,1.6312537622192576
230,1.5947307649191211
231,1.5248477441645871
232,1.5112337893122008
233,1.4659251235866968
234,1.4958268875157759
235,1.502840085511044
236,1.3407757998273697
237,1.5259059692921235
238,1.3939598513341402
239,1.3135650296860772
240,1.3854900445082061
241,1.3674796896029853
242,1.4927871750057866
243,1.4971671961837023
244,1.508258215858365
245,1.4365762158139892
246,1.5047286287752737
247,1.5798205166686208
248,1.5468328735147732
249,1.5683970682697195
250,1.6519104953672419
251,1.6338764178473308
252,1.4742224857218187
253,1.5427503745165398
254,1.632476564465987
255,1.4847676775800789
256,1.4623719382414866
257,1.4014932305463652
258,1.4548955817495006
259,1.596244434033322
260,1.687563368290234
261,1.6620727386913068
262,1.4598380699928588
263,1.4923553790114767
264,1.3404881402133897
265,1.358580706661973
266,1.3069755657568485
267,1.2091366386804794
268,1.1988386090681322
269,1.1861532525969194
270,1.2619903247064692
271,1.1138156620331499
272,1.2884311708130538
273,1.2187975908455269
274,1.3860898129516117
275,1.5300004630180968
276,1.6755393639896596
277,1.9382823559973346
278,2.0009912918708386
279,2.175222477838613
280,2.4274614390952305
281,2.5158979376727917
282,2.9798985337932673
283,3.215499148022238
284,2.9331037485053106
285,3.2666896453592695
286,2.6052227750121166
287,2.552600772820435
288,2.408452255818741
289,2.2344996683745753
290,2.2343104850932165
291,2.150504801578119
292,1.9968996362463554
293,1.9396096350079293
294,1.900101187791329
295,1.784688592030051
296,1.7851109673440158
297,1.7444808345975382
298,1.725301325834118
299,1.8191337366166296
300,1.903056848124674
301,1.667765170677562
302,1.6709056751690103
303,1.585222106751562
304,1.5284434198898182
305,1.5310227686404965
306,1.5376875685579618
307,1.4159727832809754
308,1.491966034909253
309,1.4602909456532815
310,1.7322633375875758
311,1.5535975264627666
312,1.5203192888180814
313,1.452291995347886
314,1.4951936054882422
315,1.4906205751601553
316,1.4431839801901871
317,1.4859308931121862
318,1.3284465529628071
319,1.3532651934400652
320,1.3309465626985908
321,1.451922503010616
322,1.4582699331776128
323,1.401687562979017
324,1.4320588933712888
325,1.3662598112463629
326,1.3754066515095489
327,1.382759398756541
328,1.3565646954448973
329,1.4741336832550127
330,1.6177958411174973
331,1.7490039819091452
332,1.8543151285047874
333,1.8292388554276402
334,1.857151870579004
335,1.9143532116544781
336,1.9519579201134398
337,1.8253076348068626
338,1.7270852429576284
339,1.6052044171158193
340,1.4192487530974265
341,1.3834355992998573
342,1.4308475207913747
343,1.4487044010346009
344,1.3739843409974462
345,1.4035105512411021
346,1.4062483534906396
347,1.4075006559122583
348,1.4565837231196757
349,1.4072844126974327
350,1.4132977850695625
351,1.2369935146250877
352,1.2065578994786221
353,1.1989615694445226
354,1.1052768243681514
355,1.1877256842090653
356,1.161083033829278
357,1.2814869913795004
358,1.2964688902193298
359,1.2745341079764987
360,1.3548448445723162
361,1.3800518234260208
362,1.4226827626514933
363,1.4665856861405213
364,1.439990250053894
365,1.4897695120543073
366,1.558702327048262
367,1.7134028471279081
368,1.686853971209077
369,1.711718538699266
370,1.6607450258757532
371,1.7095382318227526
372,1.7399716813588169
373,1.7819743209046448
374,1.9056299649168869
375,1.8709562664000692
376,1.8717674341042756
377,1.9186870676751613
378,1.9707480957311434
379,1.9383144386907873
380,2.310850616412948
381,2.243211533011113
382,2.4262084951609255
383,2.4597355391654308
384,2.5353346896578737
385,2.4047998237733528
386,2.5629841944807046
387,2.5236269514312872
388,2.539210157278929
389,2.1683183352535638
390,2.3952019075081084
391,2.1581993897501
392,2.075598260925743
393,2.127034660000381
394,2.3478291326318304
395,2.2824103292853137
396,2.355027030981905
397,2.283507716715145
398,2.284627486938325
399,2.3194586730367255
400,2.344453255138938
401,2.151665940898711
402,2.091408159523323
403,2.306892758640983
404,2.196393639181458
405,2.229673150049163
406,2.358243054902736
407,2.3636762063761543
408,2.4376062114797543
409,2.2370126241636457
410,2.5552400140026084
411,2.4521598986100734
412,2.5379443344291532
413,2.4364682954154278
414,2.4137918048096227
415,2.422500385278391
416,2.7496558062196783
417,2.6951399457693035
418,3.1779889849801326
419,2.9330872005647657
420,3.2850882738513447
421,3.4970535324148195
422,3.457169905159764
423,2.923096964988105
424,2.711433043736401
425,2.9710104725728623
426,2.5952680661266725
427,2.559103528903944
428,2.4166360004229683
429,2.348953792675569
430,2.382182735598005
431,2.087764692601677
432,2.1935939974825764
433,2.1789641641771995
434,2.1038117548334396
435,1.9389315152968198
436,1.9365623297069585
437,1.7043182171006217
438,1.6545170330738608
439,1.8353140225887543
440,1.5639821809733097
441,1.5910030882378148
442,1.6175866078591394
443,1.618490460535259
444,1.6009259464730878
445,1.535551958608099
446,1.6095205940525
447,1.5090620631223575
448,1.5263186960903687
449,1.5123649176900493
450,1.5295649343995437
451,1.4119109349421681
452,1.2644813195799676
453,1.269099872778759
454,1.2622839439119002
455,1.2126968247141827
456,1.174739388864871
457,1.1355906023929894
458,1.1943574224668185
459,1.1938233387005281
460,1.2025665051573087
461,1.2366522772159871
462,1.2791450326339766
463,1.3194451674128123
464,1.4336191603855002
465,1.318229017933817
466,1.2216953044015535
467,1.3308752878819976
468,1.3672034709941625
469,1.3827190873170712
470,1.5097313689644083
471,1.3446463482448503
472,1.3921893950151942
473,1.3723064305205115
474,1.4404593503932641
475,1.5422701965667658
476,1.9824652502049744
477,2.206150945319866
478,2.0007739780837945
479,1.9646152083180282
480,1.804823370590133
481,2.082832463381202
482,2.4692575711777587
483,2.5579536390353783
484,2.359083745145118
485,2.4097946127848986
486,2.359921014193128
487,2.3464557489817697
488,2.2263773392469783
489,2.039134052745494
490,2.086867593079804
491,2.069344906368279
492,2.036202099960365
493,1.8681381381834328
494,1.9021182853190919
495,1.8911482684407113
496,1.768068067449599
497,1.7930174001355124
498,1.8745038803585168
499,1.9154502596332077
500,1.8506411112540315
501,1.8897108214936034
502,1.98403205902738
503,1.883082739060596
504,1.89616376871897
505,1.843824967338269
506,1.8941310471513308
507,1.8311771755379675
508,1.8371757257072348
509,1.6231215306597457
510,1.4573534171161306
511,1.4018531957411948
512,1.5274656379936087
513,1.8178503371058738
514,1.821893892412511
515,1.8188543594824487
516,1.9086426006773252
517,1.9403297948932243
518,1.9452297456509364
519,2.0550219385382538
520,2.2375283966229422
521,2.591845215639843
522,2.5890706578408134
523,2.5435330928020514
524,2.8640742196370876
525,2.7753704647446917
526,2.5876016546282985
527,2.404877823181808
528,2.391164131734139
529,2.382138678791739
530,2.5467649930899476
531,2.718970226722973
532,3.006757439515297
533,3.0794229555734165
534,3.4548011173348097
535,3.3399810982515006
536,3.4653517212030156
537,3.1648523655656633
538,3.4226502973267183
539,3.406726534947385
540,3.3974904611961314
541,3.1315305905568294
542,3.3803880471725267
543,3.1233635889264133
544,3.25085941701138
545,3.1128833436470993
546,3.23033339616276
547,3.0727076340432444
548,3.2702990205833573
549,3.2377146691922833
550,2.798287293001895
551,3.0785925777345957
552,3.167328144034453
553,2.9444881298136836
554,2.9305091720529974
555,2.90953006648115
556,3.2705762881814144
557,3.35595391717238
558,3.3858728722232647
559,3.4168447145006513
560,3.239390066278903
561,3.3524755509746558
562,3.1062181173650676
563,3.0376299420151915
564,3.1120430493129354
565,3.15445524728822
566,3.352858887833271
567,3.591489821987895
568,3.3622473391275056
569,3.5068643847114984
570,3.4164571660191094
571,2.888641956673787
572,2.8360678763450506
573,2.6465433617526544
574,2.598683569809425
575,2.7978434444358284
576,2.611045185909485
577,2.645686410779878
578,2.5643933755392605
579,2.376409045894514
580,2.5431225164695874
581,2.611848173159366
582,2.579476825739106
583,2.6722279697376785
584,2.982727539234484
585,2.9806904160777767
586,2.9531725965324274
587,2.943628635985536
588,3.7536939944348586
589,4.054232222736657
590,4.238511488039558
591,4.440060968771643
592,5.21629660659841
593,5.623471647515826
594,5.627096514472789
595,6.118174994760404
596,5.828416515383857
597,5.542419782181979
598,5.607717697962547
599,5.368105383521586
600,5.093471033594976
601,4.446034352933546
602,4.399172411084334
603,4.893596804955228
604,4.407433844891882
605,4.346062483355461
606,4.35495921249465
607,4.320298263181748
608,4.5375314698433735
609,4.869423564209449
610,4.370594134892904
611,4.089476669278168
612,3.8114029818425292
613,3.8222378139030893
614,3.5144668322656654
615,3.6528677593513597
616,3.7084105361189064
617,3.5625522546939385
618,3.413411990121274
619,3.6607792704274704
620,3.7238708395206483
621,3.880709152562047
622,4.223452005792118
623,3.8788288428065556
624,3.917364472718846
625,3.9138051708753347
626,3.826681256068875
627,3.7957770479525044
628,3.904131624733749
629,4.181951057286656
630,3.9596737178755133
631,4.610594447849263
632,4.592975852023836
633,4.066463463397111
634,4.530965362513348
635,3.786192121825535
636,3.897665362348404
637,4.004171723592273
638,4.096662103543403
639,3.9904774193682155
640,3.471722963868088
641,3.6553775490092035
642,3.267585582991098
643,3.6110836012404186
644,3.444399804534547
645,3.5947635471535895
646,3.40711360920418
647,3.219407651072966
648,3.4393470530659505
649,3.2827250834850137
650,3.4576501638195607
651,3.774925836311266
652,3.7906593480463995
653,3.935847910547335
654,3.7435962930173874
655,3.619953521117614
656,3.4190074154645886
657,3.2592160931017204
658,3.382163577695616
659,3.211905311285958
660,3.0920755601601955
661,3.20115112833909
662,2.9661850787173645
663,2.6738005557475706
664,2.818255253182209
665,2.7943614579140457
666,2.6103978036101836
667,2.5008754057820672
668,2.3935745328894305
669,2.7342986102358657
670,3.045942367839832
671,3.0563555753771863
672,3.0319137102165525
673,2.9585861217809706
674,2.9115040046836738
675,2.7395285520762243
676,2.928008614209045
677,3.2084681640731336
678,3.4202447094256274
679,3.095661675048455
680,3.1364209514984536
681,2.6612413960207157
682,3.103062085993295
683,2.9871468421279173
684,3.023512867135733
685,2.707525470529846
686,2.956963478285285
687,2.844313797654659
688,3.1690051639104513
689,3.335996577819457
690,3.073665842294277
691,3.051024813556867
692,2.994101670929584
693,2.884969109516081
694,2.941410746751853
695,2.686483623639349
696,2.8565790169996976
697,2.6140866694977785
698,2.548314108760763
699,2.57386973116158
700,2.553509101127508
701,2.3445636268933767
702,2.6766500657882686
703,2.6034201268212978
704,2.502272084898239
705,2.5023121637817822
706,2.5911957657858755
707,2.531610614567883
708,2.46448403731123
709,2.2821326716619614
710,2.1184492941045976
711,2.2642531174940363
712,2.3996108781301277
713,2.245823828095554
714,2.098737439593097
715,2.0515420510820426
716,2.260673471658288
717,2.417538800247319
718,2.005265721516467
719,1.9703056234435474
720,1.7550504232011106
721,1.8181473195963305
722,1.821076915106414
723,1.8785570882992266
724,1.9144643827658632
725,2.052655802391348
726,2.291978465422939
727,2.309054691485525
728,2.449060260242772
729,2.5789332413698967
730,2.542946551799209
731,2.7957545048004087
732,2.810757381669959
733,3.0819223406397236
734,3.090718939233714
735,3.077329727728728
736,3.437111146206973
737,3.7401844215797166
738,3.880192729403423
739,4.132211300024072
740,4.6269365374186
741,4.606861414026213
742,4.585921432754283
743,4.350081181564331
744,4.585910967403095
745,4.509377348331933
746,4.319108969531463
747,4.548002668488439
748,4.616321795231678
749,4.461300458654422
750,5.097944980908885
751,4.603598083017264
752,4.5748464701140374
753,5.377104435742765
754,5.152460534108378
755,5.103208474716271
756,5.039449746327107
757,5.088640041896673
758,4.508336398687405
759,4.255666927570421
760,4.0906992139950855
761,3.978390722348896
762,4.451783968366415
763,4.097747988051037
764,4.262489445162865
765,4.394172686689772
766,4.78206307250284
767,4.4163939924068325
768,4.13072878385403
769,4.078010316710047
770,4.390119331350266
771,3.90821477303876
772,3.6755903326149895
773,3.5347859840012044
774,3.6728966908704854
775,3.8481541848587812
776,3.856457737868445
777,3.9277290115798924
778,3.754611779624083
779,4.016040964237687
780,4.195465918762031
781,4.000851779512034
782,4.146781285810501
783,4.6796865908528735
784,4.611220089612178
785,4.887411718708893
786,3.969276748982518
787,3.706717717382634
788,3.5933637599404222
789,3.637758423965052
790,3.612728899016789
791,3.618461598579037
792,3.558610138614144
793,3.442821967821757
794,3.6244312064925204
795,4.190061376850068
796,3.7726258752878983
797,4.6194944510412075
798,4.842945565686288
799,4.974150166632187
800,4.914360651831856
801,5.042145165033449
802,5.0425437751231
803,5.286825056834896
804,4.923015082608954
805,4.894515576189021
806,6.326137919758932
807,6.591217476238107
808,5.558162611623972
809,6.366126466318124
810,6.591217476238107
811,6.666365860795446
812,6.666365860795446
813,6.35500737043593
814,6.1683310438762025
815,5.80760038686496
816,5.240682680087758
817,4.845649907940126
818,4.7905813024295965
819,4.841046974508734
820,4.829091905384311
821,3.925930733104618
822,3.9175714022181136
823,4.132472392962271
824,4.096199380265833
825,4.117505973361475
826,4.570070810642541
827,4.576516232962606
828,4.7066146890597045
829,4.59883190116537
830,4.830939463672188
831,4.910738092057523
832,4.753905316971307
833,4.613137865076612
834,4.7117881270041115
835,4.721112891269156
836,4.403516517278546
837,4.315505539218512
838,4.171396371429742
839,4.400084555587442
840,4.8525805949497895
841,4.562643039862531
842,4.154435730187557
843,4.056320389218097
844,3.8140421099466097
845,3.8951083513236817
846,3.732770048389173
847,3.549391354423268
848,3.5632843238621614
849,3.1291488513355277
850,3.397330493393121
851,3.5554250382815313
852,3.336915630998585
853,3.313017018752724
854,3.5762179979006836
855,3.5147526216438236
856,3.353308536278424
857,3.4740969793928476
858,3.36483607200163
859,3.3799717544356342
860,3.306803168690096
861,3.3274457586678072
862,3.3664242531200954
863,3.3349951838696668
864,2.932539229723679
865,3.1239799227818486
866,3.1258753180285597
867,3.3330294687727533
868,3.545632764023278
869,4.191949581320794
870,3.647517822669551
871,3.7167040475755027
872,3.6329130647862424
873,3.674623787558223
874,3.453642187264737
875,3.6185125048983933
876,3.6404183503533734
877,3.0842530142243625
878,2.8023497761342737
879,3.028557185728209
880,2.8631962479949147
881,3.048565158729814
882,2.6617994421545736
883,2.792474795072702
884,3.0964980215373
885,2.8207847001796047
886,2.6653952062995527
887,2.522853938951381
888,2.486750151574118
889,2.3901766009709364
890,2.103138332945547
891,2.156300492226649
892,1.966011842512382
893,2.1358724940577396
894,2.055616901524816
895,1.8646909571581265
896,2.049306050854025
897,1.8810784664245002
898,1.9397178095115726
899,1.8888013818375289
900,1.8861736258018351
901,1.9062657861147776
902,1.5609157308949853
903,1.5559017294981998
904,1.5034880924189142
905,1.3851469386091873
906,1.3822515559055069
907,1.3312675688330764
908,1.1818028227230042
909,1.1481865984818855
910,1.1480448309018485
911,1.085546011964531
912,1.076922398716786
913,1.0349410766049825
914,1.0458650793010413
915,1.058352929807779
916,0.9796360796183665
917,0.9749532008614066
918,1.01389808278075
919,0.8806687812189781
920,0.8326561069701063
921,0.7839721338315989
922,0.733894113430777
923,0.7380718642598245
924,0.6899706849341636
925,0.7577065134098562
926,0.7409691970422786
927,0.7491614223353424
928,0.7220469887252728
929,0.729664671119187
930,0.6845109636138011
931,0.6486001841320418
932,0.648533876455243
933,0.6314091890399274
934,0.631951255880812
935,0.7540238410105141
936,0.9613070936670262
937,1.162058525696061
938,1.7472968548266
939,2.5585157313503157
940,2.959003605490874
941,2.800841309142628
942,3.1190342862282994
943,3.1480508111277397
944,3.0569346801945345
945,2.6875928817471246
946,2.62793909528358
947,2.6346389479027033
948,2.592704356651662
949,2.575913725011744
950,2.6319810551849807
951,2.6406897312850237
952,2.7374883439941864
953,2.590118702253767
954,2.5648404290053155
955,2.3699259938552903
956,2.6062794271538263
957,2.6020553875458257
958,2.934756071698088
959,3.390571092658138
960,3.1505922813307463
961,3.8174826993801623
962,3.4533133884991742
963,3.388199645536362
964,3.608823301868495
965,3.8794963959304667
966,3.5549500494981916
967,3.6588085877190144
968,4.150134695776764
969,3.755913881708021
970,3.703390649560934
971,3.7963240952788233
972,3.5097235479085893
973,3.599120912427608
974,3.5054447245708285
975,3.586676700227846
976,3.480585644337642
977,3.518185218607837
978,3.0607899238321585
979,3.04418439632927
980,3.460571416432577
981,3.4522724933497924
982,3.177526094003535
983,3.0597697040580236
984,2.817617123719528
985,3.239759943363933
986,2.885751937739335
987,3.1823702231353606
988,3.2541716239511507
989,3.0967899416351354
990,3.2309610282582657
991,3.510485577014472
992,3.498185061247166
993,3.255187944266766
994,3.1697375547866926
995,3.0894337591564858
996,2.9701109635243435
997,3.4832237077205446
998,3.2001476111101335
999,3.143799187185511
1000,3.0277686765730567
1001,2.952132042196223
1002,3.037607813788269
1003,2.8598015276078397
1004,2.617420675113985
1005,2.522086858704446
1006,2.332398937318347
1007,2.0602993977311987
1008,2.2056219720410835
1009,2.122008778552496
1010,2.158482177216388
1011,2.023708475981895
1012,2.015726180362887
1013,1.9613513138382979
1014,1.9380995752860102
1015,2.062593571784868
1016,2.1647099789258193
1017,2.393493523105631
1018,2.6323131891458855
1019,2.6456130036710617
1020,3.51915295819754
1021,3.4952606125060037
1022,3.4582355833174914
1023,2.7627274000162174
1024,2.7084522579448445
1025,2.9246444237797524
1026,2.9911164150365317
1027,2.7431954117515214
1028,2.981836310919065
1029,3.1467716610418157
1030,3.163666886229535
1031,3.856483101556421
1032,3.924291918119211
1033,4.561274850488226
1034,4.526281587375382
1035,4.982604902863824
1036,5.038761927532122
1037,5.408986799766954
1038,5.022692671207199
1039,5.0472490628888105
1040,5.0019947079647675
1041,5.3080845321277605
1042,5.0150447833270615
1043,6.364473115029612
1044,5.501170959700044
1045,5.618534043473688
1046,5.7900603649105395
1047,5.904762505212562
1048,5.890158728217894
1049,6.349031649896932
1050,5.847940244940887
1051,5.249022208206698
1052,5.947504477648655
1053,5.073442698631588
1054,5.178327203974106
1055,4.408728269259967
1056,3.910088070233018
1057,3.9225566706116264
1058,4.320349113266266
1059,3.8405073038808015
1060,3.9511457640758363
1061,3.759794048014348
1062,3.857425711377001
1063,3.543808126307392
1064,3.7885348599814175
1065,3.7110361472646876
1066,3.677589029718826
1067,3.7240082130525116
1068,3.875000925130339
1069,3.85776773165698
1070,3.8870434048943814
1071,3.9844736716055715
1072,3.7420679421082497
1073,3.7932507079810938
1074,3.7011704329772828
1075,4.211907031592568
1076,3.7519441646836906
1077,3.4638030593853624
1078,3.4539566296157025
1079,3.414193006681411
1080,3.2487523730021133
1081,3.197096102376532
1082,3.0323995400041146
1083,2.9967634770007354
1084,2.9701209597003415
1085,2.918296545673062
1086,3.1407267472379097
1087,2.980986963724921
1088,3.1483115321154265
1089,2.927213585187449
1090,3.092743042824187
1091,2.9097881234845087
1092,2.596895712295721
1093,2.4127885014827184
1094,2.5374377740634957
1095,2.419603777082866
1096,2.3610844848282815
1097,2.3368518247361276
1098,2.328717693923977
1099,2.307491841889345
1100,2.2720302401572834
1101,1.9480059388021271
1102,1.929939596915619
1103,2.069594968873639
1104,1.953961225245402
1105,2.00016920433656
1106,2.396645894831311
1107,2.869558697586113
1108,2.7271081235618633
1109,2.8815605521031293
1110,3.0488038891131337
1111,3.116480697959442
1112,2.9427026705363963
1113,3.11212684278923
1114,2.9935741458014924
1115,2.8715051560186042
1116,2.5054535686912622
1117,2.330655031369861
1118,2.203180324758805
1119,2.119002170720424
1120,2.09569020676063
1121,2.0445424910899797
1122,2.218416931810038
1123,2.165581810522664
1124,2.0782841900652587
1125,2.025007638988014
1126,1.9412249251397165
1127,1.7348834201733323
1128,1.822232087603298
1129,1.6691059084080762
1130,1.5962904366243083
1131,1.566284504632549
1132,1.5447350780443907
1133,1.515425048795947
1134,1.4926214510799618
1135,1.5564524371488422
1136,1.5731090395640726
1137,1.5645413151800942
1138,1.5647872075374147
1139,1.518430870894449
1140,1.5693884061346588
1141,1.5674711561481025
1142,1.6599005408752825
1143,1.9050767158814146
1144,1.814832379846501
1145,1.8141852949346389
1146,1.8137227823877524
1147,1.8431983496434563
1148,1.8386511647328683
1149,1.9200553152170097
1150,1.9603985643866764
1151,2.0655558245172707
1152,1.9490790645867162
1153,2.0405820930478527
1154,2.0042572577139794
1155,1.8276648536378524
1156,2.0032731478596593
1157,1.9285784994968995
1158,1.918998967957157
1159,1.9257719242251705
1160,1.8620668426700633
1161,1.8735023824111412
1162,2.05042852822598
1163,1.9484263978609013
1164,2.0681712640757346
1165,1.9590943263610063
1166,1.8112950659530642
1167,1.7695827681484118
1168,1.8054237348733289
1169,1.8958872926376389
1170,1.9296240397778213
1171,1.9722180161215228
1172,2.0692479063684615
1173,1.8859356559776623
1174,2.085554473919386
1175,2.0999502484409023
1176,2.1134368612722736
1177,2.340860481652928
1178,2.3020441048357387
1179,2.5215793024236643
1180,2.93054799847346
1181,2.9652286838148205
1182,2.922853371068
1183,3.3138223702872076
1184,2.7633014658125914
1185,3.0505824605546907
1186,3.2730037756826356
1187,3.2008308998171136
1188,3.571226880859382
1189,3.0857734205053293
1190,3.239848249280062
1191,3.6827769825073586
1192,3.6891994697058452
1193,3.682900787860748
1194,3.6750975547683993
1195,3.4646136676930275
1196,3.465688383073052
1197,3.6631221049688074
1198,3.736684471435929
1199,3.5824681647494363
1200,3.7109922357950045
1201,3.7478767734450162
1202,3.7845501442157135
1203,4.273362746572985
1204,4.019909393428776
1205,4.022200374663739
1206,4.267379932756342
1207,4.934043296888647
1208,4.986053575838792
1209,4.950935787644763
1210,5.01574378126098
1211,5.352740355134354
1212,5.996556555009136
1213,5.761266570629499
1214,6.339228834390425
1215,6.106979058163978
1216,5.092916029517767
1217,5.063795424401526
1218,4.911101725097359
1219,4.854499388373196
1220,4.9015424426498715
1221,4.453488222524766
1222,4.41846317744362
1223,4.394354498488166
1224,4.640202016152349
1225,4.794178014702218
1226,4.07316250703631
1227,4.74854333297121
1228,4.507814338193586
1229,3.8580632297086423
1230,3.9373873441055562
1231,4.531014025742264
1232,3.771484411145156
1233,3.9376414403677176
1234,3.958943739309932
1235,4.531014025742264
1236,3.785831543063057
1237,4.360907817643122
1238,3.8059269804067655
1239,3.715284359915469
1240,3.4615224259076958
1241,3.514983187722163
1242,3.5025431332250094
1243,3.5278745355084675
1244,3.475426446228413
1245,3.561944911815416
1246,3.7931672702891386
1247,3.6352108514114687
1248,3.7844525762348438
1249,3.8796398106835994
1250,3.744352190788407
1251,3.760013715152519
1252,4.075048061612498
1253,4.32310020902097
1254,3.8935182808434607
1255,4.050181954068893
1256,5.028949601466664
1257,4.602742791070524
1258,3.870183401182921
1259,3.9688189456885206
1260,4.250987782935957
1261,4.817368075232145
1262,4.9394689600195285
1263,5.434179347150551
1264,5.791339088082018
1265,5.8391146257164275
1266,5.022238806639883
1267,4.885461947901998
1268,4.94507920340635
1269,4.829459979424612
1270,4.735985590550083
1271,4.4370069879960194
1272,3.891920854400292
1273,4.09213645465817
1274,4.028518220222721
1275,4.395445479545919
1276,3.8285042380308285
1277,4.286272354184913
1278,4.125958659490105
1279,4.333236429451867
1280,3.932421425256531
1281,3.7633523250564065
1282,3.767883821019762
1283,3.8091071453774994
1284,4.1606532233982465
1285,4.486495434221586
1286,3.96311191111416
1287,3.958007346762916
1288,4.263284378649766
1289,4.854400819011863
1290,4.824708177506706
1291,4.797052457041826
1292,4.5090380695227825
1293,4.7107052030519485
1294,4.521368529292898
1295,4.819721160261989
1296,5.006466961424884
1297,4.986027076842386
1298,5.001134922496071
1299,4.869500608115202
1300,4.986328909023487
1301,5.016733665557276
1302,5.287265266300163
1303,4.771150675539761
1304,4.6088793803453045
1305,4.852955015291981
1306,4.531322376279751
1307,4.508026398999319
1308,4.869545724840708
1309,4.454606725858922
1310,4.727856045876163
1311,4.358438627447733
1312,4.456186655639534
1313,3.87048073158346
1314,3.8002825606689457
1315,3.8505148230274235
1316,3.735182680740034
1317,3.6475547499012357
1318,3.6125627610256776
1319,3.4577205641880404
1320,3.236074063194301
1321,3.560631288152828
1322,3.222338306002576
1323,2.826611102571093
1324,2.9077390873874203
1325,2.6745843695969276
1326,2.7983339988006715
1327,2.6459726287208394
1328,2.5174809184350164
1329,2.5863462005890114
1330,2.4280347517475995
1331,2.271623743478483
1332,2.281718141881428
1333,2.365415127528261
1334,2.5554406686586257
1335,2.540398842234521
1336,2.6394321793910653
1337,2.582390114947615
1338,2.729539220973645
1339,2.773046372736627
1340,3.111588976575141
1341,3.0195955025504486
1342,3.0766329237502843
1343,2.8886137921630355
1344,2.89239138706342
1345,2.964336117161307
1346,3.072172819830686
1347,3.3548307939239193
1348,3.461073794681266
1349,3.7319240437178953
1350,3.4855309531254806
1351,3.7861241123338787
1352,4.055066366993341
1353,4.067193529218679
1354,4.362383947878156
1355,4.246991595966359
1356,4.421239647687971
1357,4.282821635969272
1358,4.421050025284203
1359,4.3853553101005165
1360,4.984686217026413
1361,5.001318522303006
1362,4.5157180600589895
1363,5.007302740112971
1364,4.9120667739805866
1365,4.397213172928568
1366,3.736137368734448
1367,3.4732466261073025
1368,3.3965424544548406
1369,3.3965424544548406
1370,3.1513986713727014
1371,3.110326340690817
1372,3.353749313730463
1373,3.168188437736796
1374,3.649443349159468
1375,3.4014128956425838
1376,3.406059408925316
1377,3.6635014488501976
1378,3.179644106041515
1379,3.0226508515089967
1380,3.4627458778800744
1381,2.6603814294487096
1382,2.931572301186134
1383,3.0886139270129167
1384,3.4702515465947825
1385,3.4747700140045317
1386,3.4795794420389643
1387,3.41706791166602
1388,3.753858885671292
1389,3.7224934864511363
1390,3.4436992019964965
1391,3.5842373620168106
1392,3.474663022283718
1393,3.43338593746192
1394,3.045986053250362
1395,2.847881811895858
1396,2.895677301870906
1397,2.9875444128969977
1398,3.050830530776181
1399,3.07665332821402
1400,3.2419823658385654
1401,3.4812495511726067
1402,3.444034201066311
1403,3.240202921516563
1404,3.123108671357816
1405,3.0577156408135315
1406,3.217149879484685
1407,3.499548208961378
1408,3.303947539767981
1409,3.486260132219791
1410,3.810563336140044
1411,4.062167307308351
1412,4.020614139116175
1413,4.5579396325105135
1414,4.21011293593363
1415,4.159594573491102
1416,5.094506510757892
1417,4.93479021816444
1418,4.034930630748292
1419,3.679925063875198
1420,3.66113908766473
1421,3.6761024031462686
1422,3.6504183494958524
1423,3.3246392087580166
1424,3.246688818917023
1425,3.3717522322573337
1426,3.210412534878314
1427,3.3567820745766155
1428,3.1745273211647995
1429,3.65056514581514
1430,3.3612784755099794
1431,3.6885745578622386
1432,3.589612639272081
1433,3.4234534718813046
1434,3.3797028088434278
1435,3.544477090840913
1436,3.6728564213053634
1437,3.6779012006248584
1438,3.8216902775459944
1439,3.782833387520941
1440,4.050396841795359
1441,4.129524002981868
1442,3.7130246955284356
1443,3.4297862840676685
1444,3.531878692333944
1445,3.5076650418680164
1446,3.4529109128173503
1447,3.052770749531455
1448,3.42116060084873
1449,3.1813706947280513
1450,3.1358180829648545
1451,2.8701394166929286
1452,2.7293686975517435
1453,2.7608417765081827
1454,2.7264530582606232
1455,2.808661515751769
1456,2.874893691285487
1457,2.6989645153188
1458,2.669805777794249
1459,2.619695540275682
1460,2.6350141746238593
1461,2.524244307451339
1462,2.4576836829399054
1463,2.635184446982842
1464,2.6290800079668375
1465,2.6323212550493302
1466,2.664904441259709
1467,2.582672248789258
1468,2.5546921985648137
1469,2.565550166241533
1470,2.434616361845728
1471,2.4799709594935453
1472,2.363762184663356
1473,2.262148393205686
1474,2.080879981218365
1475,2.0028507077825424
1476,2.0060991256328222
1477,2.0054417512898137
1478,1.981251967210141
1479,1.9748265486836643
1480,1.96273895256351
1481,1.8436287168806482
1482,1.761618651044035
1483,1.7955700021996968
1484,1.784222881478582
1485,1.8050961592898234
1486,1.6643481822149961
1487,1.814470065385519
1488,1.7566170288325929
1489,1.7791609474306
1490,1.741879994637944
1491,1.7374749389289224
1492,1.7338054320014238
1493,1.6055577664874705
1494,1.6588091851910987
1495,1.546198200814624
1496,1.641860972352427
1497,1.7217390021445012
1498,1.5852557869959194
1499,1.4536650235082342
1500,1.5820205100272189
1501,1.4791395521313715
1502,1.382647039665241
1503,1.3660436868128891
1504,1.4206193945921666
1505,1.502076768477775
1506,1.4851916544937327
1507,1.519061308487835
1508,1.5234997629006277
1509,1.6664198038136426
1510,1.6031962685455161
1511,1.7753867421424674
1512,1.946751143125639
1513,2.2134350650000143
1514,2.307510031086465
1515,2.344866180823038
1516,2.5215554223995484
1517,2.3815395067455385
1518,2.4212927660440213
1519,2.36427363456649
1520,2.427036258357647
1521,2.5250164366805157
1522,2.5080332416248035
1523,2.3598444035465507
1524,2.4249255077271163
1525,2.386369713899831
1526,3.0495740720347015
1527,3.340463128364989
1528,3.754770907606401
1529,3.8320827722869417
1530,3.822558341834938
1531,3.419792212241392
1532,3.1086729250894805
1533,3.122054607246819
1534,2.97910373358936
1535,3.0990145306890575
1536,3.014830528384352
1537,3.3930580363065035
1538,2.7913866429893557
1539,2.961508435968752
1540,2.79467092179995
1541,3.1522961686450426
1542,2.9452830918001625
1543,3.3273038616944506
1544,2.8425386053709527
1545,3.025018874992104
1546,2.950178739870957
1547,2.9416859272514375
1548,2.793744524998067
1549,2.7746134003619995
1550,3.03004018835272
1551,3.4313119789517077
1552,3.7555485119281933
1553,3.9406635914930175
1554,4.227265076046057
1555,4.285145003195791
1556,3.799141651567739
1557,3.6015255789887566
1558,3.547646564771232
1559,3.5349321798293567
1560,3.693294357850967
1561,3.6190163341659667
1562,3.2003974435827294
1563,3.8458584927073014
1564,3.3883743872354564
1565,3.602741012012706
1566,3.8479661394731584
1567,3.402556579053845
1568,3.425766519829321
1569,3.3888025609737995
1570,3.1648476654854414
1571,3.1130936085680623
1572,2.9144453445962775
1573,3.009494918534951
1574,3.069256423437729
1575,3.41323199227693
1576,3.3589709847737583
1577,3.3890560648042944
1578,3.356143534251708
1579,3.4042008729200757
1580,3.379481422279186
1581,3.411702234768102
1582,3.1271597423453197
1583,3.204105525257667
1584,3.3982646050764207
1585,3.559108156565027
1586,3.3811079433846434
1587,3.6636971598141606
1588,3.7665458505221903
1589,4.187637965276154
1590,4.1689708472371185
1591,4.012242296902657
1592,4.715346867278684
1593,5.192372490588841
1594,6.026753918119633
1595,6.616099283734516
1596,6.642835446722631
1597,6.641484053299038
1598,6.641484053299038
1599,6.158309538499858
1600,5.9016953875052645
1601,5.363637125985443
1602,5.309504308897673
1603,5.0925785150445835
1604,5.521464034333009
1605,4.5650726592359385
1606,4.846436181205174
1607,4.9849593648373824
1608,4.3468573435114415
1609,4.492875554842782
1610,4.684841044883807
1611,5.459343802575757
1612,5.256178681802069
1613,6.2661496192931265
1614,6.591217476238107
1615,6.641484053299038
1616,6.172255122890944
1617,4.87154761496966
1618,5.7757179088482875
1619,5.193081258821851
1620,6.0239509106008375
1621,5.519456024080117
1622,6.3177675897776515
1623,6.616099283734516
1624,6.140530977613138
1625,6.042183900609986
1626,6.616099283734516
1627,6.090264400552206
1628,5.830472608334192
1629,4.875380018652025
1630,4.513915920046146
1631,4.044450427754101
1632,4.072153835761579
1633,4.431399510894072
1634,4.240574408403765
1635,3.79001737275615
1636,3.7876290688304795
1637,4.1058376701981105
1638,4.111448517379936
1639,3.6038641805055454
1640,4.559228599647865
1641,4.688654746139889
1642,4.676022969756878
1643,4.340842980366273
1644,4.696354024042392
1645,4.637670007549546
1646,4.506640122341333
1647,3.766144983722162
1648,3.6418635679423055
1649,3.58817420190943
1650,3.450482132890555
1651,3.4451721192125766
1652,3.580127486792124
1653,3.3910214329392216
1654,3.7395924165820857
1655,4.52382783790369
1656,4.627148639548972
1657,5.178237633653628
1658,5.789633918136281
1659,6.234596224464487
1660,5.6929172170942905
1661,4.974286889992681
1662,4.938614572547927
1663,4.954839637705697
1664,4.65856205222443
1665,4.882197079888278
1666,4.518676330098262
1667,4.279886384135979
1668,3.910344830442587
1669,3.719868391316762
1670,3.7177175211800373
1671,3.961164869663759
1672,4.125844068492096
1673,3.7391480632097744
1674,3.8421869027763726
1675,3.8770907986990766
1676,3.7984068064037952
1677,3.7559324699200403
1678,4.654292258012825
1679,5.016773053574338
1680,4.863025375403241
1681,4.289945213970922
1682,4.431408833458278
1683,3.9363989355614786
1684,3.51412530050771
1685,3.7241709810304235
1686,3.947014061696493
1687,3.965104956139561
1688,3.869366762721705
1689,4.057998317480276
1690,4.712162720297294
1691,3.937599266283852
1692,3.936971349730796
1693,4.709624155990098
1694,5.062539813899587
1695,5.318619475140605
1696,5.053273259144482
1697,4.80333203531211
1698,4.871844195828572
1699,4.884651166984235
1700,4.769120682918365
1701,4.196020768271504
1702,4.171302280810671
1703,3.9945739314238367
1704,4.506114787461159
1705,4.014327943139241
1706,3.796459978369847
1707,4.130782527178365
1708,3.8343983802564336
1709,4.058111099008408
1710,3.7600723182297493
1711,3.6694675280788176
1712,3.397132214541026
1713,3.427542238874343
1714,2.908579914509741
1715,3.370979095319062
1716,3.000705298589945
1717,2.700859370944943
1718,3.0271348781518648
1719,2.692268577386053
1720,2.8623150014396193
1721,3.130124478907665
1722,3.384427499204365
1723,3.5747767961141137
1724,3.6089451205730123
1725,3.5031776348185044
1726,3.3240458345354242
1727,3.305758601864028
1728,3.4734220587757205
1729,3.30340212085831
1730,3.196081945262473
1731,3.304848661927929
