,0
0,1.5103874035679041
1,1.5624075803591146
2,1.6083079635268749
3,1.4783423906576065
4,1.1585722660541282
5,1.0381328495383744
6,1.144053145743786
7,1.248582402270306
8,1.276650394902275
9,1.2610017202613935
10,1.187143597377307
11,1.1495693541961463
12,1.2500714517329448
13,1.3607764637997004
14,1.3481931621901604
15,1.3543919736384393
16,1.2551523314413786
17,1.1597915105142895
18,1.086019449914104
19,1.0483527140742197
20,1.0212140394118652
21,1.0314705825317823
22,1.0671464967449982
23,1.0006401214614
24,1.1347410441391812
25,1.059298587472499
26,1.0594088334825273
27,1.166020238443663
28,1.1083395764348487
29,1.0415297561312091
30,1.0066182765467437
31,0.9523014986955965
32,1.0138302471398861
33,0.9856736331297813
34,1.0385703878989405
35,0.9543741106050859
36,0.914036864281068
37,0.9895092484654888
38,0.9446621267533575
39,0.897300921454464
40,0.8702276208998934
41,0.8759645642370667
42,0.8530058521261661
43,0.8200409720331181
44,0.858861366405592
45,0.9298203609743029
46,1.1862333272322516
47,1.5841458070098813
48,1.7266988803870738
49,1.7646593498834215
50,2.3330542928476867
51,2.239533493203737
52,2.499912283714287
53,2.6157643586127546
54,2.326688370743634
55,2.3841002887812253
56,3.006843272588709
57,3.541311385781572
58,3.9328663905725123
59,4.166038682668247
60,4.449701243279044
61,4.523260830955619
62,4.549743352015789
63,4.611901857100893
64,5.475242303776006
65,5.4720746543408145
66,4.280616893103763
67,4.159062689755396
68,4.153878681693331
69,4.17370976330263
70,4.339412573532821
71,4.253863743399068
72,4.2300693951961374
73,4.346742736643248
74,4.321668729756254
75,4.329960199379603
76,4.254461929375694
77,4.348832345217873
78,4.3637124648788745
79,4.4015591552632
80,4.495539095392025
81,4.5079754469769755
82,4.561032488576017
83,4.765163061710794
84,4.904553446217206
85,4.934463643723895
86,4.8282346832019245
87,4.852617681193473
88,4.453924773905016
89,4.396272550329444
90,4.454014714451109
91,4.660521430440462
92,3.866187879937259
93,3.651940181940533
94,3.590181968552315
95,3.54191846611947
96,3.510879193659134
97,3.504769953435244
98,3.1590099070688176
99,3.2891282538026463
100,2.957608560803353
101,3.060729356507946
102,2.987634515266586
103,2.663313762781651
104,2.6122406349463585
105,2.584596131050629
106,2.580334322435779
107,2.1686261875351596
108,2.1555203101305542
109,2.186927485307547
110,2.1689105010535443
111,2.477793183721304
112,2.2155734440772714
113,2.457221065035067
114,2.4298987984397846
115,2.3682366470596063
116,2.3504282471418003
117,2.1368310857989616
118,2.107117622602525
119,2.1184878273858487
120,2.0432696566698527
121,2.0304042902630832
122,1.9956814785830483
123,1.9898782000531678
124,1.9432245586453354
125,1.8106021319127332
126,1.572044133370758
127,1.5636752607983295
128,1.406639795735078
129,1.3744141624126316
130,1.3468743370493144
131,1.2622953751945003
132,1.223847088220015
133,1.1485498834049086
134,1.2071954502545563
135,1.1243707514568348
136,1.1090674052652412
137,1.1092428111381147
138,1.0788057302430243
139,1.2510616821362668
140,1.2133982580331322
141,1.2458406747244777
142,1.2039983366965978
143,1.2329368575965902
144,1.1170847019106085
145,1.2468415777390045
146,1.2843906167319465
147,1.2926100410324424
148,1.7109515397244466
149,1.7406292461417063
150,1.7610487175130698
151,1.722485966622802
152,1.997590536517326
153,1.9259380703147826
154,2.1002304766237896
155,2.086335113373047
156,2.5640064198057644
157,2.7408062402066347
158,2.641353384513245
159,3.0899165028988227
160,3.0145009897254167
161,3.3308769542235277
162,3.710915720859833
163,3.7149619823758813
164,3.7668688172250935
165,3.8847693617326065
166,3.775115115476184
167,3.8764115956974057
168,3.9682927666156074
169,3.5611607589987075
170,3.8245775423388264
171,4.02432171657949
172,3.849353242116827
173,3.869642892805902
174,3.8043611225642486
175,3.977937964990383
176,3.9318395690200028
177,3.941557109100518
178,4.038541208751956
179,4.006833663926923
180,3.9287343949191187
181,4.001146769271681
182,3.9316345598035527
183,3.7756499136525066
184,3.644316099826909
185,3.7277192144646185
186,3.826861802850253
187,3.7867572996531274
188,3.7168299773970874
189,3.820687118752752
190,3.2602903627440796
191,3.669236216198038
192,2.7168442609269605
193,2.742302229958457
194,2.7633769909470955
195,2.8376913086345263
196,3.281376341214594
197,3.235411120650776
198,2.8880113828387053
199,3.3261773922836166
200,2.9013058099570586
201,2.612122985424118
202,2.5941163054024305
203,2.464678763367562
204,2.2839944826152245
205,2.2072923110562535
206,2.1951904626893715
207,2.1756659790312805
208,2.1506424812651113
209,2.369044988338754
210,2.42012908682306
211,2.395781593403252
212,2.2883527085608413
213,2.203491567827421
214,2.193380205201629
215,2.205941539086205
216,2.098285090184063
217,2.1242157305992615
218,2.0000633022611876
219,1.9505715141370108
220,1.9798448283436851
221,2.1282357231307247
222,2.2415923580554624
223,2.3343367974569627
224,2.3167781778208187
225,2.062315980479717
226,1.9365033631550022
227,1.8280689107293158
228,1.8744285406056311
229,1.8296177982643462
230,1.6043512744969675
231,1.595815588573145
232,1.5978418360370497
233,1.6014889566645567
234,1.567030357611501
235,1.568403972684181
236,1.5042724556734666
237,1.729523766072749
238,1.7259492114909523
239,1.5780799449606153
240,1.4622409168670227
241,1.4322678019448456
242,1.3294460234654775
243,1.3723607155666853
244,1.31549119795007
245,1.24047178053163
246,1.2429727062030038
247,1.2693369475703342
248,1.271744156207677
249,1.2852866870780106
250,1.2285262450829175
251,1.2560785987012375
252,1.2358353186437063
253,1.211280627346511
254,1.132910242735748
255,1.2520550878914787
256,1.610021063220788
257,1.7968589222386524
258,2.3359826579471683
259,2.406424133772967
260,2.4734343586071943
261,2.3561571984865646
262,1.5724545192406032
263,1.7156508123152396
264,1.8287671145886841
265,2.1631743522730953
266,2.0760181586393016
267,2.02919781323716
268,2.343773249507761
269,2.675349101696673
270,2.6219473438059206
271,3.1621567092822596
272,3.1528988369396953
273,3.198348146468042
274,3.127740498752358
275,2.939591017675318
276,2.640095942442625
277,2.602608560772116
278,2.7380723496048724
279,2.5291421948744714
280,2.4530702798240775
281,2.1487114515321615
282,1.9536874985087496
283,1.8765692534519909
284,1.9313258900651795
285,2.164669259966369
286,1.8906104543074673
287,1.913332393188865
288,1.9661114539316467
289,1.6639267694776887
290,1.7149361737771405
291,1.6517992627094875
292,1.760855293875732
293,1.5811854717734444
294,1.5821614663602057
295,1.5017656697814081
296,1.5174708590465642
297,1.490801954825613
298,1.4060762876846422
299,1.3245121010104024
300,1.334400148754171
301,1.3154085229018964
302,1.3038432475568917
303,1.2555288813301446
304,1.2640844654249135
305,1.2794449400038084
306,1.2764052273035438
307,1.267778134689247
308,1.2667795625498657
309,1.3238414588698624
310,1.4416793563804846
311,1.4659825295277644
312,1.4215540738312376
313,1.4098649475136946
314,1.461887047319084
315,1.5760465120715064
316,1.402388645064286
317,1.32993490340329
318,1.2787616041034042
319,1.148818663599798
320,1.2638639029610745
321,1.2340260480004923
322,1.1731186241087457
323,1.0418059168122802
324,1.0543117679719203
325,0.9991084065734722
326,0.9348718851792609
327,0.9122132671936362
328,0.9159448473775369
329,0.9183594925323463
330,0.9389415105370841
331,1.1767329163351414
332,1.1709090612117838
333,1.247479324749442
334,1.1936354697607816
335,1.2312381386182722
336,1.4696502186653086
337,1.4753875777948722
338,1.4739366516893593
339,1.560298024074118
340,1.5846548537642806
341,1.5648374329237982
342,1.5553886158087973
343,1.6910941746198938
344,1.7622598061134067
345,1.5486265097348146
346,1.5791653638860672
347,1.521540689376432
348,1.6304056258870918
349,1.6403323249089052
350,1.5895739390516854
351,1.5276737983225717
352,1.393503988148913
353,1.398628808356387
354,1.349064221911977
355,1.3874555177666208
356,1.3530017463276323
357,1.424078876528047
358,1.4763220874024103
359,1.6444102993512033
360,1.5266208062998354
361,1.524575770704542
362,1.5310151783982566
363,1.509080782920553
364,1.5313175385752424
365,1.5099199534471672
366,1.5164587231498488
367,1.5224331125299837
368,1.5311890964847361
369,1.5740384027379881
370,1.8724745205994608
371,1.9367566645795316
372,2.119465562486335
373,2.1264628437339823
374,2.4267364633048625
375,2.3088119641585543
376,2.4258268665216716
377,2.3333052850183353
378,2.4630033046509885
379,2.6026109144653833
380,2.6296073431697287
381,2.645820989325476
382,3.1018758929510066
383,3.0493827445349644
384,3.301815775828783
385,3.195815877994744
386,2.8628229627799597
387,2.416503492043024
388,2.4097040490603296
389,2.6257183931126202
390,2.866924541306209
391,2.9938706487332274
392,3.0705243081287734
393,3.401276295997783
394,3.4463629784379117
395,3.3824377096145524
396,4.008002488275028
397,3.741163543078334
398,3.751036398527666
399,3.7236367810164004
400,3.4747221465679194
401,3.6008758805855026
402,3.7895317054937894
403,3.8655000959980046
404,3.6405195285943686
405,4.469110372249298
406,4.634862313526731
407,4.678513320626543
408,4.572180509354351
409,3.939129491365419
410,3.935251118498461
411,3.9310210414358773
412,3.483846010401773
413,3.495448449001244
414,3.213481975199692
415,3.0381795392145987
416,3.0166897319676864
417,2.948582334083439
418,2.8714900172768765
419,2.8875841169288585
420,2.8825010536180224
421,2.8030169160906584
422,2.7486347330561243
423,2.577289916197216
424,2.792799168358359
425,2.400549125856527
426,2.5943824153187895
427,2.2534357121439648
428,2.0009252311167027
429,2.0504380257333854
430,1.8995707748885111
431,2.034080663576566
432,1.8918245791049524
433,1.968752025122194
434,2.0131850325631198
435,1.887210246868833
436,2.161563231679125
437,1.8400905782444665
438,1.8207596610899195
439,1.8407847622117581
440,1.8578421831849041
441,1.802984591591558
442,1.6870566790614567
443,1.7904804383860815
444,1.7020866622176842
445,1.7668332020554518
446,1.7200288321318944
447,1.8825783590746978
448,2.0020861318549565
449,1.7393261042571093
450,1.7161463009172038
451,1.6890465212899095
452,1.624157658901896
453,1.5782119907252325
454,1.5864003106795754
455,1.530483527981719
456,1.2854968341555768
457,1.3657781723783824
458,1.2021222567086556
459,1.2879657305989063
460,1.1809935577162936
461,1.2638391216583902
462,1.2863402548382683
463,1.3519352751312224
464,1.2199390932830545
465,1.1767092772836598
466,1.159086339699149
467,1.1238188059020209
468,1.0884118942333896
469,1.054402891776136
470,0.9274968621911138
471,0.9291125762076771
472,1.0075388993765897
473,1.0435387699708334
474,1.1801524452919139
475,1.4213723597666295
476,1.525184840355239
477,1.506526368118877
478,1.4420210180055644
479,1.5622285904424917
480,1.5223095594518667
481,1.5877418391153089
482,1.5616324114094746
483,1.554945133770607
484,1.5689254377415929
485,1.5575317994555198
486,1.4759716579547355
487,1.569714439773397
488,1.66910991076794
489,1.4617082727940693
490,1.5897260589603441
491,1.7438236010751627
492,1.7545332352114444
493,1.73745940450466
494,1.7554822575609657
495,1.7655029462307728
496,1.7999718461402463
497,1.831223246675449
498,1.7011411983469933
499,2.1895884834999615
500,2.184363342881518
501,1.9327479039550528
502,2.0896743276311707
503,2.306494508880011
504,2.3953089787863906
505,2.0066640781574776
506,1.4763628600797505
507,1.4473787494233576
508,1.4570916811879266
509,1.438513249385647
510,1.5015248607949447
511,1.6183858777226865
512,1.6894685125327789
513,1.8016781036926084
514,1.9101521562726171
515,1.9927666918928466
516,2.0560561781220352
517,2.0329006545079866
518,2.057124534947719
519,1.9412525602196864
520,2.0097031435819117
521,1.9677080713101889
522,2.1786053890080415
523,2.264687979315364
524,2.5727727505194764
525,2.824480616690731
526,2.8462250836595793
527,2.841331663392947
528,2.7644519115849735
529,2.9663899673075336
530,2.9761740162466848
531,2.9901171888309475
532,3.351104041932224
533,3.301591197714117
534,3.4441231546103968
535,3.810097502888985
536,4.066691610574028
537,4.141687377861007
538,4.0933640080847455
539,3.9650772126210287
540,3.670066752973119
541,3.528006833227383
542,3.5334600105160603
543,3.307768606620053
544,3.3072537937107267
545,3.1907833597110904
546,3.0932357057934605
547,3.523163942068241
548,2.8289608177945644
549,2.433632956507842
550,2.310002551272558
551,2.749363414537476
552,2.3614886232404833
553,2.4203267146592307
554,2.3918530624946004
555,2.555016932671609
556,2.3998096999523186
557,2.3159094793038157
558,2.3979013985497906
559,2.3474150897878028
560,2.321734760927633
561,2.30137688365686
562,2.353972689685622
563,2.300622301607043
564,2.312722264399998
565,2.509853442358492
566,2.6805458167724683
567,2.7054315578843067
568,2.7634784584826213
569,2.608508178974785
570,2.7591717749964615
571,2.5616300515386228
572,3.1114795186570405
573,2.5342231814115284
574,2.2484331072699253
575,2.095572465180328
576,2.1340644154844317
577,2.347640345245793
578,2.7763448529445447
579,3.03886552200304
580,2.6618065381148144
581,2.9255699445604946
582,3.0334260822022463
583,3.9323405339742297
584,3.9570525414859654
585,3.9213913566134964
586,3.756446170815943
587,3.66318058920835
588,3.3684732604005445
589,3.7979736471958314
590,3.6293678547510195
591,3.474202168089398
592,3.336144844584159
593,3.3356749831793486
594,3.3533563497278487
595,3.343223693080336
596,3.0241644915129853
597,2.980132693325819
598,2.8758494106624335
599,2.810978546110466
600,2.851016223776927
601,3.5563551348920837
602,3.8653671680147363
603,3.71557068355296
604,3.6108333029717326
605,3.3298655512232753
606,2.9627598533909816
607,2.7624718263791537
608,3.0664418909203244
609,2.850967383550153
610,2.9424945391022783
611,2.593406813381851
612,2.661286925914083
613,2.856536517361221
614,2.726696544748065
615,2.8304067941915223
616,2.9014231350676654
617,2.9166836616564673
618,2.894723208381809
619,2.967237205937505
620,2.756512316551697
621,2.8971026967254154
622,2.8938614350149754
623,2.4848238082370377
624,2.6362103964114767
625,2.699678605646234
626,2.777585940056748
627,2.793653573939925
628,2.847802054543677
629,2.960010107847955
630,2.8551092858135885
631,2.896698362544313
632,2.7862038291035662
633,2.61020286227057
634,2.7657264535820376
635,2.3705484668015115
636,2.2607508023307177
637,2.250681625446541
638,2.366822019663271
639,2.434999694616185
640,2.371527148581415
641,2.2682589728132667
642,2.379327202810607
643,2.1870691015031394
644,2.2413434759766444
645,2.2990705966989293
646,2.2568970349511774
647,2.117509318593892
648,2.0061468760529135
649,1.819632649151873
650,1.8828010432015843
651,1.8107058566089123
652,1.8287637520698898
653,2.027132291195926
654,2.4490322318648086
655,2.4030740692551227
656,2.4042318444827946
657,2.505476220775215
658,2.703460973674359
659,2.832675050836506
660,2.545189505418652
661,2.323954597994803
662,2.2220317859334484
663,2.16410230824553
664,2.016323062188567
665,1.9519930361667948
666,1.8020748097774084
667,1.6230882225383274
668,1.6470462706508089
669,1.755514206484061
670,1.786919802224604
671,1.6596719922237624
672,1.6044927570025773
673,1.6245184032884659
674,1.6119853636626773
675,1.5965121763357757
676,1.5382753284968709
677,1.50677227898409
678,1.6967512435310041
679,1.6637040825926293
680,1.6828750008941593
681,1.9000928064979483
682,1.6780122227115986
683,1.8936413267443772
684,1.9042964253811923
685,1.9390229296607622
686,2.2253410748889895
687,2.4218513097992695
688,2.305042036320045
689,2.15182061695212
690,2.2018750284201967
691,1.9558335846772599
692,1.9541276968669903
693,1.8785013624883589
694,1.8443272117970742
695,1.8613855771039594
696,1.880951810661326
697,1.7875275972157918
698,1.7918451129843243
699,1.7135543165238205
700,1.7992107259393062
701,1.7371402794160464
702,1.8050153834400522
703,1.776974178310928
704,1.9038776812706615
705,1.9143487592686235
706,2.0615783067451803
707,2.0148283186263716
708,2.5507940339744852
709,2.727985919555856
710,2.9227758125238856
711,3.2936832362043416
712,3.179217955882555
713,3.0048598259416703
714,2.725888044478049
715,2.600563970856256
716,2.5854904223194026
717,2.425564481443632
718,2.499048890234999
719,2.6515408348369145
720,2.584418444982963
721,2.7385514411414524
722,2.892581614986274
723,3.0756576551397568
724,3.148087928816548
725,3.0409377066189403
726,3.0513715648372712
727,3.0053589842001327
728,2.8353404693237527
729,2.934835755292955
730,3.01222509115599
731,2.8666350542172343
732,2.7825229123237016
733,2.898036110731849
734,2.8990073451878375
735,2.851681175252371
736,2.8427134710240956
737,2.866429644531636
738,2.8428903381299033
739,2.8646510898278303
740,3.003136229653193
741,3.067339831335036
742,3.0033602568985747
743,3.0257652499842274
744,3.2975315573499913
745,3.543267270291675
746,3.171004701327011
747,3.1082227710155546
748,3.5290601428982393
749,3.630323539563641
750,3.61879939505994
751,3.064789039051417
752,3.563598317729193
753,2.9447280860047056
754,3.2148267891587037
755,3.1860762693951816
756,3.0219511802335566
757,3.6886761384745785
758,3.61112952673086
759,3.3943551542179624
760,3.7281755654576387
761,2.8985125893622707
762,3.0162442927078534
763,2.752589120854162
764,2.8280302640856325
765,2.985185389323001
766,3.097787408511487
767,3.110232250391118
768,3.7046560956332857
769,4.246382841334254
770,5.1721534359076395
771,5.372511312658762
772,4.922325346761499
773,4.581248528239882
774,4.712395578609173
775,4.5401075556434005
776,3.735261755528234
777,3.493640896717807
778,4.0865389580012055
779,3.651991594700953
780,4.551209785198337
781,4.236243278034324
782,4.270224021671174
783,4.28519761897186
784,3.764212637755032
785,3.916831116825089
786,3.2530267074560064
787,3.7704429580055745
788,3.15984935490252
789,3.359664364400621
790,3.337514607667352
791,3.9366183289796504
792,3.7810326759256645
793,3.08854717360696
794,3.7110900543808127
795,3.7281355161797363
796,4.2602595318550645
797,3.6408264461255198
798,4.1757015834207705
799,3.7942864601332498
800,3.7382028555849804
801,3.602771601694938
802,3.516523544211914
803,3.515397027396126
804,3.47509081826093
805,3.476880454327417
806,3.4129555792044153
807,3.1149568466923836
808,3.017905129380903
809,3.0868567853162623
810,2.835081307697297
811,2.793239950229729
812,2.6477684746337498
813,2.6615039196422643
814,2.633802175776465
815,2.2668702079778758
816,2.198112430320876
817,2.2179105127146896
818,2.3738218776762454
819,2.5402397659788365
820,2.578098458056193
821,2.7591271936517487
822,3.1689888158959865
823,3.29505640796207
824,3.7651858257263853
825,3.368960107220641
826,3.106871090418452
827,2.7104185707787485
828,2.7110159874831337
829,2.6355192355659933
830,2.3348852615776807
831,2.4149145073109417
832,2.497895301254429
833,2.5223271326559193
834,2.124161882416713
835,2.654058024956081
836,2.4166729447740556
837,2.483542401284965
838,2.7406521016316003
839,2.8827955789956827
840,2.601028360404787
841,2.438271014441584
842,2.5355284407728758
843,2.718938591204598
844,3.031074079447982
845,2.974354715280833
846,3.07559582191498
847,3.0778090933614672
848,2.826209659564313
849,3.025925359894502
850,2.993414653553673
851,2.872081821924392
852,2.403047412954608
853,2.245861621071341
854,1.8069398232010048
855,2.081369887815571
856,2.2764237066917814
857,2.117944556163953
858,1.9996320349092354
859,2.171289208418733
860,1.9386013375131197
861,2.23651132510026
862,2.123477064479162
863,1.600226091277099
864,1.6023672113123772
865,1.5421663049074792
866,1.6737406197037035
867,1.517559318991312
868,1.5149831262805853
869,1.4958872635525153
870,1.5685786690408263
871,1.5840494045629445
872,1.5355984095584794
873,1.5310003003106611
874,1.422513795892771
875,1.4336898247888687
876,1.4215275430789363
877,1.4178547457186708
878,1.1819996495676475
879,1.1273734535199658
880,1.0444164464526309
881,0.9975094413849005
882,0.9272541963835993
883,0.8796116515024744
884,0.8505719375009319
885,0.9085220019305198
886,0.8495353416605993
887,0.9132779721489738
888,0.8581931874994699
889,0.8446179263708189
890,0.8413252868505802
891,0.8433453380420585
892,0.8482559700191613
893,0.8008663113398616
894,0.7713483684175662
895,0.7660535742368675
896,0.8042296400500046
897,1.032457308910849
898,0.805708025783072
899,0.7640068712071026
900,1.0238223215432962
901,1.0842730377971974
902,0.8473342210261385
903,0.8982271947538728
904,1.4244638235270126
905,1.6266080062637738
906,1.479092040678593
907,1.504463841357191
908,1.5612725381136505
909,1.7445485106138112
910,1.6309153851776863
911,2.132893224707042
912,2.227149883228406
913,2.478086587692983
914,2.66782220037415
915,2.85241836130111
916,3.5000229857743665
917,3.873786633550695
918,3.6531066877434246
919,3.633010816492245
920,3.6962321013189854
921,3.719407597079091
922,3.694021657410453
923,3.7142270958352706
924,3.9363085507731115
925,4.04011788933074
926,4.049968918265135
927,4.048976461622079
928,4.039538102039431
929,3.9583693535880227
930,3.8691705314962004
931,3.962019579448866
932,3.786974194548759
933,3.78276959941964
934,3.898043126304296
935,3.7002293341389794
936,3.815010635914787
937,3.754399980978238
938,3.656422149228942
939,3.520311885706283
940,3.21402302325997
941,3.2775602401064354
942,3.323348238393273
943,3.390430147715975
944,3.4597904495213965
945,3.6214957133900354
946,3.7678855362417685
947,3.784685693662847
948,3.8195610866055816
949,3.955422867650673
950,4.498862470346054
951,3.977216706813547
952,3.975998944538556
953,3.983659637396896
954,3.8925464392040943
955,4.011937139013176
956,4.025923216017038
957,3.9903251181753006
958,4.010620632872016
959,3.977379343208069
960,3.976608892261978
961,3.8914913762288776
962,3.8261911272626805
963,3.7626110196842424
964,3.6981374801940468
965,3.623302120903546
966,3.4955117502061333
967,3.50599305757736
968,3.5209071173136883
969,3.555359555015883
970,3.0283075168840874
971,3.020319847900228
972,2.924820688567006
973,2.812933594612566
974,2.445171508016823
975,2.4594869613526735
976,2.475165591778052
977,2.517806722037892
978,2.3596152283983276
979,2.530949560540096
980,2.3724285123154107
981,2.092780627984397
982,2.162881442522462
983,2.128885495016148
984,2.001914625224922
985,1.8962467420241478
986,1.9266468412147504
987,1.871530829021781
988,1.8457685660868137
989,1.6664327294797574
990,1.7784342604083407
991,1.8019002570545988
992,1.8501084834157984
993,1.757538451610879
994,1.7052314663395112
995,1.698500722553545
996,1.6119083983893658
997,1.5028203609306363
998,1.6327054809328612
999,1.461819721860539
1000,1.574378079875382
1001,1.5474858996571956
1002,1.8895491574178644
1003,1.831749663281105
1004,2.1880301955643517
1005,2.368325748387526
1006,2.5747477688258824
1007,2.535644618713071
1008,2.4997375620069704
1009,2.0389809955878175
1010,1.708556709102212
1011,1.6350593312509323
1012,1.6400849616784499
1013,1.707644541912358
1014,1.8864053637626674
1015,1.9247348928359074
1016,2.8388410035837577
1017,2.905220174067018
1018,2.7076928637838047
1019,2.7718723089540913
1020,2.6292348088490054
1021,2.558273303009899
1022,2.4113347062288586
1023,2.5052351361347727
1024,3.097642311385815
1025,3.1775936832668346
1026,3.2804230979898312
1027,3.093954229332927
1028,3.625300020207009
1029,3.6600705746480813
1030,3.2941581445509516
1031,3.606654671352649
1032,3.4960625862474837
1033,3.437850230178503
1034,3.274470106891859
1035,3.3200219860805404
1036,3.4923547462557982
1037,3.329798791686807
1038,3.0003063322187473
1039,2.8740354409930626
1040,3.0496983511810836
1041,2.911078701416029
1042,2.9920545505666425
1043,2.9606721245049825
1044,2.6744541769129087
1045,2.6975365566483958
1046,2.6727986734494507
1047,2.3941071472602897
1048,2.5910165226698347
1049,2.268236531537216
1050,2.327735115680525
1051,2.2605871962639403
1052,2.2423046405571614
1053,2.1473391196186737
1054,2.316328194747285
1055,2.5288547860602137
1056,2.417109732495753
1057,2.6231856031923777
1058,2.3222965524087686
1059,2.315297160022367
1060,2.025883246392555
1061,1.8602051817536593
1062,1.846605646502744
1063,1.8003669616634528
1064,1.7816970022843195
1065,1.7804442213034801
1066,1.8166974194448575
1067,1.812597423649893
1068,1.7540879734781931
1069,1.7741952807908008
1070,1.8228540906653912
1071,1.5969347197217694
1072,1.5840663397814694
1073,1.7516784921303243
1074,1.5614235165730328
1075,1.4621891476707285
1076,1.4739142507124747
1077,1.5861163659016415
1078,1.5816115166295865
1079,2.000776332266565
1080,1.6907919675432113
1081,2.0534399823446146
1082,2.208910437235223
1083,2.348167590273264
1084,2.256835640072069
1085,1.6689582087240558
1086,1.5217737343177307
1087,1.7647710086346966
1088,1.4498746778697083
1089,1.3785005313217502
1090,1.427321989353739
1091,1.386716980528467
1092,1.4819693017274735
1093,1.3701599621811724
1094,1.4168092233924463
1095,1.392010612531241
1096,1.4122661630841276
1097,1.3930988858400135
1098,1.404043872740834
1099,1.3409521149171397
1100,1.301517393333982
1101,1.2379591574188997
1102,1.0839227097586641
1103,1.154440526418093
1104,1.1049644919109984
1105,1.1517960109188816
1106,1.1891909576512767
1107,1.1777569410885576
1108,0.937163224241873
1109,1.3193114225911946
1110,1.024437389228284
1111,1.209680894340538
1112,1.0530898262344763
1113,1.2100553584192881
1114,1.0980911102482511
1115,1.0986185178445071
1116,1.2335146607726097
1117,1.6391705441130329
1118,1.7437839553384926
1119,1.7608271369826665
1120,2.0627390249017767
1121,2.0018736120395264
1122,1.6577596578742466
1123,2.116163271692752
1124,2.121599062883037
1125,2.1758258525014718
1126,2.138615374728318
1127,2.2762581689969177
1128,2.2554242961752795
1129,2.316309675126647
1130,1.9331036413248912
1131,1.9145286640815824
1132,1.8814165165846866
1133,1.8690530233563822
1134,2.1066922093044758
1135,2.055659855339922
1136,2.3624535432208527
1137,2.854774089472579
1138,2.6883676587877425
1139,2.669411660077609
1140,2.5596406504276135
1141,2.214465027369072
1142,2.643599834643148
1143,2.3161667134955666
1144,2.89099986242185
1145,2.765281989674037
1146,2.3083135386126106
1147,2.6196965915769153
1148,2.3619141905185406
1149,2.642281127230258
1150,2.7590751986028774
1151,2.5902828985420907
1152,2.9111579612367264
1153,3.173688641171033
1154,3.3213144277585567
1155,3.4623168787663334
1156,3.9003536709325632
1157,3.9344240663211045
1158,4.180997305785618
1159,4.433437621455508
1160,4.271767617258274
1161,4.436835678190311
1162,4.242392476094013
1163,4.251534148135395
1164,4.337503411154509
1165,4.1184023607722695
1166,4.154736185447367
1167,4.222365628362718
1168,4.254554433550132
1169,4.250119533613318
1170,4.379984802251081
1171,3.808170764202338
1172,4.37297771238161
1173,3.358047296924548
1174,3.320405060316836
1175,2.971595762268398
1176,3.2445387705090143
1177,3.270500204854005
1178,3.926703512363117
1179,3.9534037350048314
1180,3.8679875848998266
1181,3.2025276196892056
1182,3.278494021546893
1183,3.9673827295887114
1184,3.9869099030469517
1185,4.630576810634319
1186,5.183497988255668
1187,5.509746302822896
1188,5.517858226198208
1189,5.363552828866362
1190,5.328075975032991
1191,5.332030100015683
1192,5.324613173155874
1193,5.2273499674620485
1194,5.161355097303129
1195,5.146066873084542
1196,5.115731629304684
1197,5.079067125144818
1198,5.075659852061459
1199,5.047587682952518
1200,5.020567841712322
1201,4.9941097297684225
1202,4.361114115075634
1203,4.229397458336064
1204,4.150261849380264
1205,4.148526326452561
1206,4.0974050023212145
1207,4.09783347592591
1208,3.9324858372006575
1209,3.8879427354865714
1210,3.7933843276389014
1211,3.810533917624139
1212,3.7562299475666925
1213,3.6683735988809616
1214,3.801535834183225
1215,3.509408767314784
1216,3.509627213013241
1217,3.5440596660919077
1218,3.4546197281741318
1219,3.451409975212854
1220,3.4477752819530045
1221,3.4019918664866617
1222,3.3868860567553662
1223,3.347168207250507
1224,3.3645928656830466
1225,3.418198126506007
1226,3.3523503363710545
1227,3.3127232583741946
1228,3.4529630344312103
1229,3.0387947070052794
1230,2.991144920612699
1231,2.976940410647464
1232,2.9415277041522288
1233,2.8587338099818425
1234,2.985506211858903
1235,3.820482492482247
1236,4.173091180147566
1237,4.754145956712451
1238,5.136450395614139
1239,5.104230368986105
1240,5.18768866269667
1241,5.367306581715503
1242,5.374621927502706
1243,5.513478640196492
1244,5.349619630719442
1245,5.194512333767102
1246,5.1053366412126
1247,5.053375053086204
1248,4.949045042025233
1249,4.6872307949934156
1250,4.704827069822943
1251,4.65576448176486
1252,4.5489012583922666
1253,4.503829556083312
1254,4.434159754251847
1255,4.340140469813448
1256,4.575541396530302
1257,4.366222299935782
1258,4.21554962448392
1259,4.431988972351256
1260,4.432266466064309
1261,4.314866332011596
1262,4.373871966307532
1263,4.326861103137416
1264,4.475506538706072
1265,3.880753264240114
1266,3.837619895154007
1267,3.75517750103335
1268,4.174886171747588
1269,3.510442683088971
1270,3.4625561759378396
1271,3.8471512114744986
1272,4.04832879343001
1273,4.255140181874902
1274,3.4339804751790797
1275,4.204175661339985
1276,3.4637618340570464
1277,3.404508729874346
1278,3.295988498695158
1279,3.376747864160349
1280,3.200474421769493
1281,4.277086410582512
1282,3.370996314176798
1283,3.029158112822602
1284,3.1790139049271464
1285,3.0150985769804164
1286,3.048618450315698
1287,3.4686835731254115
1288,4.541790059281739
1289,4.704139784939398
1290,4.510353763293181
1291,4.6603534503089055
1292,4.623317114278147
1293,4.8991154775594365
1294,4.962128831862345
1295,5.212261089632171
1296,5.206072651519767
1297,4.9595889152131445
1298,5.078996697294287
1299,5.063295495506506
1300,4.06067754023055
1301,3.9804597126290537
1302,3.9888305603510963
1303,4.039050368020413
1304,3.490254484811517
1305,3.0938896554901634
1306,2.998672478135328
1307,2.948027655593739
1308,3.1775341151788865
1309,3.1745161395931154
1310,3.213005254456042
1311,3.246179045050158
1312,2.9291618841514313
1313,2.9178469991590763
1314,2.9623522777599773
1315,2.750100930684964
1316,2.713537098025504
1317,2.488708337121858
1318,2.4259481988060445
1319,2.3488184195824897
1320,2.2936566227708934
1321,2.3111140884441244
1322,2.658498748885601
1323,2.8268837914251943
1324,3.3276305028114566
1325,3.234242051511381
1326,3.7692649956895883
1327,3.928222834149314
1328,3.4695856196308945
1329,3.4192926204163325
1330,5.018885274945215
1331,4.000099560368705
1332,3.994129798813706
1333,4.417265405434256
1334,5.304270707063128
1335,4.219382410099012
1336,4.852634088616719
1337,4.956362129818814
1338,4.93034881020831
1339,5.271079729146012
1340,4.8611314413561555
1341,4.571251148723673
1342,4.536887486490018
1343,4.574589835936414
1344,4.648811360974953
1345,4.571572152319609
1346,4.525724237973487
1347,4.568753192179457
1348,4.557069975484641
1349,4.58190896230928
1350,4.620797967616212
1351,4.620876233020137
1352,4.620876233020137
1353,4.725947911998865
1354,4.607175971048705
1355,4.776546838526698
1356,4.612778228762952
1357,4.036766787508202
1358,3.8919351597845018
1359,3.922484524697325
1360,3.8079117912147495
1361,3.85210388753835
1362,3.8405000272387535
1363,3.8679859744083407
1364,3.840087707369791
1365,3.6629064969254728
1366,3.6234337129996543
1367,3.6591006362972864
1368,3.1240314543300007
1369,3.035151818344006
1370,2.9281583656666403
1371,2.2834985046790135
1372,2.4203689066994594
1373,2.6400967478885997
1374,2.4444306931836577
1375,2.629994662880379
1376,2.522340354715965
1377,2.519184439136649
1378,2.541112980670585
1379,2.5490699788434377
1380,2.3903736040327805
1381,2.3509910047930176
1382,2.2641325633766414
1383,2.200695483258026
1384,2.165927620788282
1385,2.157174152966933
1386,2.2965941782320414
1387,2.273760806698768
1388,2.5722327855878087
1389,2.3233463774421454
1390,2.1929297760328548
1391,2.245812829163108
1392,2.2393875369655127
1393,2.2502831723652386
1394,2.3784592057518004
1395,2.6479822296520856
1396,2.572859643985138
1397,2.5370447078084637
1398,2.5130110368034755
1399,2.9733639288259677
1400,3.370810866640336
1401,3.5296015525607674
1402,3.892110291706057
1403,3.9386728389461014
1404,3.248747538406753
1405,3.726173205161886
1406,3.8041765867743034
1407,3.908423225766582
1408,5.425647914682901
1409,4.120607688260395
1410,3.524459239125237
1411,3.043508278738494
1412,2.2152518032824027
1413,2.4960208973220133
1414,2.2434303957558144
1415,2.1576328715072646
1416,2.129888081059874
1417,2.19486879665675
1418,2.3185207356899546
1419,2.533474485666379
1420,2.6588375041505565
1421,2.7171899746315575
1422,2.7504744239120105
1423,2.625273681512863
1424,2.696615613150144
1425,2.4438655369288367
1426,2.7202449419353645
1427,2.718649962636846
1428,2.6639841179647794
1429,2.7020928908434767
1430,2.457895454234583
1431,2.33387015702597
1432,2.241333437587397
1433,2.3758313335820223
1434,2.12294600837568
1435,2.2639273260902355
1436,2.1438305248613534
1437,2.141191701240751
1438,2.0634658685487905
1439,2.0610195995663028
1440,1.925531706877563
1441,2.055447936903803
1442,1.9423868355431675
1443,1.8569863774275508
1444,1.875458793751958
1445,1.8497403448613103
1446,1.861726000771541
1447,1.8478922803648055
1448,1.881520326994002
1449,1.520351047812805
1450,1.9008000704094474
1451,1.8561069030884818
1452,1.8800399338304887
1453,1.7841782187353272
1454,1.974003424946104
1455,1.941225724071294
1456,1.5945430402578413
1457,1.6682368732821646
1458,1.6316804197470929
1459,1.5678511454566648
1460,1.4863780345592106
1461,1.377855003187309
1462,1.4357946430640451
1463,1.5358351286065952
1464,1.5925144664074755
1465,1.5551338601903593
1466,1.529266588020309
1467,1.4734691081993434
1468,1.3875591851956082
1469,1.3522745042486835
1470,1.3358036742452764
1471,1.246408431640077
1472,1.2369914758684444
1473,1.195154041406224
1474,1.1959730664127097
1475,1.241584117824219
1476,1.148599750785249
1477,1.246692614727083
1478,1.1951437521337482
1479,1.2010688970957348
1480,1.5696358119223617
1481,1.5530197988477354
1482,1.5019608035223977
1483,1.1670747103822565
1484,1.2517162673551778
1485,1.3023012591170124
1486,1.2429404972615603
1487,1.19429678727135
1488,1.169953403608281
1489,1.0921308437615995
1490,1.0717108103019346
1491,1.1802809786063402
1492,1.2641855641851103
1493,1.43104546478135
1494,1.4883368812027997
1495,1.3686857322820025
1496,1.2014890197252288
1497,1.2074124657318694
1498,1.193007384596643
1499,1.1860599246551662
1500,1.1357754321693552
1501,1.1409276358762368
1502,1.1524907798652069
1503,1.0957319443031652
1504,1.1379208398774188
1505,1.2732952528864694
1506,1.1026690996584
1507,1.1040292190599084
1508,1.1125479900570598
1509,1.1502886321402335
1510,1.2526231151773124
1511,1.333773683517771
1512,1.6003080516648327
1513,1.7053053878914242
1514,2.4377928958128434
1515,2.488797915907384
1516,2.766694368117349
1517,3.0496252590868966
1518,2.641553111998857
1519,2.6863283997076803
1520,2.4514431825340433
1521,2.358234178675559
1522,2.4101463114418764
1523,2.3907967041783227
1524,2.416244387101679
1525,2.397899275449993
1526,2.2438010754621627
1527,2.3849716782247286
1528,2.3765292644426648
1529,2.4707970984875027
1530,2.556776361254115
1531,2.474969947732765
1532,2.49716810590266
1533,2.559163059546578
1534,2.566816325771849
1535,2.4737902949347603
1536,2.3829311238169093
1537,2.3288228545679717
1538,2.124502385965872
1539,1.9344546514603251
1540,2.015515047912408
1541,1.8198408054504216
1542,2.0680278156755936
1543,1.9526129493926139
1544,2.075893632990438
1545,2.1232267587931153
1546,1.9991669647214685
1547,2.0724623837835168
1548,2.09289435306024
1549,1.8141884995524333
1550,2.1238132993652314
1551,2.140046774310727
1552,1.9997841682101376
1553,1.981588008016093
1554,1.967110232019139
1555,1.854533616564734
1556,1.7634955669625123
1557,1.8496283558194289
1558,1.8479188950391694
1559,1.7964353716468195
1560,1.8723817434449432
1561,1.925507476148863
1562,1.7094653307154561
1563,1.746809841547965
1564,1.8148996504576718
1565,2.3616747404260816
1566,2.5033449348633026
1567,2.716719272075157
1568,2.6577128042936913
1569,2.7426808303806633
1570,2.721487999316247
1571,2.850133999310469
1572,2.6876109018969685
1573,2.5540088188403534
1574,2.314126353407246
1575,2.296291624365543
1576,2.113808470757141
1577,2.0772402630054585
1578,2.0108294132040148
1579,2.2042672842019946
1580,2.442590023950476
1581,2.9340813327681445
1582,3.8335107570880704
1583,4.0495298163725675
1584,4.343284849179519
1585,5.487759244320854
1586,4.19693586198898
1587,3.558905478404208
1588,3.38174200566107
1589,3.4279063169999167
1590,3.692897606729124
1591,4.0406911678538044
1592,4.268409610623803
1593,4.3936883427663975
1594,4.346392700174471
1595,3.6183495404636528
1596,3.29398088314963
1597,3.136334610334398
1598,3.0523547061559135
1599,2.8285025068616694
1600,3.342167783425624
1601,3.243348286326571
1602,2.8551281766867964
1603,3.404964115871101
1604,2.764728380933542
1605,2.685698414341359
1606,2.659847161065116
1607,2.7691663343410426
1608,2.6613124942468755
1609,2.895262316651752
1610,2.889674260402859
1611,2.903211276370763
1612,3.191106303514998
1613,2.8946641729935694
1614,3.163829587236342
1615,3.988761836406029
1616,3.8585713392371996
1617,3.4030133292805846
1618,3.8597015307554967
1619,3.6846506077129897
1620,2.7641585768477035
1621,2.301606211157643
1622,2.083255453722957
1623,1.9981823151195384
1624,1.8082441168429324
1625,1.660976134793378
1626,1.607329211825811
1627,1.5065675788087833
1628,1.4516793096139529
1629,1.6303816483925995
1630,1.964819867800557
1631,2.0126205769222913
1632,2.0278773561585646
1633,2.328687929863421
1634,2.9421815895987793
1635,4.106556113331972
1636,4.298519561559177
1637,5.607145050860706
1638,5.0525093783200035
1639,4.638796252131736
1640,5.364888203278615
1641,4.853575249176002
1642,4.220733254321742
1643,3.4870089054393807
1644,3.499156235256977
1645,3.061138759519082
1646,3.0882145552854485
1647,3.0113304867369988
1648,3.534114308593947
1649,4.32412092604567
1650,4.406575785087543
1651,3.889541879890659
1652,3.8091373576057586
1653,3.8144468186064993
1654,3.592534282742972
1655,3.287894077222348
1656,3.505381990223475
1657,3.167180478097441
1658,3.3997165486427803
1659,3.29451978551427
1660,2.8434191631048145
1661,2.704970839210056
1662,2.9027715639413483
1663,2.7585756533592645
1664,2.7293926949164877
1665,2.6519136459856245
1666,2.5723711673298975
1667,2.6601165787402024
1668,2.749436320441799
1669,2.833872331546601
1670,2.6952870222075904
1671,2.9048468926445135
1672,2.5836594729992197
1673,2.744463606624368
1674,3.0095665905729594
1675,3.3851172046149394
1676,3.760017097363713
1677,4.865562703517143
1678,5.110155933261564
1679,4.971412014562094
1680,5.494757184409413
1681,5.340356693602394
1682,5.554038193503557
1683,4.066641805965882
1684,3.9831300254958815
1685,4.010886918793678
1686,3.983179522436579
1687,4.249867375516123
1688,4.526799916488751
1689,4.515041647579615
1690,4.559893600571455
1691,4.558481686073712
1692,4.30600547985342
1693,4.005126155724834
1694,3.895463008828128
1695,3.7116217452260627
1696,3.7734559263514424
1697,3.750702848363466
1698,3.8018792615182244
1699,3.9954517755996117
1700,4.021286714834913
1701,3.9572619806978477
1702,3.83129873702021
1703,3.6084832483606153
1704,3.090058284607885
1705,2.891300236231355
1706,3.040416208653264
1707,2.9642116025052756
1708,2.903948523728892
1709,2.800910254283435
1710,2.807547863608353
1711,3.1067584487177196
1712,2.9682970831917848
1713,2.9395669279547394
1714,2.902131188619793
1715,2.9297685989076743
1716,2.886234984760222
1717,2.706422526927527
1718,2.654918852861166
