,0
0,2.3812246994434645
1,2.38753657511209
2,2.3017527790298344
3,2.377664837839537
4,2.2345830083767715
5,2.2726061819411387
6,2.3152852748531707
7,2.3362339856415772
8,2.3399747597898632
9,2.321426411942506
10,2.536411862485681
11,2.3273863074712544
12,2.545055964598044
13,2.3950997221670396
14,2.383543720414556
15,2.083221300787565
16,2.3088673756283793
17,2.153662618210986
18,2.159884966333602
19,2.2468009866763583
20,2.205531508504487
21,2.247295531386708
22,2.151417639748212
23,2.0755601671047264
24,2.0800342860039263
25,2.0829303554803276
26,2.105943553170565
27,2.018040541553078
28,1.9926595672114193
29,2.130330927038776
30,2.3764860788475244
31,2.959216984448734
32,3.693345610626085
33,2.972492569561315
34,2.5383436087202025
35,2.053849161020054
36,1.9396412765335085
37,1.9091889275031304
38,2.0319130854427243
39,3.1258739017203747
40,3.5845395904720885
41,3.8643424284445196
42,4.3730713220848765
43,3.8965894907569623
44,4.250197154585709
45,4.158884486330269
46,4.15789906720138
47,3.3431948056243717
48,3.8044398368488412
49,3.749896188682275
50,3.7856271456120854
51,3.65922186866012
52,3.5753495468721357
53,3.513514114429155
54,2.8783974908074836
55,2.6199102432924177
56,2.5835315232655494
57,2.3980335288486265
58,2.299726053122402
59,2.3555930507701266
60,2.1785419684654257
61,1.961936971013866
62,2.2134999159140714
63,1.988305460898656
64,1.8769885003280493
65,1.836611108082921
66,1.6916108824049856
67,1.6219094383651291
68,1.5173827146552155
69,1.5428903564641514
70,1.4703574810495428
71,1.37368527572514
72,1.3520735562648087
73,1.3652559246091192
74,1.3138986131376156
75,1.384226441207648
76,1.3279941557948165
77,1.3944686209017236
78,1.3774031301696958
79,1.3443558270220204
80,1.481408922935457
81,1.3979535098239027
82,1.4803618363697666
83,1.4932500076224846
84,1.4890245000149689
85,1.6857527414313376
86,1.6310627128108524
87,1.661787025115604
88,1.6729840313340485
89,1.688605984829925
90,1.6562839423912195
91,1.645516239204655
92,1.7602255471509678
93,1.7482443194547328
94,1.817078017786482
95,1.8055410399506775
96,1.8378935877100286
97,1.7751450872631898
98,1.745396766386223
99,1.7776261599354248
100,1.6981310323311323
101,1.7484916377922082
102,1.922969999201129
103,2.1007575748430636
104,1.755562795716764
105,1.6652959679996355
106,1.7208337493436052
107,1.674907145398108
108,1.6986598751762771
109,1.7685728615292837
110,1.7117789362578508
111,1.8077478930784432
112,1.9894333511200972
113,1.9332903804695964
114,1.9389578634217186
115,1.996515017947246
116,1.9342419429534945
117,1.7432010477808668
118,1.6205953590136886
119,1.6921296597786761
120,1.3861296164659023
121,1.3083926637181553
122,1.1707136693099751
123,1.239875179037829
124,1.295919784264127
125,1.2326568066845345
126,1.2434693736196116
127,1.208912812736519
128,1.0836257125621047
129,1.2082422842496459
130,1.1051036216519912
131,1.071875735062617
132,1.0469911946721175
133,0.990344474076182
134,0.9993721608959958
135,1.017583664375772
136,1.0468861728371963
137,1.017928417504884
138,0.9903108492317524
139,1.00611140553374
140,1.2397056594185403
141,1.1721177877854876
142,1.1312475042085242
143,1.5159391496788033
144,1.2154407772713935
145,1.4510783386652633
146,1.6514634614249106
147,1.6505634933397715
148,1.645944819638607
149,1.7171059170344198
150,2.0181730070169994
151,1.97802078191908
152,2.5267151826993337
153,2.2823537436459116
154,2.498304695806201
155,2.520913642847819
156,2.511825107524965
157,2.603910343701891
158,2.8016822353664113
159,3.2932575162946347
160,3.3118861134508526
161,3.4204714653971178
162,4.17198766209379
163,4.164130994694852
164,4.175735531851922
165,4.106001796573894
166,3.960997642093835
167,4.004831230359652
168,4.015163962386661
169,3.957095234329539
170,3.608032820927399
171,3.459763083803745
172,3.385326154100249
173,3.6861936462132228
174,3.1580294163077633
175,3.3647974949886716
176,4.3000722528514865
177,4.4946652789686095
178,4.985153081022057
179,4.644497391831728
180,4.771515257165861
181,4.706409135376004
182,4.759143343604187
183,4.61525643783927
184,4.1913742750379
185,3.9508371670163833
186,3.7680331388825357
187,3.8656015915240753
188,3.808917128809847
189,4.174481039803632
190,4.127810475088735
191,4.2593535008872525
192,4.395335470508307
193,4.1907978641073065
194,4.240163313594036
195,4.188657792852868
196,4.1333471398178165
197,3.769716871157428
198,3.720618720980964
199,3.762529128511853
200,3.7563243106626674
201,4.085729040685275
202,3.7668254042889937
203,4.097106872259956
204,4.454506272214282
205,4.54065745486697
206,3.8861133027241275
207,4.431712691257874
208,3.898590066225608
209,4.437425087964246
210,3.97074054693633
211,3.699758380244429
212,3.6746396906404875
213,3.1071775178585894
214,3.7270629618039255
215,3.2021207400084544
216,3.776695805108246
217,3.6067889695267907
218,3.719287568404505
219,3.635776290940316
220,3.5960952060303906
221,3.5647610738675484
222,3.6019607463565646
223,3.580940745074571
224,3.674425024903809
225,3.560412045598186
226,3.675988957553981
227,3.1100147944073098
228,3.1464556404104584
229,3.15198034027552
230,3.1091889694148955
231,3.0157742339401383
232,2.9206532795989744
233,3.3259107598399984
234,3.7240872658131696
235,3.0456292859099605
236,2.9984902308868806
237,3.5579291960795327
238,3.0407284098620297
239,3.1332218555774762
240,3.709152425529739
241,3.0756137156539616
242,3.021701388329157
243,3.5212454302037037
244,2.8554595779053606
245,2.8474795881099255
246,2.9067572076476456
247,2.624175376182994
248,2.375295526083885
249,2.3261277238294413
250,2.211676603688274
251,2.225724554070229
252,2.2315537250567354
253,2.224232798316337
254,2.0119850121043275
255,2.0211058524710186
256,2.2639122185102862
257,1.9976905864137433
258,1.781209760267417
259,1.7832193132385368
260,1.6844728183561453
261,1.6908716234057297
262,1.5844098250556427
263,1.5257651806946535
264,1.5222732878291874
265,1.5396027898100002
266,1.4402283682147106
267,1.4688899378242035
268,1.459119837265655
269,1.3845584006512417
270,1.304665470449188
271,1.4408212233564073
272,1.2723763605021225
273,1.2092144412313082
274,1.2173973056496175
275,1.1678889699476624
276,1.1954232000297311
277,1.1810654032500003
278,1.17496588179115
279,1.1615019245460418
280,1.1543341427736635
281,1.4165967023664574
282,1.3833716041859707
283,1.4743390899140272
284,1.4561155914756985
285,1.5111995551306219
286,1.562425326976699
287,1.6080273689081497
288,1.5841951448285831
289,1.6018610313317219
290,1.597532764870459
291,1.5846530639708345
292,1.5559431375971053
293,1.5892276836200043
294,2.0336693937897987
295,2.0404518282466437
296,2.0982966898641937
297,2.296139591116026
298,2.1640261620870906
299,2.2921607416051386
300,2.0584311671300832
301,1.910524362774008
302,1.713920447730865
303,1.7188753238453793
304,1.7737661951895636
305,1.6948559338920774
306,1.8094116722775557
307,1.8545413976392087
308,1.8573138604901627
309,1.7614004930222145
310,2.1825669074999325
311,2.194809440767288
312,2.317808507157461
313,2.080996725545892
314,2.382180198024669
315,2.46679330854003
316,2.6701048739877953
317,2.4924365406917666
318,2.787339142404525
319,2.9155014654020657
320,2.571716859376941
321,2.5924103203670885
322,2.908330986145123
323,2.752792876792078
324,3.059169420675
325,3.095303235006191
326,3.1836050659317827
327,2.830936491111455
328,3.5889741754850752
329,3.005702857757251
330,3.1685510027613137
331,3.1673174767196723
332,3.2800924865664864
333,3.226157949934129
334,3.0070686323190596
335,2.8251577557610505
336,3.017370312832027
337,2.88233802942077
338,2.8042089518285462
339,2.4555420572025803
340,2.433338422169215
341,2.463487066864547
342,2.38969323403386
343,2.5012027816560938
344,2.6095895822718105
345,2.645987120396357
346,2.681979690515075
347,2.585805621592422
348,2.2832941697209286
349,2.383061443019619
350,2.244153943467848
351,2.151313519117413
352,2.2116279455051586
353,2.1953784675734522
354,2.2040980854722867
355,2.2318240784615218
356,1.7973666053800847
357,2.130511217827351
358,2.173573312183357
359,2.164436629124602
360,2.0148175305873735
361,1.81795756571316
362,1.662419644671416
363,1.631797723498644
364,1.6437970859363482
365,1.671654990750107
366,1.6258010552326632
367,1.642964666524907
368,1.6762033755184884
369,1.8153718876649927
370,1.8998772781914672
371,2.1949537217546595
372,2.6527756656879613
373,2.732616209849287
374,2.033359975732424
375,2.6895544104981557
376,2.2782893286432437
377,2.8150504918441652
378,2.8717770763373163
379,2.9261054504661823
380,3.647741302618162
381,3.978809821449244
382,3.906165726440263
383,2.9037603006490316
384,2.945617520738179
385,2.7551919708274237
386,2.942645915437818
387,2.9481310849458437
388,2.9439992216028714
389,2.7714494113060737
390,4.227919716957191
391,4.107268472520865
392,4.340812173238999
393,4.35729037275033
394,4.455492635288686
395,4.767629171988792
396,3.9141747845041457
397,3.8233282138139444
398,3.571736789223494
399,3.6068557398194026
400,3.5581737494433257
401,3.2129077509426534
402,3.1923956775317572
403,3.0780600837071415
404,3.1098018839222528
405,3.201196020256614
406,3.165705609777223
407,2.743817010801997
408,2.7141115911103038
409,2.6280379864135597
410,2.514349047460138
411,2.6530360628653535
412,2.503594154864432
413,2.5404884281297417
414,2.4667157454910953
415,2.58372344050475
416,2.5138651965504373
417,2.6328028365367455
418,2.8556289709711087
419,2.684529187948399
420,2.4502760946432094
421,2.3993832940034214
422,2.5276628141033686
423,2.8182471825265045
424,3.0061957940730313
425,3.0290933252960413
426,3.028038470944943
427,3.0208549133164646
428,2.809470228979619
429,3.022508080283491
430,2.900944883394112
431,2.9910842943968374
432,2.7956558741774016
433,3.0568656616239887
434,2.523672471172028
435,2.4666793495306947
436,2.490533539015909
437,2.4692493393487367
438,2.5215557599243814
439,2.588587231828727
440,2.5003203816716386
441,2.4910468967897206
442,2.5527801049548926
443,2.494974756069192
444,2.442104685799671
445,2.374295847301145
446,2.2939581932825885
447,2.279106665695679
448,2.2408694459823972
449,2.289230473528237
450,2.2730899891509377
451,2.267782965852951
452,2.339157343079663
453,2.482703894912081
454,2.431438421783744
455,2.4718838040748907
456,2.4669435221936102
457,2.218458639517817
458,2.0675929716200794
459,1.915217664265413
460,1.9546738545454307
461,2.1448086388963414
462,2.5963442740620275
463,2.6215266678946683
464,3.5168663122451203
465,3.6346256290661856
466,3.860871557157701
467,3.757602254417366
468,3.7206083613767094
469,3.4121310566746414
470,3.8295864962661534
471,3.8395776071318224
472,3.276602404224974
473,3.210617824537791
474,3.3440747123125294
475,3.9825400994686055
476,3.781840929652674
477,3.788802380684908
478,3.532912743882623
479,3.6295590756790257
480,3.650047819453041
481,3.659098355292631
482,3.611156683482649
483,3.40758071836134
484,3.7566639544313922
485,4.3965723704006825
486,4.7719718461709935
487,4.641117974640919
488,4.695152089120815
489,4.6427653252822445
490,4.719376632541411
491,4.701354380106862
492,4.4784294302535805
493,4.052768810577146
494,3.741501495642031
495,3.672136478593147
496,2.9461541236541224
497,2.83024322780338
498,2.9976238631830405
499,2.9614135595097535
500,2.962128756362543
501,3.0118826371970404
502,2.9654377638760154
503,2.9054473539493015
504,2.9065023662749554
505,2.5454251475648526
506,2.5198612537257996
507,2.5374684838844104
508,2.6060637465141343
509,2.499185582007959
510,2.5923008916825347
511,2.514243083044997
512,2.522595326861892
513,2.3752143245957904
514,2.5136468702472423
515,2.3351664750125063
516,2.4293529386099375
517,2.5036647461083525
518,2.4685968665314357
519,2.493552027807012
520,2.4438007272825892
521,2.7330250422102877
522,3.233997913351934
523,2.6847320512486177
524,2.786824872929632
525,2.8083527525116816
526,2.81222047731385
527,3.8645928018257028
528,3.8316345638277776
529,3.577492849283954
530,3.742245697410418
531,3.737824419222008
532,3.558504031945295
533,2.9382028447475816
534,3.094540706448838
535,3.0975883848413956
536,3.062970513087982
537,3.192176688167537
538,3.117677704416429
539,2.92927004755619
540,2.986157608121462
541,2.8362674361330447
542,2.8509348823768543
543,2.9876921673786483
544,2.8602908606670123
545,2.4879042321994915
546,2.5337762686659744
547,2.811335346237165
548,3.162385683259176
549,3.2652816643482865
550,3.2725636635916615
551,2.9977291033772153
552,3.004927137591913
553,3.5445596263823558
554,2.923668879348651
555,2.91411054160206
556,2.9230124144923306
557,2.639722073019114
558,2.4785827120454145
559,2.791589559448864
560,2.1843010672393195
561,2.848569034044936
562,3.0882735422824177
563,4.041567986348638
564,4.949402047112271
565,5.145637728097951
566,5.676158636878517
567,6.055880277185998
568,5.980640697154252
569,5.7040560396765185
570,5.643211279389168
571,5.43212037130127
572,5.048042871423008
573,4.496787404451204
574,4.595000583507757
575,4.56076389423829
576,4.3292621251789365
577,4.583239679831546
578,3.918164207790003
579,3.4653868348066585
580,3.6296872052298346
581,3.313023003533986
582,3.295105083310098
583,2.7804688424025765
584,2.6484801232608635
585,2.6236988244652886
586,2.642629006466799
587,2.6316346723203567
588,2.5889594703666288
589,2.478985561686128
590,2.486914663315265
591,2.3103695280622984
592,2.61855889360576
593,2.290998526642661
594,2.31961516285634
595,2.113067774294185
596,2.0057298741896394
597,1.8558459299190901
598,1.9939236879251934
599,2.3527490218511136
600,3.544107799919191
601,3.8317765052492163
602,3.4385606529367148
603,2.837770721827316
604,2.618221572328766
605,2.774545938833589
606,3.837664899092166
607,2.8932466891522517
608,3.0011092981945198
609,2.6484030556713933
610,2.82617015651291
611,2.7988502288128436
612,2.6223347506497747
613,2.623846825186389
614,2.560948189439507
615,2.3918135467277026
616,2.421569425017664
617,2.331797502750895
618,2.2009986112792626
619,1.7621851958676014
620,2.5548055782905177
621,2.239897112366725
622,3.135636913061345
623,2.36332480665055
624,2.7283587071967683
625,3.9305796094698597
626,2.903600754942356
627,2.7558055399498516
628,2.7973080028385664
629,3.662066464620505
630,4.173217450210627
631,4.093674640620423
632,4.0376554338707145
633,4.166223982510127
634,4.050802317908092
635,4.579728009440358
636,4.341006769423065
637,4.569628973770023
638,4.867360242973816
639,5.103452515866437
640,5.233808557239279
641,5.423252755689858
642,5.189178338159203
643,5.411886360053361
644,5.366215265825207
645,6.036067357121496
646,5.330949114902262
647,6.14734148192574
648,5.2351719036498565
649,6.299918275948317
650,6.207613807993247
651,6.344595675523308
652,6.331606680582506
653,6.256636315606116
654,6.256636315606116
655,6.288334866051654
656,6.353493552746486
657,6.304133071861909
658,6.346596618355576
659,6.359087621328507
660,6.332075556084514
661,6.290515927961632
662,5.844056702762862
663,5.531520165170602
664,5.047485213361643
665,6.25474104053313
666,5.496647805602458
667,4.898438539224775
668,4.959439650992285
669,5.31143012638035
670,4.541319457001776
671,4.453894236787312
672,4.476417526917529
673,4.355266209526754
674,4.386329874275657
675,4.248250964731386
676,4.178618103616596
677,4.1653889948739335
678,4.068983691843632
679,4.002333337512553
680,3.9807488846494863
681,3.775384965150999
682,3.8452494446651073
683,3.5300787337121484
684,3.8808537102121434
685,4.097896179790757
686,3.479514336932954
687,3.5259401718251815
688,3.301531933988523
689,3.4440287754414247
690,3.6201683312553254
691,3.60782710270476
692,2.8885867980747486
693,2.8753680186948247
694,2.840280391964126
695,2.861755166117054
696,2.8935351483110154
697,3.4009161233679284
698,3.164021059262022
699,3.1630628783763215
700,3.455088511420297
701,4.248591973425427
702,3.446092662468996
703,4.290887381527441
704,3.803081756596816
705,4.134106769067612
706,3.917723786588245
707,3.920959088965998
708,3.2133008649872745
709,3.024173489712114
710,2.9455602104211245
711,2.8563671616988415
712,2.7989787607954684
713,2.573269958082045
714,2.590004305148352
715,2.494748446746824
716,2.562990977160613
717,2.5629836987979586
718,2.636158847926333
719,2.6017120638851114
720,2.647124776575997
721,3.399831009784764
722,3.3284500094263545
723,3.50960374364591
724,3.486242816351691
725,2.7608758454421847
726,3.4780072532888786
727,3.6414827564061256
728,3.538568667443665
729,3.469051202382647
730,3.496899823975245
731,3.41491355768021
732,2.8527717467099847
733,3.489122110673402
734,3.5281028943495274
735,3.5430163005375057
736,3.525429132447203
737,3.5362438357472885
738,3.533276512557551
739,3.48592794490925
740,3.436246482698731
741,2.7706043457984313
742,3.447091194477621
743,2.7734081547739264
744,2.6081859096495736
745,2.62053124856729
746,2.4729409618651297
747,2.379284625741217
748,2.401961878620632
749,2.3504112969483124
750,2.351233769769154
751,2.3493678764196497
752,2.2515488720805625
753,2.133895043150801
754,1.9555738055845244
755,1.7679980287315589
756,1.6420960615689524
757,1.8138071755401517
758,1.7646741974071734
759,1.616043323840896
760,1.7119616858257896
761,1.7308122544732214
762,1.6585872378861388
763,1.5204512708529354
764,1.4565812906594058
765,1.3169927936197678
766,1.149489018845946
767,1.138301518719405
768,1.1237522423598876
769,1.1448333951697605
770,1.3645360393235308
771,1.6051599329975477
772,1.99661892694281
773,1.7347274987395465
774,1.4430846251204659
775,2.084913155353976
776,1.5611548244455746
777,2.153501251661952
778,2.6716640185450413
779,3.0730749948924996
780,4.588880230880232
781,4.489362344817163
782,4.259671178201772
783,4.3528579802058704
784,4.7084995621848025
785,4.227345038508577
786,4.258905250745786
787,4.19556474758016
788,4.249600279995491
789,4.112928742943801
790,4.080117044365462
791,4.181392855894007
792,4.163939770413459
793,4.164824917827662
794,4.015421038407216
795,4.097695941548553
796,4.152636659122041
797,4.014442255897397
798,4.144955019769481
799,3.8871083481620876
800,4.035463138825791
801,3.9351947132695395
802,4.007155152428774
803,3.922709741239153
804,4.156083288048173
805,4.234332894739223
806,4.378381415143642
807,4.386300309669462
808,4.165022967177612
809,4.253689775603457
810,4.088698973065968
811,4.156766488669217
812,4.075895657336888
813,4.111118860505876
814,4.212423161651284
815,3.901201171082636
816,3.8520549859895743
817,3.8227911990265806
818,3.874660967465771
819,3.743796954669472
820,3.5955314687871365
821,3.0168386845751294
822,2.8416726467148385
823,2.7072084701126395
824,2.7484162889002777
825,2.453429020162533
826,2.641017033143828
827,2.5266021019335057
828,2.760612853547706
829,2.595928050524249
830,2.5392309139767537
831,2.5457476072554357
832,2.3859146765806045
833,2.2069442446637035
834,2.2366819933167976
835,2.1553525663357935
836,2.1580735969888623
837,2.101380120637295
838,2.1000889389698782
839,2.0892969748922443
840,2.1187782780090574
841,1.9397181964642412
842,1.9993107304538908
843,1.9269952127879444
844,1.9718931965908342
845,1.885797686794991
846,1.8257905554601803
847,1.9523994488830403
848,2.0233160525886422
849,1.988525565298155
850,2.2000541666283167
851,2.048265162548294
852,2.169163930555231
853,2.145772508961606
854,2.15868008845631
855,2.341734427062031
856,2.2738018482423157
857,1.9562349250186768
858,1.9273819779933665
859,1.9351227342157709
860,1.8985155198766106
861,1.7421566904457764
862,1.749913633279862
863,1.7196336663769325
864,1.6951402802449922
865,1.6201243629392101
866,1.6609859158211568
867,1.6063705931638241
868,1.5536450028144604
869,1.4710768027153567
870,1.683898922588947
871,2.0307387946921955
872,1.9537385787100523
873,2.1247242524976393
874,2.3202805184814386
875,2.489552646286699
876,3.0708483323216655
877,3.97661459154673
878,4.247097473181988
879,4.371843372412816
880,3.388559110802079
881,4.049142755415698
882,3.9776540959827633
883,3.088255356551864
884,3.019199072395829
885,2.6616169115355857
886,2.6564956463235165
887,2.8189400336945507
888,2.566889307528836
889,2.884870333216275
890,3.3031113900977935
891,3.13513843328496
892,2.8147499993804916
893,2.9156632339740516
894,2.8682395124562023
895,2.744863579730166
896,2.51566291075646
897,2.3639354855023695
898,2.5508421508210652
899,2.447415133288468
900,2.5110855136968704
901,2.459032913853608
902,2.4586018522288007
903,2.7758111068394546
904,3.478776562411128
905,3.497919949312045
906,4.459082111338931
907,3.952983012921795
908,3.7985995884971766
909,4.324872462386812
910,4.227773598891069
911,3.541586019451451
912,3.6805992537071544
913,3.4622756618741293
914,3.442508016080304
915,3.490868796364276
916,3.417379558261643
917,3.431497804070091
918,3.185592591255068
919,3.0261632533444187
920,2.8930429511496074
921,2.906818931904774
922,2.7603477984335525
923,2.8251451639113982
924,2.651800901080737
925,2.736890365850966
926,2.6597462119007345
927,2.6042681123367033
928,2.520976451176775
929,2.2951770730745746
930,2.2559840551506904
931,2.469044023245831
932,2.2456351273932764
933,2.3082476735308934
934,2.223850485013844
935,2.301320936831082
936,2.082095631956933
937,1.9130205564083116
938,2.050995623854056
939,2.130337590516131
940,2.192301960012024
941,2.2213239403029434
942,2.2061180749815583
943,2.1664136194545334
944,2.0642826080355494
945,1.9553777752139345
946,2.1611634045064556
947,1.9075047450373734
948,1.729043616032882
949,1.82651705972212
950,1.840610702334124
951,1.9844966676858056
952,1.9419450294908809
953,2.1034787603270844
954,1.9577381825923539
955,2.0008889275550925
956,2.008706270775696
957,2.0229371468573727
958,2.155354215498341
959,1.9763604570860467
960,2.0746564503333538
961,1.8610530007141444
962,1.730319881925303
963,1.7748266107465247
964,1.7235898231434792
965,1.730955250507508
966,1.7093221711354232
967,1.6949342835708179
968,1.8648905279830048
969,2.272417678510165
970,2.40512979203252
971,3.5314313643411825
972,3.7996156756123454
973,4.366428427900924
974,4.509081706683722
975,4.41771298733511
976,4.683729647529392
977,3.916095183285077
978,3.490198943480704
979,3.00222910936424
980,3.0180410651657428
981,2.934391217474258
982,2.9946745972765947
983,3.5893460379013633
984,2.987660134005401
985,2.8396132582085665
986,2.723567913217187
987,2.38924933090231
988,2.241901204718975
989,2.2713015412747772
990,2.223596648067636
991,1.9209994920266789
992,2.427796777018161
993,3.011143120286798
994,3.2139292463383518
995,3.17942434281353
996,3.3649709884959846
997,3.865398309776957
998,3.844089982247331
999,3.9834660915704494
1000,3.9757444051259174
1001,3.955694936451845
1002,4.018166148020935
1003,4.049543084671968
1004,3.831866648811378
1005,3.7786075272963107
1006,3.887472850609898
1007,3.926464053182425
1008,4.646387345753308
1009,5.243990126172354
1010,5.673001227855142
1011,4.558532084715818
1012,4.77117492171923
1013,4.560162568984161
1014,4.216224687223577
1015,4.191169089492824
1016,4.257479096852972
1017,4.29814941832323
1018,4.294998996190438
1019,4.513049232266276
1020,4.46789540065612
1021,4.582169857418351
1022,4.399205595442042
1023,4.307427412279818
1024,4.278947972877188
