,0
0,1.1686916361997588
1,1.1999857914611067
2,1.2201625995136647
3,1.2039471725253534
4,1.1964467863937205
5,1.189619133379468
6,1.2253891536551351
7,1.3926341231297714
8,1.428251337706245
9,1.2560116226227422
10,1.2097821359979224
11,1.0915387426865513
12,1.0733293054068112
13,1.0140371249653093
14,0.9784374650293016
15,1.022219648881864
16,1.0577114650358275
17,0.9901571106648666
18,1.1115599005932535
19,1.0821685524692723
20,1.0208030419127359
21,1.0592495570090383
22,1.012337510870149
23,1.0090503104588486
24,0.9822230332609233
25,0.9917505875310495
26,1.0470234791653137
27,0.9718831350055839
28,1.0201965893666824
29,0.9665285338174391
30,0.9535971624497288
31,1.0232722689641958
32,0.9862692978640885
33,0.8579626693084823
34,0.8728803743941801
35,0.8097603681749087
36,0.8602873589745587
37,0.7887280917528516
38,0.8226921048034336
39,0.7671377652792719
40,0.8706240051727376
41,1.0863468044477196
42,1.135331989139312
43,1.3147262113136962
44,1.7604602983467772
45,2.2237516873479155
46,2.3592168374092903
47,2.449517575503395
48,2.385924522828043
49,2.1751235586642252
50,2.6209875931965754
51,2.6810761306437336
52,3.454352221516313
53,4.201551998604097
54,4.637693384074543
55,4.817939113618441
56,5.048358442155716
57,5.063291305885623
58,6.070694122115346
59,6.982341617316258
60,6.145252567741964
61,6.115639885907745
62,5.201219333685768
63,5.215135905760906
64,5.851525903484938
65,4.459310146153034
66,4.680487173765612
67,5.350462429010901
68,5.371063659129988
69,5.341815142623817
70,6.020219270104154
71,6.186706718596705
72,6.163832119131545
73,6.139058534727577
74,6.198695291186738
75,5.9386419852275
76,6.153474083384779
77,6.14206658775249
78,5.951317690016575
79,6.034351289445355
80,5.939585876195475
81,5.864519576990145
82,5.138335774153152
83,5.238520552201899
84,5.683584424740767
85,5.389909711836783
86,4.981040550385988
87,4.2093316756106365
88,4.205904086326505
89,4.017166830806845
90,4.0526889626979665
91,3.7832696136813038
92,3.49060336819543
93,3.6453598979218724
94,2.9972595455848006
95,3.370520835448732
96,3.352740441206452
97,2.8567216079322173
98,2.8471842503068494
99,2.8283020153366034
100,2.8193316232003953
101,2.4325381431271884
102,2.4455254680271783
103,2.4643156898540313
104,2.410994703171592
105,2.715664298111852
106,2.4609256195010834
107,2.7163726463196
108,2.7598421406524647
109,2.7219945874703524
110,2.7926460107686104
111,2.2743859556143464
112,2.3434205856006463
113,2.4696404540881156
114,2.1544881821693047
115,2.1934489527829104
116,2.1660516906562832
117,2.3131660996899597
118,2.1607214583087733
119,1.999135980466113
120,1.756344134390353
121,1.7451682119317926
122,1.6342642358308626
123,1.541511760814882
124,1.3735979529840576
125,1.2440569111199524
126,1.2247712371828519
127,1.244166066726391
128,1.3608079474380494
129,1.2023141894786555
130,1.1819136750959387
131,1.1255195014849795
132,1.0712023424465216
133,1.0765420585650178
134,1.0280234277777047
135,1.0981063525411041
136,1.024604573798866
137,1.0236000106336243
138,0.9796886696986489
139,0.9898754424597009
140,1.043794104692984
141,1.0502382139967115
142,1.1680624043157055
143,1.373861968555321
144,1.3058250009574968
145,1.3488509013662076
146,1.6591112620298307
147,1.7983975442741196
148,2.118634418244487
149,2.1643937384340015
150,2.6121180913757454
151,2.750119909717351
152,2.722398701803616
153,3.048916729020945
154,3.1429108404600603
155,3.594513238070788
156,4.026054467724488
157,3.9591955345574816
158,4.321963955512275
159,4.229288710746053
160,3.9415696406184875
161,3.8251017687285964
162,3.808506368931192
163,3.6662631046665672
164,3.981405014220141
165,4.348770645445992
166,4.602761086244354
167,5.196144460531467
168,5.144385729066851
169,5.0762376070641375
170,4.504649344078291
171,4.34165326221231
172,4.254091463507166
173,4.023945065262554
174,4.004328800241728
175,3.862769554215644
176,3.993204660131401
177,4.064630468926096
178,4.069149197165064
179,4.351438211721937
180,4.319549583886169
181,4.285057641671386
182,4.005169696516636
183,3.685624389045276
184,3.400631275370621
185,3.4490724953817695
186,2.8168476676468126
187,2.966906373505113
188,3.1378730692493444
189,3.213371680093686
190,3.875716362879343
191,3.253588615044489
192,3.216882398313971
193,3.3015577578184114
194,3.3029236148785888
195,2.8678607817752475
196,2.842254578754579
197,2.614995790399077
198,2.5235856983236196
199,2.358261503219337
200,2.40134247670097
201,2.370328516870407
202,2.36143060331157
203,2.6078329523600106
204,2.875307315470486
205,2.865950692335051
206,2.5746891856042238
207,2.4837334458013367
208,2.252741454673778
209,2.217138662016588
210,2.0045965343846492
211,2.1043416837930637
212,1.9656232106895368
213,2.0155072859396834
214,1.9540309040865766
215,2.1762277517483857
216,2.2009561348432154
217,2.31837618910368
218,2.266734779276346
219,2.166978011667538
220,1.9458083376071738
221,1.9205095305468867
222,1.8674178932228895
223,1.7655059520977887
224,1.6934131231023526
225,1.6341198543936388
226,1.6163548647730814
227,1.6413223268161736
228,1.517336745467852
229,1.547336867564208
230,1.5823653270849674
231,1.7888529140076734
232,1.6967319865960115
233,1.5968924906376143
234,1.3347042055167055
235,1.3226204974663858
236,1.3027307908011694
237,1.3588146731386535
238,1.372515383826735
239,1.2845629029084156
240,1.3313405603666704
241,1.4190789943349968
242,1.3286720859422692
243,1.2344125485214328
244,1.135357759014011
245,1.1766064707829251
246,1.116419075427637
247,1.0531390573295585
248,0.991530825883467
249,1.1104332202578002
250,1.1324299142926886
251,1.3354570024646557
252,1.494790139190875
253,1.6773341130241641
254,1.8941582312245582
255,1.8493356188046317
256,1.416706228191534
257,1.474113171453266
258,1.4523239774703016
259,1.510632091026291
260,1.8246572043319491
261,1.873726802309335
262,2.4930844979183813
263,2.55169545620446
264,2.5183554865904587
265,3.1087949591175117
266,3.0764570116924554
267,3.3571626484509887
268,3.342521516898469
269,3.080535890896485
270,2.727656438241297
271,2.5991947161648534
272,3.0130580280480492
273,2.4437414954659857
274,2.4177468251786225
275,2.240589820143842
276,2.0909442791027937
277,2.0817157063405483
278,2.0835237919260283
279,2.2916204541173784
280,1.9999321269466825
281,1.9679663096257483
282,1.880295548022739
283,1.6576005031466465
284,1.6418463948683033
285,1.6309476093634254
286,1.6582442052078903
287,1.6065370817107338
288,1.5335906315906316
289,1.5364229721025944
290,1.5016484174422353
291,1.5320758413588544
292,1.5188289592801383
293,1.3928352154964552
294,1.4608937798304036
295,1.4769235177087814
296,1.3522267341335465
297,1.3608021098799161
298,1.2980155193108496
299,1.3110932705661966
300,1.2490698512255383
301,1.2568115456472297
302,1.3709619689950572
303,1.417204257780982
304,1.4612635048524902
305,1.3374385587068656
306,1.2803703694120263
307,1.2585792332513916
308,1.257497984251625
309,1.28201211550225
310,1.2603495142816756
311,1.2000481682244728
312,1.172918312679717
313,1.08197139864937
314,1.2035706722249344
315,1.0548189755172799
316,1.0148041112049215
317,0.9838594026355133
318,0.9963254609312575
319,0.9540760922251018
320,0.9338110391842385
321,0.9494009097478484
322,0.8357144391722721
323,0.830911679048909
324,0.9414931505582411
325,1.0776073634314658
326,1.038689018692462
327,1.148960286207127
328,1.0916681710576166
329,1.1385507220686268
330,1.4344416272669567
331,1.4488154154352377
332,1.4778785212803067
333,1.476858080971842
334,1.5862342378365193
335,1.4777908513493907
336,1.5702261356409726
337,1.5608600093655773
338,1.7587634851498304
339,1.5462214729118589
340,1.624628558600798
341,1.5787133248807517
342,1.7002466942571237
343,1.8411016796631374
344,1.6704262164989203
345,1.5626953291223247
346,1.5162410046602728
347,1.5979947107047952
348,1.539693775487218
349,1.647693557576211
350,1.5553371251930679
351,1.6255530516818784
352,1.6582818533134724
353,1.7340338231779564
354,1.7009762631076413
355,1.6476685661571184
356,1.7183911885433492
357,1.5356046674580581
358,1.6755780073767763
359,1.6323484091316038
360,1.6202570599379136
361,1.5265966631074677
362,1.6347970342776332
363,1.7151006204828705
364,1.8968121107917024
365,2.0073942690795934
366,2.200216567720995
367,2.224876457434456
368,2.4755914716166627
369,2.283836744746185
370,2.514704753667745
371,2.3236664003732663
372,2.515503293596537
373,2.6090458855370326
374,2.7531531873738504
375,2.647268378805069
376,3.0995720477085267
377,3.110535824169828
378,3.3956380084334765
379,3.328679856416426
380,2.9849461589997297
381,2.594852503197416
382,2.6768740441980987
383,2.7037496532828915
384,2.9497429999055904
385,3.0174688268580825
386,2.997813186005338
387,3.586749539827674
388,3.687061457651746
389,3.6685807032936393
390,3.973667002965024
391,3.5674514002404165
392,3.412899780591558
393,3.4257233344553284
394,3.386454108809779
395,3.5802706050285593
396,3.590671075008513
397,3.7086991983847715
398,3.702559366802788
399,3.826118017786535
400,4.2732683616486895
401,4.623673208502516
402,4.499727213546093
403,4.323171789178542
404,3.9605237884364546
405,3.9343064422405676
406,3.5882581403690343
407,3.506193940524226
408,3.0561502638517957
409,3.0323300907775708
410,3.1008943192078706
411,3.0139623139548863
412,2.9847983310106394
413,2.9320859327479707
414,3.0243161631185065
415,3.0155254888984366
416,2.8771015506019264
417,2.4962898944617375
418,2.8079744860297566
419,2.470348897633435
420,2.491508686715568
421,2.396589836896078
422,2.0865467870745396
423,2.1870039811444846
424,2.009713649698711
425,2.192325895058236
426,2.0744332991271768
427,2.0609916462589037
428,2.1162896137791565
429,2.039006711425829
430,2.313753757013961
431,2.050600754904026
432,1.852232035288307
433,1.8073256041265375
434,1.8130139346171719
435,1.6957071540154525
436,1.681338722551958
437,1.6823032127686242
438,1.5580431949003377
439,1.5273226806594455
440,1.6663699763371882
441,1.7514659315690981
442,1.8740460520205415
443,1.7045153845004533
444,1.6451211168366777
445,1.634391222156528
446,1.5060999272857927
447,1.4873775741254145
448,1.3704495729527242
449,1.3946872021724372
450,1.2573324008091413
451,1.3463668621251221
452,1.21180207954109
453,1.3408058355495516
454,1.1980592334147846
455,1.2846751479808318
456,1.2669886861421222
457,1.3560079705204373
458,1.2533161128192798
459,1.2179466773306062
460,1.102655779861062
461,1.0236288907670958
462,0.9870810656763536
463,1.0572115615810094
464,0.9254282821213384
465,0.9679684136391818
466,1.0252013141337124
467,1.1126155352750493
468,1.0565559160227527
469,1.1795464838199683
470,1.4038493380035995
471,1.2699057385112942
472,1.2537587343466576
473,1.3539670506581796
474,1.4442545279183934
475,1.6435016500772806
476,1.6547841321926704
477,1.6319284861113061
478,1.6608993085644974
479,1.664948116542654
480,1.6597750538860232
481,1.6017076378036337
482,1.6050193969862332
483,1.4148404306444515
484,1.4905247612031824
485,1.8220189621636205
486,1.777051669577255
487,1.8391332657986526
488,2.0363667551269593
489,1.827703304207131
490,1.8119899509504103
491,1.8233937221408716
492,1.7708168649660996
493,2.034682363196694
494,2.0433144750990637
495,1.9162537635267232
496,1.9176112665928842
497,2.038078913580347
498,2.0582094127624226
499,1.7877603938608237
500,1.6132568201772888
501,1.6131616492917513
502,1.600617095672768
503,1.5284343316830566
504,1.5758086470852077
505,1.742982240544184
506,1.7287009566322808
507,1.719753025769082
508,1.8227825540472598
509,1.9506574528947533
510,1.953161980050008
511,1.7758361906547324
512,1.9720685496226464
513,1.9613648445641994
514,2.1086820966731685
515,2.035953933912893
516,2.193815482411746
517,2.1599145034720517
518,2.2617267661476856
519,2.5713338616498898
520,2.671704663225597
521,2.7154357433199725
522,2.774676375128806
523,3.0619308536351606
524,3.090424117457506
525,3.0926909856016995
526,3.375190967204398
527,3.3190810735966045
528,3.508298353815387
529,4.152734718454481
530,4.17333779522465
531,3.4907293354632642
532,3.9861921673334857
533,3.695356383285388
534,3.7006181713505977
535,3.6746269279856474
536,3.6907390199980834
537,3.5361842995856354
538,3.3821101731182703
539,3.379849819526282
540,3.30346250227837
541,3.3209243010838057
542,3.073334741938734
543,2.5331740645966563
544,2.426415091919219
545,2.8801703583513776
546,2.544731164668665
547,2.5303175256366286
548,2.5108918542691807
549,2.8508675013944096
550,2.4997650670991014
551,2.517000052085437
552,2.766871029470641
553,2.5422616616340004
554,2.5509920065595346
555,2.3732383320877477
556,2.481817065458165
557,2.4951858095955837
558,2.594364422077172
559,2.5781582189875962
560,2.963468057935795
561,3.052973330292035
562,3.0081509903578487
563,3.0209876736575425
564,3.0145340495672133
565,2.6011808818397406
566,2.689467370535241
567,2.805651577680689
568,2.5747932410976375
569,2.3675300127876664
570,2.397699341341599
571,2.4515013052507055
572,2.9948182292647334
573,3.31246936765049
574,2.6163443724143
575,3.010943604856195
576,3.384407626648027
577,3.677303845064498
578,4.177308203417897
579,4.200508340165901
580,4.233078456690701
581,3.912353500241256
582,3.301910554814666
583,3.3386712185623493
584,3.3633450273466035
585,3.9161846751240597
586,3.94344387942183
587,3.325821358841309
588,3.3566086637285615
589,3.3756075771967127
590,3.3495687913027337
591,3.2640413675710036
592,3.198613510905528
593,3.232052773856795
594,3.2554947462834614
595,3.513118374256128
596,3.8747683446194268
597,3.7354508177418753
598,3.783523714233139
599,3.3980115042687067
600,3.40080147693443
601,2.9577815430201384
602,3.3637078843889254
603,3.0063097338169373
604,3.2580065177919306
605,2.902077883192905
606,2.9166970214659287
607,3.321785075557291
608,3.0095328815259044
609,3.2664451971733715
610,3.3156030061594377
611,3.2836644154791985
612,3.3101562854206485
613,3.29732696688399
614,3.0763099379445418
615,3.3267520447375722
616,3.2607391268778563
617,2.568023397230669
618,2.8807448332848034
619,2.878013160009259
620,3.178745530454938
621,3.039948800099461
622,2.990284875290531
623,3.175360141256231
624,3.0919174544662322
625,3.2345586555520596
626,2.8920774201538757
627,2.5658872225809892
628,2.896321995243493
629,2.532783768210915
630,2.4368426472070683
631,2.51338305843483
632,2.5048845308269834
633,2.847151281576216
634,2.4900556628828685
635,2.4727599111721736
636,2.803323357824297
637,2.2973619230242877
638,2.288930383242208
639,2.2476120117083944
640,2.288493926020905
641,2.2251064689029114
642,2.140178607107179
643,1.7408850931897892
644,1.7877154890844118
645,1.7171632682959963
646,1.7262134130208862
647,1.7479116861030124
648,1.8810303111837476
649,1.9665865305079742
650,2.114429290372493
651,2.3128574511389646
652,2.2897217012762487
653,2.3606897841554213
654,2.1591408272516466
655,2.0438203670293063
656,2.0394873583466016
657,1.9631062782219546
658,1.8738765534732482
659,1.9354602512999868
660,1.8455566337156701
661,1.6252673554559491
662,1.6712510502658744
663,1.731916345646432
664,1.7550713612784443
665,1.8756493791072872
666,1.7165767063818542
667,1.7436143507269712
668,1.7188589826623293
669,1.6658492224145738
670,1.6383561002305471
671,1.569775939181954
672,1.76859081391289
673,1.8439340211942254
674,1.8831117863479059
675,2.1320502650110997
676,1.7983273471559786
677,1.9837972317548391
678,1.9632859803542493
679,2.006608552303706
680,2.2754354069352645
681,2.414264726075509
682,2.342782321986405
683,2.0648171477965156
684,2.0300623081644713
685,2.0220318942262216
686,2.0159030365059776
687,2.0347743330598966
688,2.0389370385766687
689,1.9433524498977952
690,2.054951135091065
691,1.974793291800569
692,2.016384854599515
693,1.8514272576080044
694,1.980710438254556
695,1.8116610317120525
696,1.8051572919710672
697,1.818545234127618
698,1.7929451255943607
699,1.880372595699951
700,1.714579866328816
701,1.9875954470699368
702,2.078736228932132
703,2.1862134522973355
704,2.350112617824353
705,2.5508707575021345
706,2.600491494072523
707,2.564648572998963
708,2.374908264213111
709,2.586628382532036
710,2.6025524637862487
711,2.5444286140863275
712,2.52874622617945
713,2.8270832838046984
714,2.8452231405382666
715,2.8573742661816643
716,2.981978712330752
717,3.5184944481175044
718,3.4196381637153683
719,3.325445351539145
720,3.3026857477309233
721,3.2431266024058636
722,2.99358466673558
723,3.226291837963957
724,3.3461243527380984
725,2.935479294235354
726,2.9698814033224106
727,3.2375007254483545
728,3.2690347068231227
729,3.2955276113775516
730,3.273534390904214
731,3.0133403874037117
732,3.171909145759534
733,3.018860905576017
734,3.2518397662927967
735,3.250182571613393
736,3.045817606704687
737,3.28834296777319
738,3.429517714273258
739,3.457766191941311
740,3.3789394950954064
741,3.268416139104922
742,3.4124514139352757
743,3.6761042510546647
744,3.4622199244780205
745,3.3746500667252546
746,3.415495465918637
747,3.282452709593925
748,3.354433144506292
749,3.4331780343869864
750,3.325782348442471
751,3.4116954658017766
752,3.4625558910824443
753,3.450222083572025
754,3.447829571047534
755,3.0852300162489246
756,3.248849995789455
757,2.902998332003639
758,2.9083655413380805
759,3.0063638585839016
760,3.1439858023629035
761,3.197346711095361
762,3.651769711231145
763,3.9494005174663966
764,4.646483927112303
765,4.470399972376565
766,4.278618091683893
767,4.155221376820792
768,4.33051139902348
769,3.9726479045331087
770,3.7520511428347576
771,3.447621275383281
772,3.596059323088209
773,3.59011355744429
774,3.9354871145427874
775,4.0012944168163616
776,4.1126674591831405
777,4.221745226943942
778,3.8129946299448854
779,3.7300326913210906
780,3.4783137497506496
781,3.8712628003301846
782,3.314945093038004
783,3.4040831391861466
784,3.534373497320304
785,3.443872763374414
786,3.8721118658419096
787,3.270717887213161
788,4.102217361445078
789,4.061273764264542
790,4.380347504344728
791,4.548071651554394
792,5.381170692935848
793,4.972234555693739
794,4.965669842912188
795,4.542686483626084
796,4.482424129192139
797,3.924490967829287
798,3.7759583474717866
799,3.438057115061266
800,3.4803583421704936
801,3.393649868572138
802,3.5859914073188386
803,3.3364148437044525
804,3.2805423651894983
805,3.265829081199579
806,2.822651941096119
807,2.905186775559375
808,2.7563206761642385
809,2.522527515909794
810,2.4268344888571494
811,2.3678152492432205
812,2.4561655893043195
813,2.3980760030452406
814,2.609567709076637
815,2.828121394029683
816,3.20308725294147
817,3.3351995488338533
818,3.5879284161957714
819,3.547959640898441
820,3.5483790821014956
821,2.9757264014080502
822,3.0180466483046775
823,2.9600135641669274
824,2.678001420604784
825,2.782881238367808
826,2.7226131568344965
827,2.8779968879243345
828,2.5115818047134906
829,2.799635634914972
830,2.5890052115001847
831,2.6137171332069284
832,2.8583011771391877
833,2.9829296736926545
834,2.6228225434862584
835,2.339848559364332
836,2.6048754707593984
837,2.5889351826644744
838,2.8912815380814325
839,2.8896437578944334
840,3.1074428091582953
841,3.1491975926151348
842,2.772099090900007
843,2.9813794520472188
844,3.0545973704166984
845,2.9245924117898907
846,2.5157338003633023
847,2.472194324657935
848,1.981928280286473
849,2.1958414067258603
850,2.0668738951957732
851,2.189120955483426
852,2.1641716664854416
853,2.2994740000728893
854,2.1445189885153635
855,2.2565845567173346
856,2.157278893717871
857,1.7384675025937777
858,1.7309650866673676
859,1.5746114490668057
860,1.5386114195612521
861,1.4840630019924264
862,1.5524289566725789
863,1.5314546359103958
864,1.5753459895113555
865,1.694764395293582
866,1.563814542358735
867,1.461877535446413
868,1.3969400911213636
869,1.3725134760697486
870,1.4946846642586435
871,1.3643770134427393
872,1.2294538648376432
873,1.164191121811695
874,1.0283818620355234
875,0.9493826768636193
876,0.911971894776892
877,0.9141508032033994
878,0.9168342056852712
879,0.9691421559882695
880,0.9276422243389532
881,0.9904577963802902
882,0.886090584893631
883,0.7805406066355949
884,0.7811801863019602
885,0.7395312396985014
886,0.7425373268499611
887,0.7066184940308037
888,0.7012937938398978
889,0.6973703079203883
890,0.6814879516575194
891,0.7304967717175622
892,0.7237114140931273
893,0.7043904989699754
894,0.7560196190434391
895,0.8657404267037447
896,0.7986528338191755
897,0.885570334182887
898,1.398885233888761
899,1.4912400910479862
900,1.5447982015983215
901,1.4675905560525908
902,1.4258167707475935
903,1.5086790326020518
904,1.5372044206469242
905,1.5503820783983364
906,1.7096739871523037
907,2.2652946149405486
908,2.5591795729780427
909,2.636992967962902
910,3.2365358704837246
911,3.4839406090358223
912,3.8417015212753003
913,4.083178121131904
914,4.678355250008759
915,4.737169239140876
916,5.192480451804431
917,4.533811283729275
918,5.106892147535004
919,4.277608913537109
920,4.001608065219446
921,3.919082419196801
922,3.8243681064653807
923,4.217659743943847
924,4.482791674028918
925,4.4394080382749
926,4.249200678573128
927,4.4493063803789745
928,4.483029201483773
929,3.394821108255158
930,3.9062568984676282
931,3.487477150625484
932,3.496104982244311
933,3.4878523161595627
934,3.452623950673913
935,3.4628269655014843
936,3.7390500531403297
937,3.8249884911695555
938,3.9023606478524777
939,4.132301478398903
940,4.056133712276119
941,3.884620747342438
942,3.8713904220748545
943,4.186680390870967
944,4.457244331282297
945,4.14877167158072
946,4.427649275785905
947,4.442061993162231
948,4.424062363973229
949,5.02636529785907
950,4.995836802794709
951,4.585477604878115
952,4.606827694131266
953,4.2944014667721895
954,4.475139661359049
955,4.430179959787778
956,4.554418752732528
957,4.287116933478353
958,4.199834080418713
959,3.9761307375597594
960,4.170254066894822
961,3.923597844089703
962,3.822915180529684
963,3.8371190671511965
964,3.4480355225756623
965,3.190632182210212
966,3.1268132658990995
967,2.987911554431963
968,2.5749583591595147
969,2.643787110531858
970,2.7469479687146254
971,2.8451529173440937
972,2.5530685410361276
973,2.8119656712834975
974,2.52152447685701
975,2.24473960449148
976,2.4446563711731786
977,2.3361258322216143
978,2.204628044149727
979,2.132368987163629
980,2.2056541315743745
981,2.0297348102275246
982,2.0143739078381935
983,1.6779248806415674
984,1.7375693923125448
985,1.66817132159224
986,1.8435692871054516
987,1.8349070812807304
988,1.8625205867062111
989,1.8521310662126984
990,1.667611132584201
991,1.499047521489448
992,1.527245393437095
993,1.4332028115775113
994,1.4338742696129398
995,1.4422870198112543
996,1.53599587751351
997,1.6552306409278752
998,1.7522660945913495
999,1.9031353905448298
1000,2.05201683009201
1001,2.114047543872405
1002,2.0211691128379856
1003,1.8142098939242433
1004,1.6089822170236379
1005,1.6294134746709372
1006,1.5874249776583955
1007,1.643341861593473
1008,1.7826268219110915
1009,2.010123010726102
1010,2.3802906454290014
1011,2.427973281037357
1012,2.5112194642327967
1013,2.6687524079196736
1014,2.6362604011703423
1015,2.3219090536231146
1016,2.2070295211741047
1017,2.402917883286304
1018,3.3393111479023845
1019,3.3116679283518264
1020,3.3340041546255534
1021,3.134777366324485
1022,3.714804017202951
1023,3.5296354216678334
1024,3.501069173040513
1025,3.8238907769568042
1026,3.7794324092191007
1027,3.923219675724102
1028,3.3795358042817547
1029,3.386299129958346
1030,3.369088672698518
1031,3.2052707806149434
1032,3.052108884171384
1033,2.9798053946437055
1034,3.0083896068084246
1035,2.851986352966095
1036,2.9776477997227055
1037,2.8682486664829088
1038,2.6731810784670182
1039,2.645148230246144
1040,2.6176242998781274
1041,2.4313099948279797
1042,2.5877689657281486
1043,2.3781998889289597
1044,2.4764020898319363
1045,2.551897896664142
1046,2.5167299387519697
1047,2.412434644884296
1048,2.5305790265323576
1049,2.923535666714238
1050,2.880250319799916
1051,2.931990185551411
1052,2.3042599513415087
1053,2.3055290967833932
1054,2.090631787041893
1055,1.9800336671412517
1056,2.009233988603504
1057,1.8556764768511467
1058,1.8593030014619893
1059,1.8063235409381864
1060,1.8723056495908386
1061,1.8630730060589
1062,1.7051469674366586
1063,1.709824364519368
1064,1.785992977710565
1065,1.6230710696616308
1066,1.6807104081809214
1067,1.7253678494291491
1068,1.5276554441873318
1069,1.52198562681816
1070,1.551059766022626
1071,1.6776688200838104
1072,1.5553501790826219
1073,1.7085395197206419
1074,1.644868121957408
1075,1.7216942436565037
1076,1.9810158755643454
1077,1.8779066982367194
1078,1.8395445576845282
1079,1.7823827196059738
1080,1.6396968573226829
1081,1.5819014602261157
1082,1.4753612461634666
1083,1.410261727934597
1084,1.3313318666447775
1085,1.3156092083520057
1086,1.2926322855052952
1087,1.3761763979993036
1088,1.2399123509626961
1089,1.3858969108298107
1090,1.3782118296202934
1091,1.3963453683097053
1092,1.2576970593585595
1093,1.2308904659218087
1094,1.1991015987397289
1095,1.0312870207523568
1096,0.9630116282943412
1097,0.9930994568490067
1098,1.0281105962031833
1099,0.9892714317994926
1100,1.0668036097972324
1101,1.0360162330583247
1102,0.9556865768868318
1103,1.129455510192755
1104,0.9876897786587159
1105,1.1186780528680091
1106,0.9785846688075828
1107,1.06601747956925
1108,0.9028959273602883
1109,0.9775035611230837
1110,1.0268833382197013
1111,1.1401475348240846
1112,1.2063049670001202
1113,1.315997238189315
1114,1.5443727109356806
1115,1.4405404214124442
1116,1.340059376581135
1117,1.6302242312601474
1118,1.8816797367298568
1119,2.1411429017327874
1120,2.1330459640816026
1121,2.214578105318052
1122,2.2498535304314866
1123,2.3787421055501796
1124,1.9951860381765096
1125,1.8076117475413496
1126,1.8614512378877623
1127,1.9419105341603844
1128,2.1398203088209016
1129,2.1421607001139487
1130,2.260855624350973
1131,2.4223047607530575
1132,2.455653564086017
1133,2.4333466060214066
1134,2.3131151074280774
1135,2.2310241779195863
1136,2.49667285024715
1137,2.322760607728203
1138,2.592375648924063
1139,2.5687995145693976
1140,2.29198872829711
1141,2.362823832402023
1142,2.2840067130998265
1143,2.346945283546583
1144,2.6045682849979825
1145,2.553561728409576
1146,2.8729580851154983
1147,3.2508272944375887
1148,3.3636900747811604
1149,3.368720492775865
1150,3.8000418601914197
1151,3.900591641201061
1152,3.8622810124707145
1153,4.221604792682975
1154,4.583731772096119
1155,4.841655441822086
1156,4.815791358276579
1157,4.769043148744681
1158,5.31924411387932
1159,4.535892762799427
1160,4.4050431535667895
1161,4.003746713612184
1162,3.9665177901150646
1163,3.7004697263525173
1164,4.096686807047513
1165,3.6459716831621085
1166,3.902338909173395
1167,3.4337093698311474
1168,3.5341564271895893
1169,2.988697212751235
1170,3.4712181795212262
1171,3.0871866929422453
1172,3.40833561314136
1173,3.6666877871361674
1174,3.691394819032298
1175,3.556570206494974
1176,3.573476543588588
1177,3.7329672651028436
1178,3.8237954337403863
1179,4.340413871517639
1180,4.692125045589332
1181,4.7998954818274315
1182,5.119358592970987
1183,5.171240527079964
1184,5.147021186848996
1185,6.296991441198524
1186,6.430650482337459
1187,6.424731178760218
1188,6.509390051650033
1189,6.4454803790897
1190,6.465183892846184
1191,6.524475548977501
1192,6.651990739619191
1193,6.579588561365272
1194,6.667677191839106
1195,6.692770185296896
1196,6.260143544384294
1197,6.0184501253666705
1198,5.780468538359573
1199,5.759314651430176
1200,5.519896650213706
1201,5.319723735276835
1202,4.698222187251526
1203,4.651923710501518
1204,4.449805823728094
1205,4.821068825024181
1206,4.8510959217936245
1207,4.855543409963052
1208,5.2436227421656385
1209,4.13761622672712
1210,4.401215315197008
1211,4.3733133651562515
1212,3.7593337543913923
1213,3.7456573443501866
1214,4.011009989385362
1215,3.9080413772152194
1216,3.889108943485818
1217,3.610921164388692
1218,3.700009476903175
1219,3.72867664052187
1220,3.4225613500145315
1221,3.4071941803194803
1222,3.7095576379424826
1223,3.4075906666748583
1224,3.372568219234344
1225,3.0932201924112275
1226,3.017131047532234
1227,3.0523333659387837
1228,3.189539217276988
1229,3.573143843411578
1230,3.7868747158944727
1231,4.160740062941594
1232,4.823724585821674
1233,4.593140209463739
1234,4.866002550662289
1235,5.018555832725329
1236,5.534118947915233
1237,5.647043265277438
1238,5.194354481813669
1239,5.796769118135011
1240,5.78784913493457
1241,6.047908418194029
1242,6.016306432613005
1243,5.9049667319457715
1244,5.871847024152825
1245,5.739803554783728
1246,4.873460283622274
1247,4.683903590099043
1248,4.7986014584821595
1249,4.591405424299259
1250,4.68570836937006
1251,4.838038536710057
1252,4.762322942388744
1253,5.63818152026615
1254,5.499409103651451
1255,4.86456461778018
1256,5.363753357663939
1257,4.750832219226351
1258,5.267566848877941
1259,4.449852647785721
1260,4.371217035665413
1261,4.205773673488708
1262,4.424820300589432
1263,3.9937639659646047
1264,3.948426373285175
1265,4.144713314735082
1266,4.351628980346718
1267,4.563776083252151
1268,3.991823263654447
1269,4.193750192651154
1270,3.88411724720384
1271,3.8522314575066754
1272,3.614407694455176
1273,3.582523604071999
1274,3.494145942422309
1275,3.581612175037654
1276,3.4760804401825394
1277,3.3783003016049475
1278,3.4865468547975285
1279,3.394561904082311
1280,3.3550589154519272
1281,3.5390423199100693
1282,3.603002161035383
1283,3.8812165100472433
1284,3.7130921696175543
1285,4.240695622971134
1286,4.331839224367737
1287,4.632773237766637
1288,4.896545986609763
1289,5.361507403868973
1290,4.963235684375316
1291,4.8852607166742805
1292,5.051877648822731
1293,4.971575217757765
1294,4.777965101391872
1295,4.365999087605407
1296,4.198163370742902
1297,3.7546884837518077
1298,3.5378617846322675
1299,3.015609731713198
1300,2.927197723961379
1301,2.8979479991047365
1302,2.960005077563826
1303,3.103149512344064
1304,3.116473786525932
1305,3.111155237344688
1306,3.51437771408097
1307,3.099317369813394
1308,3.1025133942104977
1309,2.8830328692832445
1310,2.868648485209935
1311,2.5267635995790254
1312,2.518917534725564
1313,2.513054686420548
1314,2.4077491288600554
1315,2.2825115063174786
1316,2.481967193029392
1317,2.6176899063610928
1318,2.804461930956022
1319,2.8318991524190866
1320,3.765690856629031
1321,3.769365551456137
1322,3.376367186085224
1323,3.5765786420703383
1324,3.8863117178930753
1325,3.652616489751868
1326,3.6624029022689215
1327,4.168965757739994
1328,4.006633150334989
1329,3.892206026399029
1330,4.366407803264498
1331,4.271246216984964
1332,4.831139072398157
1333,4.932801187657883
1334,5.140839979084507
1335,5.129653407935901
1336,5.103026339634388
1337,5.310688549448382
1338,6.551754309597546
1339,6.218196681168217
1340,6.090406732030055
1341,6.461799148388962
1342,5.986085540576539
1343,6.289771020512765
1344,6.494385236678755
1345,6.3774468962160284
1346,6.370461470314239
1347,6.287726662430047
1348,6.40344111195927
1349,6.272340845799033
1350,5.647235322357291
1351,5.2507800644299465
1352,4.655761622231311
1353,4.773661123881789
1354,4.504923524388111
1355,4.557303015620169
1356,4.546980037919264
1357,4.368239934835075
1358,4.382497658304082
1359,4.081747919293206
1360,3.8298792900693397
1361,4.098154149363709
1362,3.6100984141991797
1363,3.003221232948724
1364,2.9589265280704353
1365,2.5636564032123004
1366,2.580780305179014
1367,2.860537425409724
1368,2.5706908077416784
1369,2.9842726488364235
1370,2.864860824316407
1371,2.8273451352003542
1372,2.976245386258066
1373,2.9623589365434917
1374,2.84062560988782
1375,2.6540361836126394
1376,2.5044940902947754
1377,2.2987324312675455
1378,2.273117806471573
1379,2.3409420709715256
1380,2.523320719114802
1381,2.5302656962135495
1382,2.8308277906567225
1383,2.511444126050266
1384,2.3305123592765633
1385,2.3626638302546605
1386,2.2944008714041733
1387,2.209013292670504
1388,2.343183460955144
1389,2.4781953916146793
1390,2.5503683778754493
1391,2.425950371854843
1392,2.559350325439603
1393,2.614771884809008
1394,3.4094960555151137
1395,3.491343457146428
1396,3.430767866179106
1397,3.4684184460997196
1398,3.1852738603599944
1399,3.2448244159885062
1400,3.37829933548511
1401,3.504497418572824
1402,4.203190527125727
1403,4.3157668885819405
1404,3.506899338272561
1405,3.0126281014320475
1406,2.424425977583841
1407,2.6141325046817716
1408,2.5100523134008674
1409,2.3052257122068203
1410,2.321176099263074
1411,2.3189018142169315
1412,2.3305734575820267
1413,2.517597936502272
1414,2.6320985299880855
1415,2.9148058139585125
1416,2.8016024994978803
1417,2.546942086999635
1418,2.8397036940080556
1419,2.450600219111157
1420,2.7918519880146535
1421,2.799707205632748
1422,2.8386925071810274
1423,2.8840451911766163
1424,2.457969425036696
1425,2.461225083354494
1426,2.310043193909265
1427,2.4319902600475323
1428,2.2766047814980137
1429,2.5046807660850234
1430,2.262046553220022
1431,2.327418315952755
1432,2.2145042662568644
1433,2.241737316978863
1434,2.08233415903298
1435,2.2604430559918725
1436,2.0375746075319907
1437,2.061063049187374
1438,2.0610491197144856
1439,1.929934726129879
1440,1.822264453916765
1441,1.74856021826199
1442,1.9525823847770873
1443,1.6578199288290068
1444,1.752347170937621
1445,1.7752086853292937
1446,1.8501754713150316
1447,1.7111040940518734
1448,1.9265720828532442
1449,1.8361865552204373
1450,1.6562553637755464
1451,1.6113946408983169
1452,1.5137717755766977
1453,1.6229421578540806
1454,1.487709932063331
1455,1.505465415836665
1456,1.5380685256953264
1457,1.5629452729643305
1458,1.5254696777807644
1459,1.69543007728487
1460,1.5709813540800939
1461,1.5600926376899673
1462,1.501492529748022
1463,1.5330675425764708
1464,1.4791648093969523
1465,1.3523469893368607
1466,1.3333755735894093
1467,1.3004080511601557
1468,1.2352127423230357
1469,1.297031039330046
1470,1.2224983727178236
1471,1.2773230385061114
1472,1.2782647014600044
1473,1.311893835281365
1474,1.372435905064657
1475,1.3461724587520654
1476,1.2786474686444669
1477,1.1547667758828466
1478,1.1605942353131726
1479,1.2246226234499795
1480,1.17068735037305
1481,1.1282425945797636
1482,1.1851716764544646
1483,1.1487055105425452
1484,1.1682835066984187
1485,1.2330248695215684
1486,1.392048566683402
1487,1.4508158416130355
1488,1.447459725286875
1489,1.3457706103354634
1490,1.1812027156665987
1491,1.1849937322568231
1492,1.1880279557460682
1493,1.1893418748350946
1494,1.1887650922923283
1495,1.2545498114348177
1496,1.267618267313673
1497,1.2150028566472417
1498,1.2302309081991984
1499,1.357616846597114
1500,1.1651922817828426
1501,1.1576039787876524
1502,1.1496950873922664
1503,1.1526082778349434
1504,1.1710146307773859
1505,1.1544655230890226
1506,1.2918246975972856
1507,1.22204630037163
1508,1.6448712414286388
1509,2.3218580381369995
1510,2.6106482659580648
1511,2.9033424121230245
1512,2.6678882761848897
1513,2.7054242040925165
1514,2.251692282170654
1515,2.252889426333304
1516,2.3367931092433634
1517,2.3330449922809615
1518,2.3648089687756553
1519,2.38227178348862
1520,2.2695119216101363
1521,2.3450077054214953
1522,2.315738456679709
1523,2.3427932537650427
1524,2.7068736451356217
1525,2.719167159368039
1526,2.7148518991081785
1527,2.5974367680041204
1528,2.656232844594714
1529,2.549563411611732
1530,2.381445221839189
1531,2.4067177953682313
1532,2.19062097412225
1533,2.035920528079263
1534,2.2051852621251626
1535,2.089720143277091
1536,2.4050625739727516
1537,2.227361208461074
1538,2.2766613507957296
1539,2.2796895630919174
1540,2.204936248171211
1541,2.30198559103523
1542,2.3038869760691494
1543,1.8581482093253556
1544,2.304218170249935
1545,2.373401266594753
1546,2.1211114935567967
1547,2.1160260118616216
1548,2.0215025301329326
1549,1.9734153448675509
1550,1.7927608113789009
1551,1.9687982872636232
1552,2.0263332223332218
1553,1.9048317270881048
1554,1.8912853760551835
1555,1.8512874952235658
1556,1.6638091578622785
1557,1.5852351303274497
1558,1.804949032826584
1559,1.973461816977873
1560,2.4224493797768862
1561,2.5667103690293964
1562,2.9623092184592785
1563,2.940627180567531
1564,2.96249097111372
1565,3.2320902416910817
1566,2.9306901896206363
1567,2.855162267920822
1568,2.29967449354034
1569,2.3646517600879844
1570,2.2732385086069073
1571,2.18526283451276
1572,2.026787388975868
1573,1.8951511455937156
1574,2.268599480451521
1575,2.4825965032406043
1576,2.915094099211446
1577,3.097108077721598
1578,3.994741534591651
1579,5.117677769286291
1580,5.790035184818095
1581,5.202136635488271
1582,4.231565861242932
1583,4.1393312154935415
1584,3.7973135452386266
1585,3.8395755071995685
1586,3.864510051913226
1587,3.593847453616811
1588,3.5971378563422145
1589,3.571316107945008
1590,3.416320070052663
1591,3.533573860621506
1592,3.583803749838263
1593,3.251366656094673
1594,3.380153960846481
1595,4.07053053217317
1596,3.216715461853809
1597,3.2097434079973017
1598,2.977220735755173
1599,2.784295529941913
1600,2.8232102936829078
1601,2.9736992258025423
1602,2.803204128279683
1603,2.9937795146582733
1604,2.9681492048950777
1605,3.2682583280065263
1606,3.4424167465521007
1607,3.403760808904067
1608,3.474200534942581
1609,3.64057365579432
1610,3.607757483954288
1611,3.598836899227681
1612,3.6188129523612202
1613,3.4122449035641567
1614,3.0496674646881745
1615,2.6044562052308344
1616,2.4173906819773494
1617,2.0453320799712515
1618,2.0095855595432344
1619,1.9615633644400152
1620,1.8514023439712215
1621,1.5971579148642472
1622,1.540860503458792
1623,1.5493956918681562
1624,1.5828730930350832
1625,1.5353140858574532
1626,1.6565134726384723
1627,2.2475930667138653
1628,2.439155165596042
1629,2.897671835146593
1630,3.5634790521020276
1631,4.265710041524895
1632,4.406506412013693
1633,4.322740672734295
1634,4.843010289880187
1635,4.667472870525168
1636,4.08527425546169
1637,3.4746010972719907
1638,3.4447146031322964
1639,2.951972036758427
1640,2.985752445058943
1641,2.9655073784675374
1642,3.5567321844506252
1643,4.34429906365643
1644,4.323290669839364
1645,4.200413339786464
1646,4.155331820540403
1647,3.788304055779822
1648,3.702634989543602
1649,3.3853800773223055
1650,3.614299936283205
1651,3.2148213936007286
1652,3.26769517670538
1653,3.398428383916002
1654,2.8495333127423472
1655,2.8842571623554525
1656,3.4600919348092205
1657,3.041622322363844
1658,2.89800082418082
1659,2.7836416750099966
1660,2.5932806661016414
1661,2.809394967970625
1662,3.0486224301742006
1663,3.1225997567577766
1664,2.9485784592475017
1665,3.1761850148287047
1666,2.899387875404907
1667,3.0291306719490994
1668,3.128918392690077
1669,3.2884001698748087
1670,3.423724136707629
1671,3.732077622681563
1672,3.981433616036282
1673,3.9954279019790984
1674,4.988971497759242
1675,5.0859027389703435
1676,5.4847635715721355
1677,5.685925986368925
1678,5.881914358257807
1679,5.050912687151028
1680,4.329428113726694
1681,4.967725969641936
1682,4.3566100774725465
1683,4.033624096037628
1684,4.475685666732562
1685,4.416735619622475
1686,4.678526508821976
1687,4.707684907637713
1688,4.544681768486615
1689,4.423679862287908
1690,4.289785361572201
1691,4.300969806887125
1692,4.282862002051905
1693,4.3082999595858995
1694,3.8698638538998678
1695,3.6557294499218234
1696,3.622957821848352
1697,3.831130092043741
1698,3.581285515954632
1699,3.0768218000403627
1700,3.1831560625998647
1701,3.165142260880639
1702,3.156604776014897
1703,2.8937655708803667
1704,3.0289671141069783
1705,3.3768670917948302
1706,3.356609267838267
1707,3.2918568391944825
1708,3.3078604233704096
1709,3.2722938374953
1710,3.3171042456579
1711,3.058674578972448
1712,3.0001133396165667
1713,3.3490289750651474
1714,3.3479249428060474
1715,3.4063047679212413
1716,3.34949554173151
1717,3.4671239712085304
1718,3.367961706337634
