,0
0,1.8183899206562228
1,1.7895110738028814
2,1.5700602895607343
3,1.5175146412982172
4,1.4824674284026347
5,1.5808329894364
6,1.5354237322535613
7,1.5705025092762497
8,1.5530993994063795
9,1.5652886820652265
10,1.5534493033414727
11,1.5574591466784915
12,1.6366012654820887
13,1.5288900196086466
14,1.5313357628822664
15,1.3464585354144947
16,1.415991626332058
17,1.3157487521699909
18,1.295293563293047
19,1.4233737604803973
20,1.4194103783867857
21,1.4334084410737207
22,1.3364180826967678
23,1.1763604313120344
24,1.2620932529190965
25,1.3349449258242634
26,1.2963540423870654
27,1.1019153584596542
28,1.0151047390624663
29,1.0002275893656043
30,0.9318068591695362
31,0.9192698124194602
32,0.9782683593137178
33,0.9423776097505909
34,0.9332867145139474
35,0.900594435060222
36,0.9008249114146049
37,0.8587736854676865
38,0.8294588085733448
39,0.7949507281912798
40,0.8677913678044724
41,0.8408734293328248
42,0.8964291284230651
43,0.7652993051014738
44,0.8381264141249226
45,0.7677468185428017
46,0.8048826692555601
47,0.8042933441974999
48,0.7979111582833159
49,0.7548341747834213
50,0.8162295043975655
51,0.8868626768675281
52,0.7951732840720837
53,0.8858512895807856
54,0.8534098086379234
55,0.893924318935111
56,0.8454026656927671
57,0.9136880147647097
58,0.9681291940244053
59,1.1555894248174512
60,1.2258858058499607
61,1.2210888101274373
62,1.263487475493028
63,1.4150389082633161
64,1.6761404910251034
65,1.6888344431915487
66,2.010453531896197
67,2.1832101114916447
68,2.2277635460263503
69,2.500989429342993
70,2.2509652498264936
71,2.3950173781356896
72,2.1184447299408253
73,1.9801682595083014
74,2.2404617840124352
75,1.9384126704570166
76,1.6008268988473993
77,1.5805061698106184
78,1.5539318432683225
79,1.60905992569728
80,1.5716751336457724
81,1.5705383243827886
82,1.4884955703364458
83,1.3812863315609583
84,1.4375185447714875
85,1.5428119823169377
86,1.5004834699222689
87,1.3813176933814257
88,1.8267858527822787
89,1.584313748019285
90,1.6221102149427316
91,1.574461600295481
92,2.031765876612602
93,1.5511426762662106
94,1.4764375859271743
95,1.6545170712811106
96,2.295615497063616
97,2.3980759857341414
98,2.145751395533447
99,2.256706563480821
100,2.0760231665053093
101,2.099091846430531
102,2.0557834755299913
103,1.998413684922258
104,1.999191663779337
105,1.9494976274153812
106,1.908512768742445
107,1.585189815394946
108,1.5441503569578598
109,1.5702457521144586
110,1.976224671885166
111,2.0648990729066696
112,2.183729895609864
113,2.3127234230436122
114,2.537445874057625
115,2.4957544841989536
116,2.7498996197396464
117,2.4185382411408125
118,2.571667212026079
119,2.6661531097320736
120,2.4573914873724876
121,2.599843611756511
122,2.6627376706744252
123,2.3159506030126127
124,2.308882207557517
125,2.5349127769774444
126,2.542806892403093
127,2.4911250171485806
128,2.262142138028719
129,2.343789250742385
130,2.513441298922835
131,3.0481629566497457
132,2.592741501719693
133,2.770099143098319
134,2.805522737657413
135,2.757901566950252
136,2.7951261288734153
137,2.812031983553197
138,2.75664909134098
139,3.0415834146937617
140,3.3427930096857
141,3.9593800509949135
142,3.9091909419280344
143,4.171544832241111
144,4.1572844126663
145,4.202423937209221
146,4.262563292496554
147,4.315074765329559
148,4.328895304805125
149,4.4505450297453555
150,4.407610662507135
151,4.498306178958675
152,4.4717665453422395
153,4.5004407181626656
154,4.504810920288422
155,4.374020586463266
156,4.417536503661747
157,4.422577205465672
158,4.304391292662189
159,4.327664935540996
160,5.453245449982943
161,4.408166340642252
162,4.334495195896178
163,5.279413210898632
164,5.404288239561293
165,5.308112603117161
166,5.508133983482858
167,4.229261584418695
168,4.164111125050915
169,4.1320014003220535
170,4.1786745739723505
171,4.144624227237701
172,4.026904750986151
173,3.9157084268603017
174,3.8458946856801557
175,4.173452505168879
176,3.5149658510716493
177,2.6787298288350345
178,2.4768411332502955
179,3.0195141610041496
180,3.0344546962464207
181,3.0643768817031014
182,3.004536473143585
183,2.9713115479202434
184,2.7388739337822017
185,2.761248476332639
186,2.958689375450151
187,2.774999637664659
188,2.594742325538479
189,2.771895488469585
190,3.061220965334796
191,3.06650931820315
192,3.11371382253095
193,3.1766107436525672
194,3.069127541825553
195,3.063061099513818
196,2.841495911791466
197,2.7866562859467408
198,2.7825815563326564
199,2.728981734886225
200,2.538534840428251
201,2.464653783849793
202,2.4193759413992186
203,2.026642835912661
204,1.966178223319044
205,1.9657192743296523
206,1.9671790639941618
207,1.962139363945788
208,2.2800942478932136
209,2.012142160584055
210,2.0662260544253765
211,2.088173933980471
212,2.0645532211147284
213,2.088769001234977
214,2.346800827222383
215,1.9824400115345688
216,1.798459100504945
217,1.8327435803632977
218,1.8109104667878215
219,1.8472377140103584
220,1.8133936512160398
221,1.8245368168003824
222,1.75969946264328
223,1.7375544711543025
224,1.718191677417927
225,1.6424514956704561
226,1.6389271147968376
227,1.524297218379501
228,1.5829047098267486
229,1.5976654788263402
230,1.6795051301827928
231,2.036723850551403
232,2.205482331836328
233,1.8050293381522253
234,1.9869586244849837
235,2.504645230450564
236,2.397332514642146
237,2.3813939169873293
238,2.5664109406881708
239,2.5167880700895036
240,2.6304702320357274
241,2.4116918679173893
242,2.43705979318983
243,2.073935780258517
244,2.0274644249814013
245,2.004401780875265
246,2.1758480191356746
247,2.3585634137937816
248,2.673066562605995
249,2.681146706472085
250,2.359590418398092
251,2.123638604936316
252,1.978366857949795
253,1.9029345030545428
254,1.9266741122376172
255,1.8482436656452708
256,1.8853192099581835
257,1.8038753031045789
258,2.3373206000464597
259,1.8356472580540282
260,1.7711232363621459
261,2.0375304363317577
262,2.123933123795994
263,2.5274591440172984
264,2.709892940885854
265,2.6701990471158608
266,2.7046796855890345
267,2.695714344300749
268,2.6472424435269946
269,2.6231919753453217
270,3.011577560564872
271,2.749715422762824
272,2.641305059547702
273,2.9084323083774404
274,3.2884322092566345
275,3.316747144823932
276,3.324438426510002
277,3.811523569477713
278,3.665148900913372
279,3.0148078685875195
280,2.709812314376904
281,2.980962232698621
282,2.705066564908311
283,2.3625300896777364
284,2.1888969947630144
285,2.081888071316352
286,2.0051602852635257
287,2.1944282490011355
288,1.9482546641048835
289,1.8801944653778537
290,2.005835440803348
291,1.8889358527699085
292,1.896093151086763
293,2.094160085705337
294,1.8144139990845538
295,1.9776488752911066
296,1.9539297218417444
297,1.7412508643680158
298,1.661862380582935
299,1.6226036145936693
300,1.5573132065310087
301,1.5740387458119234
302,1.5262712671122165
303,1.4115400694642708
304,1.478243160150064
305,1.4032719063994372
306,1.602894205992674
307,1.4237304493379699
308,1.418584673597979
309,1.4452257764032805
310,1.2386486357289996
311,1.3388578478953965
312,1.2099054240135338
313,1.16933486516715
314,1.1744182867610506
315,1.089684364057642
316,1.0200267642302951
317,1.0038329915555797
318,1.0075798001810738
319,0.9501625936867742
320,0.9870908221365096
321,0.9916313648895001
322,0.9239833530168113
323,0.9446804882328123
324,0.938748339759962
325,0.9144857296252364
326,0.864672628853658
327,0.8842871519173584
328,0.8299838636618985
329,0.8365689952482925
330,0.8320897833129862
331,0.7686591681253884
332,0.7362505031874773
333,0.7823379668970903
334,0.781670973997839
335,0.6601321254273689
336,0.6565297989528102
337,0.6800882699939038
338,0.6316491394607151
339,0.6680850896935036
340,0.6343898663185865
341,0.6454452458919931
342,0.620102757363704
343,0.6208358113691067
344,0.6372076707830072
345,0.6356046919278749
346,0.6351430920138289
347,0.6390359141308416
348,0.7375593164335643
349,0.8423553597846026
350,0.8840118077312672
351,0.9274416782455244
352,0.7414619137207744
353,0.709134929649122
354,0.9129964586464575
355,0.8647283796260934
356,0.872229846823606
357,0.9103675700195758
358,0.9976239725660303
359,0.9851194729169458
360,0.9806605740158949
361,1.0554451262072642
362,1.1875862653137057
363,1.166599482969764
364,1.4160313506659703
365,1.375055313878618
366,1.201192839423339
367,1.0576475787179629
368,1.1632221458689762
369,1.093150740606897
370,1.0742021111094333
371,1.0609201323451467
372,1.0456301388507523
373,1.0246296714479763
374,0.8863654630434316
375,0.8628596859776906
376,0.8531633103508756
377,0.8216502251304048
378,0.8256777859949692
379,0.8494362075441942
380,0.8272542562771079
381,0.7807893318291038
382,0.7498674735665257
383,0.7680363157067899
384,0.7470963578539823
385,0.7367888645631065
386,0.7502574166490981
387,0.8253085330808387
388,0.8039445530882456
389,0.7961636044311073
390,0.7315956500938342
391,0.7008670253696316
392,0.6711817165950323
393,0.6268344767334423
394,0.641801116177614
395,0.5983337361093723
396,0.6099259799032065
397,0.6239980137785783
398,0.6261122247961967
399,0.61752911580537
400,0.6368854855752117
401,0.6309858340110172
402,0.6424452532691607
403,0.9352173438039161
404,0.758184738080654
405,0.7422880492295083
406,1.0087655589365343
407,0.9611982366027441
408,1.0451402173217206
409,1.3734172964887685
410,2.0824450096527696
411,2.6126097143316507
412,2.8829825453518456
413,3.1214454516885612
414,3.3611654710801715
415,3.2070348803195823
416,3.718857133024446
417,3.321764611023867
418,2.8220648012456877
419,2.4969136948727932
420,2.3893365731379377
421,2.307716671785975
422,2.3498172920418363
423,2.180670053219121
424,2.1106213796386966
425,2.6085167631305914
426,2.45676263362366
427,2.867124356811626
428,2.8152368669013663
429,2.71312600203531
430,2.5095473430614263
431,2.6222578994556596
432,3.0806163299119933
433,3.129118309761754
434,3.1696422615787325
435,4.1717011167674025
436,3.0895354310671115
437,3.063237918261217
438,2.90229856187189
439,3.1214508447878813
440,3.1216397725566156
441,3.0436507895485185
442,3.450716619875012
443,3.905234321348371
444,4.028668026643346
445,4.1440973977281175
446,3.9909714121708273
447,3.907288104824113
448,4.054325508787497
449,3.948120992866932
450,4.007270455829646
451,4.090525077339783
452,3.9649844435287327
453,3.606515124386719
454,3.644250349229378
455,4.267239604181979
456,4.171580055903304
457,4.033105281691359
458,4.470180817672335
459,4.467198490314961
460,4.4463133310036165
461,4.292598439634689
462,4.377310479331839
463,3.9508575172714138
464,3.258308226373792
465,3.3856188459174477
466,3.386631602560365
467,3.125547455022854
468,3.1615469318523384
469,3.3591307801478725
470,3.7234104047980154
471,3.2318684169576692
472,3.630539014961554
473,3.6472021981594733
474,3.2511636317707744
475,3.5044032895118966
476,3.262526885662377
477,3.1971095046226807
478,2.7148574759005384
479,3.192729163095549
480,3.1621978769686256
481,2.710094658019266
482,3.05314026889628
483,3.2027819066319054
484,3.1908030213919716
485,2.7445038618757676
486,3.1237483322921276
487,2.3690951926482255
488,2.702804755721024
489,2.3708578369525957
490,2.399186540242294
491,2.1313295977014253
492,2.4263509124230507
493,2.51187355623062
494,2.1226750035723896
495,2.1196145158888453
496,2.097336541085224
497,2.110875331629304
498,2.1070963769295785
499,2.0559444532386077
500,1.9201473084387972
501,1.9300892421256755
502,1.9808329443104922
503,2.2751599373782607
504,2.1030744116167455
505,2.327197046782547
506,2.0462052687807364
507,1.75567056868264
508,1.7789853230071473
509,1.625059069417184
510,1.8490009299470078
511,1.814271131512596
512,1.6129960089295385
513,1.8396166613518554
514,1.7006960632301311
515,2.0248955491193965
516,2.1410816125604515
517,2.102020793070994
518,2.1066128582504597
519,1.9322280512441938
520,2.011482421337202
521,2.0998516437562107
522,2.1015284756769126
523,2.001904589230307
524,2.0342488734595885
525,2.1296404659480705
526,2.101230423420862
527,2.041052373545038
528,2.1257373897237146
529,2.0664467701871385
530,2.172270798285408
531,2.1726802809368366
532,2.1765906864702838
533,2.191169549014129
534,2.1838293495091965
535,2.2051659158007584
536,2.101609072022507
537,2.227414542227618
538,2.2610109906770663
539,2.2221209862413356
540,2.0246228357131115
541,1.8711858753956208
542,2.263574676896833
543,2.018309688685814
544,1.9982032421550435
545,1.8688970154018767
546,2.1899423729630287
547,2.329984697864135
548,2.183686132554245
549,1.954644359241228
550,2.294675987409809
551,2.206007620450569
552,2.3189766185512934
553,1.8406219779521449
554,1.813553753219952
555,1.9194253275079585
556,1.9778491768998496
557,1.8355832346543741
558,1.5603569068403138
559,2.045116623309552
560,1.5669061438695477
561,1.9987990341191566
562,1.4604363904788278
563,1.4763422763442522
564,1.2452946049352522
565,1.215428116146934
566,1.1228517766907367
567,1.121728676537163
568,1.0827404056992438
569,1.061237572345232
570,1.1319180834211922
571,1.13761836641967
572,1.1511573251791791
573,1.2029803958226293
574,1.295888625569626
575,1.3863745324177221
576,1.403884047358207
577,1.783577707598023
578,2.1503577631566144
579,2.1251228849888877
580,1.9567785512202973
581,1.9067394614567847
582,1.830813700694732
583,1.9632699305168477
584,1.9016990667777647
585,1.9154015803200948
586,1.9158965267370818
587,2.03341848000858
588,2.1065601789433384
589,2.194481568320969
590,2.2059594820365476
591,2.3396578411281235
592,2.0446516657738405
593,1.9390412085896407
594,2.172967496662437
595,2.252143845467921
596,2.237622971502509
597,2.3377364944421064
598,2.3085039551250595
599,2.2813836623387393
600,2.3343976554092207
601,2.347349053678528
602,2.3892693957951576
603,2.293351619558736
604,2.3164446769528335
605,2.3119395350491896
606,2.3003020319207037
607,2.2957095853183516
608,2.340301553967007
609,2.4843438859304814
610,2.3906859115467896
611,2.141748469796607
612,2.1826570541308192
613,2.212808243045428
614,2.376743735817894
615,2.006243877179691
616,2.015576565718021
617,1.6972165128230678
618,2.007534564038448
619,2.0116727099728324
620,1.5956812416223347
621,1.789938217694676
622,1.7294637765445309
623,1.6316712569621297
624,1.609952767504723
625,1.4334730326366785
626,1.6113935697650352
627,1.4864228829383432
628,1.675189364935668
629,1.9159705463634702
630,2.0586475086118807
631,1.9108750555498641
632,1.4530338189875618
633,1.5424694607737928
634,1.5140293950275248
635,1.4542123318251696
636,1.4483845919756908
637,1.454677669830511
638,1.3855857177653177
639,1.3177706606524808
640,1.3391550953915519
641,1.2340497338926364
642,1.2205027537563735
643,1.0606713762261832
644,1.0725550397834627
645,1.0644862262795414
646,1.0084401785683133
647,1.0477761798868361
648,1.0328097241632166
649,1.0388964333424395
650,1.0097369495393504
651,0.9606644429186129
652,0.9172149098846112
653,0.8884454837781227
654,0.859848648999616
655,0.8077914071554558
656,0.7770981060095711
657,0.7698379385628056
658,0.7766633368223421
659,0.7209410122899871
660,0.752230521866631
661,0.7145945777183659
662,0.7203553415379789
663,0.7836126085247834
664,0.7922221777771886
665,1.0283972359748175
666,1.0291781791726264
667,1.1088073956884468
668,1.2066039273754712
669,1.7481020377363228
670,1.6960554470212277
671,1.6884751129519922
672,1.5718474951521777
673,1.6134332062042689
674,1.4366596190410232
675,1.4916446676580004
676,1.325896845522524
677,1.297613807992886
678,1.4996652207330206
679,1.4652778354678502
680,1.2483656212528909
681,1.2163587768583366
682,1.0089152929715872
683,0.9363950294763838
684,0.977302270008739
685,1.1392712214639416
686,1.4438874454754467
687,1.5336153829952066
688,1.5836764039033666
689,1.957423302273447
690,1.8340071025638482
691,1.908395574307784
692,2.335690557158998
693,2.1535559346504622
694,2.0130835737953077
695,2.073915175388895
696,1.9292646795797688
697,2.058808693195721
698,1.8586374174573401
699,1.8878817615310128
700,1.9139830100907345
701,1.7558181234917878
702,1.7080172221660344
703,1.8045630920261129
704,1.6854267288247642
705,1.7192693657459721
706,1.6917386642106058
707,1.7378113345762585
708,1.7507815966754512
709,1.4567925892140317
710,1.5256228970020522
711,1.3968496030247293
712,1.3849091887526581
713,1.4451959172612074
714,1.5194148238522176
715,1.536612048085978
716,1.5089050038047276
717,1.3821475433526007
718,1.371158762492048
719,1.2834619446955013
720,1.1921715125293615
721,1.1895931768063743
722,1.1878365708943395
723,1.1723901132435148
724,1.1768258051526257
725,1.0601324074359835
726,1.0479626616018742
727,1.0037886981860855
728,0.9983571698355911
729,0.9511955610396007
730,0.9830508413198042
731,1.0472756538747177
732,1.176796451266807
733,1.2087321425640143
734,1.6206251141056605
735,1.6769289077433638
736,1.7946723141590424
737,1.6886518403257536
738,1.7807047725976788
739,1.970374161211932
740,2.043878064480425
741,2.154783772380676
742,2.413250337890899
743,2.516659691863746
744,2.0469525768642343
745,1.9459090170523865
746,1.7880935741588875
747,3.1984381764788696
748,3.7441667635809917
749,4.277930623750087
750,4.389452910129829
751,4.375541534891072
752,4.249897353469872
753,5.899228548344985
754,5.909904475068211
755,5.432891217135042
756,5.988180784209985
757,6.044934927656617
758,5.678232493284703
759,5.65599974155823
760,5.794255794200027
761,5.587536672582052
762,4.9010726528809
763,4.745515005544206
764,4.828621185195913
765,4.86334085621704
766,4.97034881978091
767,4.907647832661519
768,4.770031818047983
769,4.606804712675082
770,4.616486368082748
771,4.492014672828347
772,4.446495425167193
773,3.994858866645986
774,3.332597118310052
775,3.060063980902482
776,3.6516148548098255
777,3.7095854572493288
778,3.763607436044076
779,4.165220481911866
780,4.019215636388536
781,4.126007992934502
782,3.3691187109576304
783,3.004291730493865
784,3.142935483626122
785,3.2081847261167327
786,3.217350198078192
787,3.1003389029728856
788,2.7092332931892886
789,3.0643209688616597
790,2.864365346504536
791,2.6976854736767804
792,2.4891937462924614
793,2.603873419108305
794,2.4455307909924184
795,2.16419220883526
796,2.046854163386136
797,1.9300901201659033
798,1.9125493650685217
799,1.596486218771503
800,1.5663191489585244
801,1.5110406026659982
802,1.5031275398690136
803,1.5010017662413864
804,1.5198208710647805
805,1.4790516115840655
806,1.5652451618726935
807,1.644989150410155
808,1.5280708407708263
809,1.562842716566474
810,1.5878297876134722
811,1.8956251512397868
812,1.7982658842077919
813,2.0300766196266857
814,1.5893459403991546
815,1.64693649498486
816,1.494944550359509
817,1.3448318256252252
818,1.2490138843537806
819,1.2059853587554972
820,1.1055108283665298
821,1.1714399181904342
822,1.1583359450616542
823,1.2530459366106075
824,1.1387562256162242
825,1.1119652883679818
826,1.008421316276545
827,0.9823848269710376
828,1.231436772418135
829,1.2762887248046657
830,1.401832391857991
831,1.655863676166976
832,1.6699500612827451
833,1.6150540713813841
834,2.0986575185126823
835,2.106041165960775
836,1.8712671912925878
837,1.5740112489399882
838,1.5741070049346233
839,1.3604527192237348
840,1.3843531591900047
841,1.2689430968115338
842,1.2117241202060125
843,1.2240662665380395
844,1.2622984030500384
845,1.1863000800123558
846,1.2948774993816008
847,1.7914536183757996
848,2.343212786186654
849,2.412988506255942
850,2.2929034582712533
851,2.385962266970042
852,2.425403982823642
853,2.3274219507179006
854,2.2426439262773203
855,2.209063190385658
856,2.2257666664379774
857,2.3251861303065438
858,2.267534372474536
859,2.298169350629987
860,2.2688972998011234
861,2.2249821804692367
862,2.3841517390722666
863,2.208351038549597
864,2.162695923005088
865,2.2118094873024194
866,2.1761868195630436
867,2.2072635291158913
868,2.176958047237645
869,1.9776181166450546
870,1.765160304902306
871,1.806764312211017
872,1.8238667173151757
873,1.8314707530903773
874,1.8665547808372116
875,1.720673963322763
876,1.6865533308009548
877,1.6046661855785125
878,1.588379314675523
879,1.5614880757213108
880,1.6388051476148064
881,2.117821437439266
882,1.8168924546979224
883,1.9212673482308744
884,1.6405932899295947
885,1.7906852811057399
886,1.7906263896278214
887,1.5752266051858903
888,1.7572754404433197
889,1.6872752768347934
890,1.7821416093689537
891,1.9506057251647766
892,2.2268560180102894
893,2.018241187028145
894,2.164347809093462
895,1.7329048022430182
896,1.7255574157446056
897,1.5968301492550652
898,1.9737886257393449
899,2.110463069908437
900,2.2100573077191568
901,2.165014005598073
902,2.3346550554013272
903,2.09528564430765
904,2.2556360498863586
905,1.936474734163581
906,2.072641140836437
907,2.0771563966825433
908,2.0238412553635654
909,1.9382821652329187
910,1.802468329831022
911,1.8295367232444215
912,1.874673255543612
913,1.6780632782212426
914,1.6064093048614263
915,1.6125959480453704
916,1.5579737658491417
917,2.0263433325335556
918,2.443245566406623
919,2.772595428454358
920,3.0353872162984348
921,3.5225318902399465
922,3.730535330879713
923,3.61944390527638
924,3.3048259622987293
925,3.0428940072616486
926,2.6448587779708763
927,2.3219499250442492
928,2.733781361358568
929,2.488867791835866
930,2.686627670005066
931,2.596049662087229
932,2.652310556041147
933,2.887843244144638
934,3.1481868163793245
935,2.7635173580030643
936,3.0357743000589337
937,2.9356897108186297
938,3.1874147670739537
939,3.1335432402234447
940,3.009465380436284
941,2.7831567866353004
942,2.785865055631281
943,2.7431904959719478
944,2.7457685698356586
945,2.6817106652544065
946,2.7431138808011215
947,2.5140282974815054
948,2.6909822378627735
949,2.59924551931883
950,2.299313707692642
951,2.430013534436948
952,2.3202605882024994
953,2.2608813551831615
954,2.2794437189575434
955,2.152754446890824
956,2.1678582720964297
957,1.9881954257327181
958,1.9967170149135345
959,2.2471709481747553
960,2.628712153112191
961,2.618291119117567
962,2.7169023131425822
963,2.685200213509251
964,2.953316491628774
965,3.2889647240855755
966,3.5784526741972673
967,4.190888051831723
968,3.4358381230123567
969,3.9631395457439424
970,3.720261927591099
971,4.0313374851146095
972,3.608047433036344
973,3.850648875389034
974,3.1617138899042803
975,3.2939419612777776
976,3.0561809895167333
977,3.2238004481193667
978,3.8476478108378567
979,3.629611514550137
980,3.7153115347826513
981,3.5400247578152997
982,3.4131277648383613
983,3.5211180512694993
984,3.5678891070523995
985,4.132383473251819
986,3.610538343448925
987,3.52389486225074
988,3.4018819969894385
989,3.4483753586213797
990,3.2688606414885575
991,3.5695880148222234
992,3.246313640900744
993,3.280757998105912
994,3.1460026983101144
995,3.1334699672627275
996,3.10525067832293
997,2.92451467614575
998,2.9984730032618887
999,3.016909738148507
1000,2.9362591766056356
1001,2.9125586529461405
1002,2.736787406005642
1003,2.817189281293135
1004,3.026618808866445
1005,2.9489814599349784
1006,2.691712424677258
1007,2.8817416292455134
1008,2.788618356376223
1009,3.0272872928697487
1010,2.527835168300758
1011,2.7776785291265993
1012,2.750704973102723
1013,2.4959346152609205
1014,2.492138366782016
1015,2.3598412412081378
1016,2.4112429424340576
1017,2.3507097038149136
1018,2.38327103477827
1019,2.1498649475890548
1020,2.3465975388094527
1021,2.3670123656781317
1022,2.0509388448538997
1023,2.3701992814666832
1024,2.1349407072144655
1025,1.9199995979631466
1026,1.9915902482042045
1027,1.960380690444554
1028,1.9660602246354903
1029,1.8531369801563071
1030,1.8586935303652454
1031,1.832978726720435
1032,1.6333387484639708
1033,1.817606566409204
1034,1.6323340326722384
1035,1.7029606482687911
1036,1.524039914536463
1037,1.5382760114469585
1038,1.563027969184134
1039,1.5400912431218314
1040,1.6162496279127054
1041,1.5312006823190867
1042,1.38880924800059
1043,1.5337975921051124
1044,1.7162855233429257
1045,1.8511624539640936
1046,1.8530596195520301
1047,1.967956045564295
1048,2.1518502640705126
1049,2.1839710275360558
1050,2.141584693894099
1051,2.1039921520970077
1052,1.992262290545342
1053,2.007136002501272
1054,2.1666523129587416
1055,1.9583144126714584
1056,1.8511185603674334
1057,1.927403583855625
1058,1.839706572068631
1059,1.9182277130053846
1060,2.0316147689035393
1061,1.9565881610345899
1062,2.1026650918214003
1063,2.1380049480771435
1064,2.33404667828763
1065,2.3879497297386942
1066,2.5908781174979665
1067,2.5369343112403158
1068,2.6243671971190503
1069,3.3030664808636674
1070,3.5188790841214654
1071,4.190579819389302
1072,4.342913863382052
1073,5.5180192288212355
1074,5.480941921612854
1075,5.494795962097336
1076,5.578575354114051
1077,5.491379890022615
1078,5.349798888119086
1079,4.481010499869829
1080,4.730211184589562
1081,4.821817068938703
1082,4.573116668647946
1083,4.552022290010238
1084,4.413465398725388
1085,4.36282521079244
1086,4.495913399302913
1087,5.511827122228059
1088,5.5684584370987755
1089,5.580050862691949
1090,5.784485236825948
1091,5.832725474390173
1092,6.28868009033326
1093,5.925318927526259
1094,5.736850812394726
1095,6.286864317516654
1096,6.016418964009879
1097,6.491787905057541
1098,5.997742827218437
1099,5.9513284884893425
1100,5.823484385234399
1101,5.659698188117373
1102,5.406791914016871
1103,5.214320954183173
1104,5.217403970929189
1105,5.2250796269540425
1106,5.090039185298074
1107,4.716550800740504
1108,4.596231250730023
1109,4.513492246472381
1110,3.717859269827438
1111,3.2865828061652014
1112,3.23232896308746
1113,3.439692858432696
1114,3.163300846674788
1115,3.2038394750822015
1116,3.450255045019658
1117,4.029681279297729
1118,4.341027828453454
1119,6.189936555166025
1120,5.620238270241224
1121,4.173749468760408
1122,4.01323355133203
1123,3.4927390978270765
1124,4.095333336930556
1125,3.57385515573516
1126,3.735928923739227
1127,3.4630732839487437
1128,3.4067523524091774
1129,2.471736602219022
1130,2.556113470655026
1131,2.4453245719855325
1132,2.5165124951787585
1133,2.634960878663878
1134,2.492168222901166
1135,2.5914317146407377
1136,2.4805618482791263
1137,2.4004716135706783
1138,2.479769984016101
1139,2.541580662749356
1140,2.285646943109674
1141,2.334693914287437
1142,2.3512373986307793
1143,2.6848645604642636
1144,2.552299587714708
1145,2.390369874737329
1146,2.42601192116457
1147,2.825021464342633
1148,2.4415438234117053
1149,2.8340235302149814
1150,3.0207106238458197
1151,2.660481187331971
1152,3.0884056155195108
1153,3.8543247459047514
1154,3.7293717449241184
1155,4.516917910357171
1156,3.1074258347360733
1157,3.071777486458209
1158,3.3042676479492736
1159,3.6129473733607385
1160,3.5480688204160424
1161,3.8884951032528368
1162,3.828178918297838
1163,3.5864572897543816
1164,3.968137716743503
1165,3.5700716237068675
1166,3.7077861885597754
1167,3.875592561148465
1168,3.688109906919686
1169,3.5934976239610137
1170,3.528185705537072
1171,3.5444996940764373
1172,3.541143338673903
1173,3.640767275930476
1174,3.486514817222641
1175,3.7726129650293716
1176,3.887422764353383
1177,3.9428231054831544
1178,4.0896148830523495
1179,3.737259798982757
1180,3.675940123045438
1181,3.2510193011347632
1182,3.443568455815847
1183,3.2505448670368255
1184,3.2282680290367134
1185,2.7335323955078388
1186,2.9556888797597725
1187,2.8840121498022997
1188,2.9002315177838733
1189,2.9878709774558554
1190,2.989100890133484
1191,3.2236752467386887
1192,2.908171371407817
1193,3.027561724482739
1194,2.9259648436286128
1195,3.1093313699597127
1196,3.394574890652846
1197,3.0304650782674574
1198,2.9944318250480415
1199,3.080208658611692
1200,2.680978199138223
1201,3.05702967730256
1202,3.0437595053880124
1203,3.1264707824070572
1204,3.0236416899638314
1205,3.1334087268244035
1206,3.582165176087452
1207,3.0374158626511965
1208,2.840760474728872
1209,2.5691322488213597
1210,2.57240164788599
1211,3.0178226253545097
1212,2.599316861778412
1213,2.6475534771060056
1214,3.1481127622351406
1215,3.0635752572470447
1216,2.791394778656707
1217,2.9092386316489516
1218,2.9270405089671256
1219,3.015079820005659
1220,3.055030112557126
1221,2.9216515943801458
1222,3.0324999036649154
1223,3.0718394608054505
1224,3.09716224465647
1225,3.8316553159682307
1226,2.815555592695038
1227,2.9956310256774348
1228,2.9650855281180313
1229,3.7969563073713135
1230,4.175976185621642
1231,4.274369946827153
1232,4.223532577824498
1233,4.042039697418169
1234,4.0366152091003
1235,3.974253866237249
1236,3.856238994716068
1237,3.652669535636337
1238,3.5644170162307263
1239,3.6605582652857493
1240,3.5493586582596017
1241,3.4529010547069827
1242,3.680508408371232
1243,3.903802446821631
1244,3.914243002009933
1245,5.073097817377412
1246,6.349792066727043
1247,6.391733825510151
1248,6.657149802218244
1249,6.661329018768421
1250,6.661329018768421
1251,5.9903778670733585
1252,5.82265510522847
1253,5.705249552768426
1254,5.71028407416221
1255,5.852579902990729
1256,5.805102941341417
1257,5.760005554599866
1258,5.919049455515273
1259,5.66409894429719
1260,5.208796475965995
1261,5.2125140899015685
1262,5.207666082218195
1263,5.208707896806286
1264,5.186510360943702
1265,5.012904273362474
1266,4.7956404846284055
1267,4.618678957592262
1268,4.707232147435832
1269,4.489731694653402
1270,4.538256701059829
1271,4.543348890639449
1272,4.3365880105540855
1273,4.426553291995432
1274,3.976730735462535
1275,4.328606072301262
1276,3.713269304707824
1277,3.4242143221959607
1278,3.638044437585207
1279,3.51990558468364
1280,3.276899820180085
1281,3.576284061098135
1282,3.3736871149629155
1283,3.6053968876267715
1284,3.355717603376998
1285,3.325144576226726
1286,3.1768355430933277
1287,3.369731058053967
1288,3.2300821295355737
1289,3.4475030223239047
1290,3.4723145245764195
1291,3.5522290908082113
1292,3.4642338083060817
1293,3.4494381537150325
1294,3.4177062747527227
1295,3.3347819633095845
1296,3.3852890164226617
1297,3.7914514770127803
1298,3.4501815787392682
1299,3.5884509159979325
1300,3.769018714424416
1301,4.156338280353991
1302,5.476278989992602
1303,5.67020595984113
1304,5.678764584677177
1305,5.553391731672621
1306,4.668424184811312
1307,4.605926011297506
1308,4.40569561675528
1309,4.320406716890191
1310,4.423658017574388
1311,4.334072774384144
1312,4.055589398148753
1313,4.233285042024793
1314,3.9848869169174903
1315,3.7371099332572526
1316,3.6248654980835773
1317,3.3252174968268755
1318,3.295372304196402
1319,2.9108336368050174
1320,3.0418894962669243
1321,3.054545293789441
1322,2.6685386383117775
1323,2.733437805800473
1324,2.7473105696577624
1325,2.6464725984527235
1326,2.851089769998121
1327,2.2982212373526623
1328,2.6273603143652853
1329,2.655304799844296
1330,2.3691464647797726
1331,2.7951220465537676
1332,2.7698121281739927
1333,2.802223265267326
1334,2.5381848722990585
1335,2.6502473731512937
1336,2.551487861275882
1337,3.067406329584307
1338,2.4819357356310117
1339,3.1280966786368114
1340,2.6128957405485367
1341,2.8625107619248378
1342,2.9195853138698444
1343,2.5537372697677787
1344,2.6104156873895668
1345,2.473564578288589
1346,2.635728088510691
1347,2.89646138167416
1348,2.894423850440621
1349,2.8187204193962394
1350,2.5144070607119637
1351,2.544667520879903
1352,2.473820386688008
1353,2.4941991399844547
1354,2.107568011937879
1355,2.3721554809280803
1356,2.206416487475146
1357,2.1686554316262066
1358,2.502387803893651
1359,2.56159145330508
1360,2.769634374960374
1361,3.3123448130995268
1362,3.724487630273154
1363,3.9811503760052522
1364,4.887975271050184
1365,6.251826014893044
1366,6.48039472817634
1367,5.9410795871589395
1368,4.678421743925008
1369,4.483144910966746
1370,4.334749186102718
1371,4.278266704882656
1372,4.12561856706484
1373,3.643279016541498
1374,3.610989053817439
1375,3.545848181562374
1376,3.8725337785577
1377,3.359126213407038
1378,3.2807173704147035
1379,3.0293313776702293
1380,3.2264921885100146
1381,3.551463530678639
1382,3.214996967394233
1383,2.9836383948261056
1384,3.2376767815402374
1385,3.278119399399091
1386,3.7898613856986665
1387,3.3832834268345873
1388,3.314180864461481
1389,2.729045856302234
1390,2.7277329338330443
1391,3.01476447627488
1392,3.1992225898914897
1393,3.2476131170925657
1394,3.1733409286310374
1395,3.40385158333997
1396,3.7782433593843647
1397,3.756802982075918
1398,3.631158688009708
1399,3.5258218774510097
1400,3.0669662250144087
1401,3.029551799249526
1402,2.997766356610648
1403,2.9620268447577125
1404,2.9844760201802347
1405,2.9872696046186316
1406,3.0770553744970233
1407,3.0754655258080166
1408,2.6227237920102895
1409,2.7128824235971476
1410,2.6582262477753855
1411,2.988451223173802
1412,2.6434334768218117
1413,2.4690474671034286
1414,2.570411675675616
1415,2.3695725988755787
1416,2.3516769091784275
1417,2.1929071490580254
1418,2.168062646826954
1419,2.128236800849378
1420,1.7302397744843576
1421,1.893587808920664
1422,1.8829617258870264
1423,1.9395573756087283
1424,1.9578913622668968
1425,1.925076448710585
1426,1.7138663430533247
1427,1.872401655298446
1428,1.7325274455366328
1429,1.6296148748787833
1430,1.5570255540079279
1431,1.5231773234320751
1432,1.7010651074723155
1433,1.4882169944630383
1434,1.4104732157731987
1435,1.3400138250537952
1436,1.3156101956843114
1437,1.2477893608345823
1438,1.2444646150926273
1439,1.1762072393587981
1440,1.2913202966437929
1441,1.28394751041753
1442,1.1483574417804594
1443,1.1600177076334586
1444,1.2021123117858994
1445,1.1606726519799806
1446,1.2073631239683047
1447,1.1595267527052533
1448,1.1628332190204786
1449,1.1756902404298906
1450,1.3005827703129658
1451,1.297453253449776
1452,1.426847400706244
1453,1.6052531540516268
1454,1.6338375040135484
1455,1.716892173280075
1456,1.625601897996887
1457,2.1006533881867346
1458,2.274591113860059
1459,2.6598804776634237
1460,2.7411917496739866
1461,2.3790878215309106
1462,2.488085703709014
1463,2.611853317401738
1464,2.629566980693655
1465,2.68825216155231
1466,2.789500451185108
1467,2.72863848676478
1468,2.7249661993560212
1469,2.7259574361025596
1470,2.5464372949749676
1471,2.15853344069393
1472,2.302645590434164
1473,2.1577250068493785
1474,2.134494692083215
1475,2.1004726008630503
1476,2.1095184129142117
1477,1.9397024702964352
1478,2.1477730250914933
1479,2.167954547202165
1480,2.089175917366637
1481,1.9374295279768667
1482,1.76830855020478
1483,1.6431161151621458
1484,1.6480204747397342
1485,1.5497317983452081
1486,1.5116463439773278
1487,1.5872485396954252
1488,1.2771188629604464
1489,1.223776358579053
1490,1.3340717092638608
1491,1.3518270430190502
1492,1.2137021701589783
1493,1.2624513449739618
1494,1.2216896788944127
1495,1.1382308149151643
1496,0.9924740583093941
1497,0.9975393880971966
1498,1.1571157437500583
1499,1.231358733160867
1500,1.2310653612053764
1501,1.5363136817283358
1502,1.7619674355771444
1503,1.9287908344312774
1504,1.9361408238405655
1505,2.3820451729625787
1506,2.465766007831802
1507,2.501213749945704
1508,2.571045169268316
1509,2.512954295003471
1510,2.4362011107538915
1511,2.849889424623988
1512,2.6154517432442432
1513,2.6763238663803848
1514,2.6628395238191063
1515,2.5721780103903225
1516,2.6048464606600614
1517,2.604674558130829
1518,2.7279617180348397
1519,2.743682652129521
1520,2.9445966499169423
1521,3.29046301923893
1522,3.146004700729239
1523,3.297672661149157
1524,3.6790126628568487
1525,4.0447311536178026
1526,4.1647008027549886
1527,4.1107292358405125
1528,4.253827920762
1529,4.3392115569413665
1530,4.151618248438849
1531,4.355706237657512
1532,4.420458221457902
1533,4.426058728734628
1534,4.56897239883284
1535,4.550377134669038
1536,4.7659995611342945
1537,4.64367200231585
1538,4.584453412210025
1539,4.395737370973269
1540,4.393439713067776
1541,5.137678239523057
1542,4.956449488510858
1543,5.258769210304582
1544,4.443768654662631
1545,5.219564759253283
1546,4.28671460742256
1547,4.456487212247772
1548,4.270209492900052
1549,4.851514893616608
1550,5.307141300121798
1551,4.634896962820043
1552,5.305501206424197
1553,4.504361306825398
1554,4.418305104969204
1555,4.311605978723818
1556,4.251796941225624
1557,4.41085484704499
1558,4.382166466652911
1559,4.204354290618787
1560,4.4401356606127065
1561,4.459729021354563
1562,4.5896881770916
1563,4.530870202005711
1564,4.557436738045337
1565,4.656106764223621
1566,4.411249980125457
1567,4.566877804593025
1568,4.416483299858205
1569,4.2720770354740925
1570,4.284057023742299
1571,4.277864863337605
1572,4.332336321030473
1573,4.318359936769786
1574,4.258459311457604
1575,4.230402308996394
1576,4.165083395773239
1577,4.30643948178734
1578,4.194824462276764
1579,4.1119122923892295
1580,3.8823773200147644
1581,3.809329223647501
1582,3.8157315787659916
1583,3.4802167105684894
1584,3.281203669257435
1585,3.384640351003636
1586,3.0264506156307447
1587,3.3391958826950137
1588,3.3269946425646975
1589,2.9645838941113003
1590,2.9977738357756643
1591,2.8302239578048245
1592,2.5969568179903697
1593,2.6458203444052737
1594,2.265865825171321
1595,2.287230989547797
1596,2.073097668569891
1597,2.294747875911591
1598,2.3939200981595508
1599,2.346858801308299
1600,2.326272775514584
1601,2.384399117681465
1602,2.288056486242183
1603,2.372638333352288
1604,2.5818244978220286
1605,2.208840526828608
1606,2.105089204602668
1607,2.0609797044745397
1608,2.351544805769927
1609,1.9530236258871283
1610,2.0518055837281537
1611,1.9040360085069619
1612,1.868209470793455
1613,1.8518206611375585
1614,1.8126317341532054
1615,1.5702895700910464
1616,1.4774658683766404
1617,1.3940727137385909
1618,1.3353729921480721
1619,1.3353545706369037
1620,1.2771748913169987
1621,1.2598298017478362
1622,1.2454937795028254
1623,1.1316914380774834
1624,1.2380570251918663
1625,1.1719671033840102
1626,0.9786277490487226
1627,0.9662390395097323
1628,0.9663968194977338
1629,0.9526490786566352
1630,0.9706216297254155
1631,1.0271274171541223
1632,1.0463096210902696
1633,1.176466268067162
1634,1.1738786688340566
1635,1.686134484509269
1636,1.6340201988798964
1637,1.62670314896595
1638,2.093253464711916
1639,2.269345276114075
1640,2.1506051810526383
1641,2.043910062810696
1642,2.093858596607216
1643,2.3849563044925786
1644,2.1170953413364186
1645,2.4116731458125966
1646,2.462024082697043
1647,2.6352488358075283
1648,2.5053330264988993
1649,2.945124029059566
1650,2.4840213439023673
1651,2.326670008681124
1652,2.0821770321915376
1653,1.974133912087457
1654,2.0523756986599277
1655,1.9449210187413681
1656,1.905350229104247
1657,1.9569342467980233
1658,1.994734481225409
1659,1.8409624992023998
1660,1.7652029414551655
1661,1.782801567292546
1662,1.7609363406442524
1663,1.6948202580716625
1664,1.5752745509861634
1665,1.6024213104999119
1666,1.5593207070495863
1667,1.4715539569087615
1668,1.4213966228323032
1669,1.5274200743825985
1670,1.4286285616830432
1671,1.7347596725139534
1672,1.7427416851164728
1673,1.8343985699722012
1674,1.7317055627536624
1675,1.7574006624751939
1676,1.72093255357735
1677,1.7211510843297488
1678,1.4170590278862223
1679,1.394110360722639
1680,1.4094220721988036
1681,1.4101000048087664
1682,1.4159560766650707
1683,1.4727119978349519
1684,1.396967546572468
1685,1.4110515822651513
1686,1.535102369390925
1687,1.5810266353927196
1688,1.558543388277158
1689,1.5620299259616266
1690,1.5011264081554088
1691,1.514433486683957
1692,1.5252167828427654
1693,1.6084935484625633
1694,1.61630005897062
1695,1.6133082742180973
1696,1.5870782875064793
1697,1.5221485237863304
1698,1.5993366337786386
1699,1.542031150639643
1700,1.6059569393030648
1701,1.5157665870580734
1702,1.6039518855314896
1703,1.390369048286289
1704,1.4332670593298726
1705,1.428646909375874
1706,1.4712652945866929
1707,1.4601915405300803
1708,1.6760264196394188
1709,1.6031473134835459
1710,1.617576706271776
1711,1.476351309246207
1712,1.4355802125653805
1713,1.5367470140970658
1714,1.556498173584275
1715,1.7875509217102734
1716,2.048779898667852
1717,1.900181930578255
1718,2.3998142408056706
1719,2.5432024165515656
1720,2.5823244359634288
1721,2.950473735682637
1722,3.1039112969983425
1723,3.387216320389299
1724,4.0763994725266315
1725,4.233090294601269
1726,3.861603241489664
1727,3.797448742992128
1728,3.3623695349238707
1729,4.208126497147315
1730,5.254366914395213
1731,5.318951183203505
1732,5.53900314006619
1733,5.554479104007396
1734,5.819856743369206
1735,6.350562029105742
1736,6.050232047902097
1737,6.49453794675451
1738,6.220467920051883
1739,6.202651909724848
1740,6.131038390413624
1741,6.176561834187754
