,0
0,4.990171345943936
1,4.927260097233925
2,4.975931880497814
3,4.891079823141749
4,4.937083369568976
5,5.02369847310831
6,4.978276661106647
7,4.978764832925082
8,4.978764832925082
9,5.075039908479623
10,5.058767075783297
11,4.459946716433543
12,4.29130279665369
13,4.379847669474039
14,4.497255716157779
15,4.984323954975927
16,4.589100860382787
17,5.000818709948055
18,4.504154023593845
19,3.8206182413016982
20,3.555768305997249
21,3.8541681495348548
22,3.6662970834731663
23,3.6999343690944677
24,3.669683892359151
25,3.7090660587152873
26,3.837283657585217
27,3.669683892359151
28,3.1844346216171435
29,3.174964590193875
30,2.9131924799804736
31,3.0654512067148465
32,3.110817577050306
33,2.8729038638054507
34,2.818675322344887
35,2.8171340665571534
36,2.749440832799127
37,2.9116630497909433
38,3.1088374875464013
39,2.893859666466136
40,3.3677918550034627
41,3.143128252405983
42,3.2805032728101478
43,3.382320746904972
44,3.091726562418958
45,3.6974337663549575
46,3.9431775866104104
47,4.113913380184361
48,4.220646562911674
49,4.266670251958752
50,5.043643380776752
51,5.132457021937248
52,5.132298527503153
53,5.142137789308335
54,5.097622021926588
55,5.097622021926588
56,5.0122281767631875
57,5.060911618237964
58,5.046544283772794
59,5.019908838207007
60,5.072980825111835
61,4.439938529217912
62,5.005476742101643
63,5.13195428049622
64,4.3363631557412585
65,4.415820598690737
66,4.573360780385754
67,4.770928173232841
68,4.664943671842663
69,4.642104342685046
70,4.351182000701622
71,3.949014070119789
72,3.737156651835889
73,3.737156651835889
74,3.6516887998033924
75,3.8675231863837554
76,3.8701091530663443
77,3.747323940233496
78,3.9339236258486143
79,3.9551317333319957
80,3.5147377722063626
81,3.8585003517079453
82,3.6471384394269286
83,3.617668904983359
84,3.3204022609695865
85,3.784666807641866
86,4.184964450937155
87,4.060436580437438
88,4.261559124352881
89,3.846228063723245
90,4.261559124352881
91,4.640781056737769
92,4.582445147018001
93,4.878001067246807
94,5.194798138178407
95,5.194798138178407
96,5.236629709505517
97,5.1637610911305005
98,5.179569228729236
99,4.788397141048752
100,4.617493973229813
101,5.058924328391158
102,5.203898800663622
103,4.654903560907905
104,4.528887257324041
105,4.549851004533547
106,4.404926475909215
107,4.3316995175758635
108,3.414207136975834
109,3.5182674010740507
110,3.0683618472450163
111,3.1154628348929236
112,3.0459982333075737
113,2.924012100822758
114,2.9336610073057043
115,3.1379099233220766
116,3.1499307605896565
117,3.4575712352936354
118,3.3827907749871162
119,3.4100396128938493
120,3.1620210835365885
121,3.465841419098799
122,3.4712535229776456
123,3.665443595061029
124,3.7292580678433
125,3.628943818475837
126,3.719178027215104
127,3.649745755485737
128,3.7015957013145555
129,3.8927264952783176
130,4.0605202881055265
131,4.098176605750402
132,4.1934729304059655
133,4.510926497671629
134,5.135244842978962
135,5.135244842978962
136,5.135244842978962
137,5.090625450610138
138,5.141095610912692
139,5.053742069614672
140,4.9908308209046615
141,5.0884266700045355
142,5.025515421294525
143,5.025515421294525
144,5.102209671181412
145,5.102209671181412
146,5.13432950646155
147,5.143575673288235
148,5.185182770014429
149,5.185182770014429
150,5.063252849466626
151,4.984323954975927
152,5.105789004042255
153,4.1881285915693605
154,4.066663542503033
155,4.066663542503033
156,4.071995615964198
157,4.466507957824316
158,4.466507957824316
159,4.890031838189935
160,4.756515665975557
161,4.882210199256567
162,4.535368013037454
163,3.9983584539826786
164,3.990119561732897
165,4.219552675813771
166,3.3528154241691137
167,3.2669639286993353
168,3.2059266200745506
169,3.0288794178818135
170,3.2229546763529795
171,2.998703683361506
172,2.9281722621522546
173,2.7944550518546505
174,2.7321671507693237
175,2.794279390962809
176,2.4290663404751203
177,2.7941238429811337
178,2.8255398294814356
179,2.674423396643635
180,2.43827218986868
181,2.397607778323382
182,2.63212075132708
183,2.643534286056252
184,2.2482997516941
185,2.157673780261999
186,2.092342794318071
187,2.1528091994729035
188,2.3024702899078076
189,2.115415050862312
190,2.4727377144936273
191,2.455414341761099
192,2.4997293930968096
193,2.5460801808402143
194,2.726300609266771
195,2.6872435124173286
196,2.7541126252018477
197,2.995359025542859
198,2.861509747129902
199,2.8458376035824138
200,2.960129361465102
201,3.002310468699241
202,3.481780092778205
203,2.8682348012394185
204,3.3943756766793416
205,3.5451114160000183
206,3.4005017357431617
207,3.3297101942625997
208,3.335211230292694
209,3.0764553793010534
210,2.476287191828808
211,2.4279503222124834
212,2.486564752801153
213,2.4890270681845967
214,2.3245205302638388
215,3.067654253814042
216,2.841415962814836
217,2.9848493128575293
218,3.1088277528452806
219,3.091775534882542
220,2.9943046145275445
221,3.039125224195775
222,2.9580035478761952
223,2.954318950407852
224,2.580941509313711
225,2.9772427566865907
226,3.1738935343393067
227,2.5736885108022207
228,2.67786181369954
229,2.274838197517168
230,2.1265084208955978
231,2.1106410983766333
232,2.1410861875907816
233,2.0537412249519877
234,2.0685356863107627
235,2.083891435345128
236,2.0975299070282096
237,2.111420353687308
238,2.0891155614638874
239,2.0032331785263984
240,2.035678120785894
241,2.0458775667692732
242,2.0416269862893612
243,2.0024057641885697
244,2.0480464805522134
245,2.0142995044417358
246,1.9252082193349467
247,1.8469883308187764
248,1.8676205649290039
249,2.0937376729380137
250,1.951078134458107
251,2.0160527426163224
252,2.056509286161913
253,2.0833927833484864
254,2.1271114882565407
255,2.2959560389154263
256,1.9727959119342886
257,2.1192948199143267
258,2.011896223188898
259,1.702038812299291
260,1.6871349031882457
261,1.6340416975415197
262,1.674532601899304
263,1.8397727480684567
264,1.7338186277666658
265,1.75469479715808
266,1.6626732171895813
267,1.6993300597973129
268,1.735057001009627
269,1.76440656832693
270,1.7539037591792621
271,1.9722480787344874
272,1.7033591960209833
273,1.6601571140536722
274,1.633920894386477
275,1.5112166514249832
276,1.472258599971769
277,1.473932552448869
278,1.7298374741337386
279,1.4808002097940953
280,1.437139306920153
281,1.3639605800919155
282,1.3564242540417475
283,1.2950623056288635
284,1.3697707134335464
285,1.4272393040569382
286,1.417779024273643
287,1.5728021659380051
288,1.3743684063413433
289,1.4554996899224157
290,1.3809616586399143
291,1.471056649523088
292,1.1794499682254227
293,1.2141243520051612
294,1.2455616169556156
295,1.141052346092926
296,1.0784988544902343
297,1.0946702603501213
298,1.1605705919590719
299,1.5996801081429326
300,2.2543240900998125
301,1.8973487723619158
302,1.698705131438582
303,1.7216084020460773
304,2.2087074727420344
305,1.9068938789983187
306,2.1154295304264172
307,2.631521684231643
308,2.776972607689585
309,2.6422999316861095
310,2.576791385958554
311,2.5545231198067264
312,2.4250382593697655
313,1.841296341946438
314,1.8078784641494197
315,2.1013573522168456
316,2.084191463098766
317,1.7649034977184594
318,2.121967129116623
319,2.1979401261628038
320,2.476438436421454
321,2.37803038811202
322,2.4079690219598935
323,2.0763224520643515
324,2.039783856877401
325,2.106174867560808
326,2.1407050903901292
327,1.9276312004936473
328,1.9460412293738845
329,2.320838636130764
330,2.1542117142937305
331,2.17720577081458
332,1.9778926939856538
333,1.6845044491912435
334,1.7569825072489194
335,1.7953473736852612
336,1.8410344966234955
337,1.8513443184543956
338,1.8499128058708223
339,2.051833746870686
340,2.077263979907031
341,1.9777016145565305
342,2.266901711219332
343,2.516988208238171
344,2.551162044952062
345,2.6452891216730836
346,2.8022876122661975
347,2.909568742955671
348,3.1840572675099557
349,3.3568212388426235
350,3.2101414656801706
351,2.9745143931534828
352,3.2096879224197243
353,3.0822591302284663
354,2.8584586827478766
355,2.757352918681685
356,2.7286846167544563
357,2.575896787222256
358,2.4932240707879534
359,2.6579244053861224
360,2.564447788777137
361,2.536834849808388
362,2.5578058140370046
363,2.550943830683332
364,2.6564819606080006
365,2.8951051070734777
366,2.6144779205902595
367,2.753455151153617
368,2.8424255691145492
369,2.95339212369825
370,2.8093950763239355
371,3.0975493226155537
372,3.1900792181118764
373,2.9897934689512766
374,2.9184614061300453
375,3.0593993838619364
376,3.151256151649786
377,3.067821589207158
378,3.0445117759064715
379,3.0991848637501933
380,2.82229126662928
381,3.3776677043649914
382,3.421755775471901
383,3.409034883054578
384,3.5577493730825496
385,3.365267572962592
386,3.4307795758972723
387,3.334966728889888
388,3.3937060450714465
389,3.252307227670723
390,3.066181027634091
391,2.982104654212167
392,2.811621516564647
393,2.803053527522567
394,2.80940674686516
395,2.792730301991314
396,3.223104895411013
397,3.2099193940839226
398,2.9656490941868863
399,2.759996507310654
400,3.407884128082426
401,3.0722533599224358
402,2.9309818892790536
403,2.9325081491551326
404,2.739751370590317
405,2.7321874405803555
406,2.4599141586840547
407,2.450821331479746
408,2.5177480491835262
409,2.391626792632082
410,2.5638079294303084
411,2.442877895987554
412,2.3280417203914663
413,2.5323331221966243
414,2.624945306932092
415,2.3772652485691523
416,2.4145086840666026
417,2.4699716803761675
418,2.308031402426041
419,2.2903275442244118
420,2.17280077670816
421,2.2519355032482697
422,2.1257894225136815
423,2.069021853432023
424,2.049088143843875
425,1.9740526831151366
426,1.8667681794490834
427,1.635399084489218
428,1.6956957617038664
429,1.650224589732176
430,1.6428459590143443
431,1.6344109945807492
432,1.714309950512999
433,1.7621520282505871
434,1.706647273338061
435,1.679098418075818
436,1.6785083654699717
437,1.7077286793798205
438,1.623823824158872
439,1.6179884587630113
440,1.5962177708293712
441,1.447695597964491
442,1.9530313797867886
443,1.4756330312177761
444,1.584266590692481
445,1.4368137991755294
446,1.4356654120905281
447,1.1559387906551177
448,1.4079495308685464
449,1.4654951636428355
450,1.4069605529127958
451,1.4028186748356897
452,1.9604035992451594
453,2.2066633265582585
454,2.3415763963335134
455,2.508188855562427
456,2.3537696309497034
457,2.517307820600463
458,2.656483933050266
459,2.8349947857547217
460,2.724834656314142
461,2.8067194597662515
462,3.0425405181109704
463,3.0777800725144475
464,3.6967116316929505
465,3.830881265630931
466,3.8092440448573166
467,4.093714705486014
468,4.435782213504323
469,4.717083474520594
470,4.451432923397841
471,4.475146817140898
472,4.4481755753293415
473,4.134011572081756
474,4.42735342723994
475,3.6705072162407797
476,3.6480250041640145
477,3.274199070266994
478,3.4848715268495964
479,3.1052723806115807
480,3.0636914198741443
481,2.9932677861826145
482,2.911365064985733
483,2.8377683789497947
484,2.3727162063360425
485,2.411013016596065
486,2.2927299175992006
487,2.2495842384567886
488,2.1895928491384717
489,2.1901198267791093
490,2.245464757206818
491,2.522438465075254
492,2.9161849687319856
493,2.965592705448155
494,2.870662887661305
495,3.1401019901798555
496,3.3760200540892717
497,3.8017665826690834
498,4.091585794822515
499,3.7128877886535174
500,3.505328733666828
501,3.202523593646001
502,3.1659646029444732
503,3.0355342404143815
504,2.9056227606455844
505,2.46883100815015
506,2.7774038428450316
507,3.190666352903235
508,2.750374935899875
509,2.570821718268248
510,2.5810139110665644
511,2.433103160883803
512,2.696650196410648
513,2.3564359909551116
514,2.2768911517109216
515,2.107335220013754
516,2.1945891392803487
517,2.3393664608598246
518,2.2005009963340627
519,1.9146506479151546
520,1.9146506479151546
521,1.8375789858928753
522,1.5482545308952715
523,1.6647101590650073
524,1.600221158511928
525,1.5532571978696157
526,1.5239247298268597
527,1.6192226982258136
528,1.592325603876966
529,1.620515427253212
530,1.673487359739294
531,1.7105950568061454
532,1.8106746258931359
533,1.9608466817036
534,1.9821612453995774
535,2.049449406066679
536,2.0202886319689526
537,2.3464528094896027
538,2.703771385390213
539,2.517146031087624
540,2.4422765077051505
541,2.636942225308362
542,2.6850529773620333
543,2.7441822170972725
544,2.7441822170972725
545,2.6536128308694846
546,2.829599867346001
547,2.9497542464602304
548,3.4267087552898388
549,4.224012899611464
550,3.9210911034736613
551,3.9507479546611948
552,3.712083638388478
553,3.7623091755243716
554,3.618425250588838
555,3.6512983281796645
556,3.5277733777113127
557,3.378234279079998
558,3.37877049744546
559,3.4144036052058477
560,3.3554389415053163
561,3.367038942697447
562,3.9339622754983066
563,3.337327589845412
564,3.2669208115601025
565,3.412830063987187
566,3.475007791870975
567,3.5415975829245663
568,3.566317042497958
569,4.024982411361264
570,4.187277609339929
571,4.3589931253778715
572,4.164709907340424
573,4.311750833809195
574,3.6289070103724463
575,4.056818754653307
576,4.527299524855235
577,4.584977375692881
578,4.174225935586262
579,4.519174729386506
580,5.083362903128065
581,4.6459216812531
582,4.507449020261628
583,4.082422917196272
584,4.553926865737149
585,4.945502451307302
586,4.874972037218449
587,5.100138989187845
588,5.297476956808591
589,5.287744061744503
590,5.379963327404204
591,5.3014521293311025
592,5.299860926576742
593,4.748374386277198
594,3.7114442284440687
595,3.7078418311636154
596,3.7477465893768884
597,3.6563381456271062
598,3.6011407205467956
599,3.2835990415969425
600,3.1115181397774374
601,3.2032488065712386
602,3.238871095349601
603,3.2833778263389544
604,2.8397513101460223
605,2.830932882978553
606,3.018516491498718
607,2.1702531674114427
608,2.2287583765757297
609,2.188071508261346
610,2.1557151217257977
611,2.268271753043957
612,2.3061838334828626
613,2.212143170995296
614,2.2243645100822094
615,2.2116964193836597
616,2.0480584462862508
617,2.135112197248155
618,2.1764337734874966
619,2.4866711981803507
620,2.3182137683689423
621,2.2361971731205257
622,2.4865228228763248
623,2.4273193590600064
624,2.2693946723289584
625,2.3741570800694394
626,2.2432645833952183
627,2.402755196311589
628,2.463320300931639
629,2.4377211014201077
630,2.376835362795204
631,2.401246461649338
632,2.4196912318774637
633,2.5754044977399406
634,2.9026780472559377
635,2.9534063294824215
636,3.117613915045132
637,3.231370328716433
638,3.342439481945411
639,2.9987907127369913
640,3.0748381754555276
641,3.226082126500835
642,2.8223497865066114
643,2.874290052143498
644,2.5073307455949623
645,2.438427128878602
646,2.2686588146841413
647,2.233591918153506
648,2.1759990236845432
649,2.085145657027069
650,2.183810347259281
651,2.1172394432228274
652,2.0198157220911592
653,2.028127821562859
654,2.0489639574225764
655,1.9792593226580963
656,2.0005585788660336
657,1.9795066511999042
658,1.9205002860069145
659,1.954495827614466
660,2.07281205572256
661,2.3366832424513153
662,2.524357436988893
663,2.5730929480991405
664,2.6470659318383283
665,2.564663804640002
666,2.651411766739678
667,2.6363417816550805
668,2.66596798020449
669,2.5842522026294557
670,2.5983322122770907
671,2.5133074345999944
672,2.57203325130551
673,2.5339029618795856
674,2.5435999956936266
675,2.6468487984967255
676,2.61653923083537
677,2.5305819470326845
678,2.4583159028870663
679,2.3917542996694166
680,2.4054618259410336
681,2.6559958305277944
682,2.8525936666239544
683,3.304482200696947
684,3.412089672008913
685,3.412089672008913
686,3.6984929067636894
687,3.709323498868953
688,4.121094537637088
689,4.154373669132341
690,4.457157800912677
691,4.717083474520594
692,4.3726121928476145
693,4.137100311775735
694,3.9209990431551813
695,3.426806308309418
696,3.863824097352459
697,3.3750517326783385
698,3.390769824295911
699,3.087627891168508
700,3.097583757791965
701,2.990752884213914
702,2.965662753357522
703,2.989513902439701
704,2.7910296194348887
705,2.7782229759977053
706,2.6257102509016406
707,2.5318549830556596
708,2.476744752381083
709,2.3922906776041835
710,2.4075434914569978
711,2.2633453111079223
712,2.391436169729628
713,2.2919399764947332
714,2.2942849689293316
715,2.455933233632351
716,2.402172211789629
717,2.528123917596191
718,2.6117822158903117
719,2.6599422846850556
720,2.663020177002673
721,2.231361668566323
722,2.0049004239255144
723,2.0934976659927567
724,2.366789932357326
725,2.520678778571763
726,2.9115385264212676
727,3.3120258748454443
728,3.4073872405857086
729,3.498659883949332
730,3.621072594179488
731,3.118803461761895
732,3.502617622890589
733,3.3419390515042053
734,3.598210388943287
735,3.882874071531518
736,3.7435838621796718
737,3.6551883524445494
738,3.507397184608372
739,3.357082437073121
740,3.2166782075062006
741,3.4405948002565587
742,3.262379592198435
743,3.417870996132464
744,3.226747101237716
745,3.173673362721099
746,3.113320485272973
747,3.1894745439492556
748,3.323588458593252
749,2.9672250246547622
750,3.235825989928077
751,3.397722186968478
752,3.0539353689709725
753,3.2974648856963666
754,3.4801045576206775
755,3.4286083476425873
756,3.661329538230631
757,3.3714424903425075
758,3.2412914516890945
759,3.1139183341159695
760,3.6659446290937874
761,2.849005855405822
762,2.2792705820798456
763,2.2966272702410677
764,2.0323215651617295
765,2.0296617380460757
766,2.2174843035643934
767,1.9696423950491229
768,1.9351993938780276
769,2.0329582578309013
770,2.095865330484766
771,2.239599972253371
772,2.1532848169110896
773,2.127736309891021
774,2.369398109308153
775,2.2018736246688104
776,2.2203123444247646
777,2.2076228024438795
778,2.2419159845172976
779,2.632256232288001
780,2.338308557340847
781,2.699082022974897
782,2.284996854603709
783,2.171089600133187
784,2.2988907141714123
785,2.2838365546162724
786,2.3140908786809087
787,2.2967501304099858
788,2.349340104462774
789,2.406852721835647
790,2.090292357352844
791,2.2335259592967733
792,2.059055140822493
793,1.9301725569650345
794,2.082372898509515
795,1.915715312578931
796,1.8191338435107096
797,1.9790995972058416
798,1.9801137488877598
799,1.9797470479824042
800,2.0712216485474366
801,2.0817709532073665
802,2.181351341315262
803,2.2045505077642975
804,2.4357066671986445
805,2.331166021962554
806,2.338714487707301
807,2.6028789055124264
808,2.5481779498435033
809,2.585189785323895
810,2.583355182815214
811,2.633597717057964
812,2.76807050462759
813,2.611377180503998
814,2.573246891078074
815,2.5504278328734524
816,2.522463730841408
817,2.522463730841408
818,2.4111453610098534
819,2.0729073962506024
820,2.2268118456215475
821,1.975524734143414
822,1.981163160566615
823,2.1657399846238654
824,2.0453396432477406
825,2.0494065326073625
826,1.734939011081625
827,1.7299734375137676
828,1.6698412679398584
829,1.7788548504554953
830,1.6908313340490382
831,1.599094446248843
832,1.5986585853705797
833,1.5960177880149615
834,1.6237933974396532
835,1.5198798629568957
836,1.464388790664682
837,1.4249513515749348
838,1.4623263827562656
839,1.4993028507648933
840,1.3871648768932061
841,1.4686502352170014
842,1.4196123153760916
843,1.181568479043215
844,1.0322703338990094
845,1.0298892799777335
846,1.168553730137213
847,1.0229583292692546
848,1.0028559529867602
849,1.0237844896061128
850,1.047256318689759
851,0.9885999473941318
852,1.0066407076470931
853,1.1948675913886264
854,1.1979780261512945
855,1.4347035099250736
856,1.4850629778399993
857,2.2733015786945
858,2.304833591271662
859,2.2121666676264007
860,2.4335632143215196
861,2.472089880514518
862,2.6377008816855305
863,2.784306340015718
864,2.8284063374530986
865,3.051589952242746
866,3.608953048663589
867,4.063714651829835
868,4.330715428286286
869,4.441411109743253
870,4.452931548686461
871,4.519554724325612
872,4.625722979359954
873,4.986593833411337
874,4.719104163193255
875,4.446318737769829
876,4.024674650065799
877,3.5826196795989245
878,3.7788972641979943
879,3.3005460858729374
880,3.1968136393725226
881,3.4025163763014565
882,3.4231477897407143
883,3.631678012305477
884,3.517683721998261
885,3.6331749600884167
886,3.708204969322028
887,4.49892152093068
888,3.7493195868807785
889,3.9329297943450316
890,3.8346930748881984
891,3.7986934183524625
892,4.027596946652092
893,3.9872280066514505
894,4.101492891471988
895,4.0183846333034765
896,4.498111717751054
897,4.027780681567508
898,4.049035801974658
899,4.071648392493132
900,4.6499288833594425
901,4.6273997253751595
902,4.397559917761821
903,4.987772078538157
904,4.629387207832241
905,5.037770939575441
906,5.212043262399161
907,5.078738582500321
908,5.074577749148319
909,4.236494185601625
910,4.1690813124295785
911,4.389047764791649
912,3.872803097099531
913,3.57787788480664
914,3.5650897469781633
915,3.2594199500847805
916,3.2191491909161374
917,3.082128737281138
918,3.2769715480592727
919,2.8636827859737655
920,2.9684540539857003
921,3.272302349274479
922,2.8699561266203855
923,2.8478629562457627
924,3.0108407870063787
925,3.4129073291596748
926,3.278471070014469
927,3.072553193758574
928,3.233082872153106
929,2.9864960774187077
930,3.012752497909396
931,2.7864537134150185
932,2.6335381482359064
933,2.8907953918402436
934,3.2238143422767904
935,2.718114454192139
936,3.2863382446252536
937,2.6759096696599256
938,2.7864755402991364
939,3.270057887413965
940,2.9701384363889476
941,2.694914013140053
942,2.4684351615078586
943,2.460452207055906
944,2.7342228980358048
945,2.363656120300966
946,2.73039931641688
947,2.551694143080926
948,2.3598728075621747
949,2.393442634675199
950,2.683695329551426
951,2.716253854442113
952,2.162610464571409
953,2.334959218016696
954,2.289797619938292
955,2.2997443198992036
956,2.3719264471369024
957,2.3250806581537553
958,2.2885718539717215
959,2.456056699884648
960,2.352110802255468
961,2.326239364595079
962,2.3301727051481698
963,2.3719118020465557
964,2.4360368055221606
965,2.5958473099243884
966,2.6080884866348817
967,2.7421382274367545
968,2.700024147018597
969,2.383961508538679
970,2.3799613771403956
971,2.2905825927635766
972,2.2346435228900483
973,2.380654784804361
974,2.1278291313574935
975,2.46617592793385
976,2.3629837290606757
977,2.565774401263418
978,2.476499685426055
979,2.2849651196696787
980,2.4330506674145562
981,2.1639303172038176
982,2.468112942325724
983,2.2792231054341814
984,2.088176376388485
985,1.907976980290585
986,1.8457230946061778
987,1.8962844654003128
988,1.897435644120199
989,1.8114058228269065
990,1.6867424224009298
991,1.6832990947059179
992,1.686178518847367
993,1.5804496254901588
994,1.5363513704278733
995,1.5332191393837347
996,1.53918996254375
997,1.5854441786670772
998,1.526098310932053
999,1.4742008509060418
1000,1.50718602092796
1001,1.4734602681869502
1002,1.4815651787364772
1003,1.3238972852188655
1004,1.3224472378875822
1005,1.6346979570219742
1006,1.3547003458499292
1007,1.3131436273742507
1008,1.393287329319071
1009,1.434841610012135
1010,1.6517033354259996
1011,1.7249995108872633
1012,1.9370748882437459
1013,2.0528540796566883
1014,2.2405727760541017
1015,2.236957516194183
1016,2.217071478004853
1017,2.210639640571407
1018,2.1538764168378055
1019,2.2441554763109512
1020,2.0409169664171563
1021,2.019612248397152
1022,1.9945780923905958
1023,1.9934194685558755
1024,2.0100749340757766
1025,2.0071354317980155
1026,1.6662547805544166
1027,1.6667450182454182
1028,1.6846045900248674
1029,1.6519065572183451
1030,1.606433191919133
1031,1.6133532331661944
1032,1.6212421588933466
1033,1.566519034003587
1034,1.6140170004274839
1035,1.633077282338783
1036,1.48500702418483
1037,1.595721448625349
1038,1.6218313202957961
1039,1.480587224849437
1040,1.5454718899555142
1041,1.5954122946516431
1042,1.449389143634646
1043,1.3449578353274783
1044,1.4717314682652505
1045,1.4854518777959762
1046,1.3758508744277478
1047,1.6280642904252103
1048,1.4465826803770343
1049,1.807020803254772
1050,1.805435403211016
1051,2.0046862103951653
1052,2.268578313401802
1053,2.3020711731416346
1054,2.29863824739292
1055,2.21730406954469
1056,2.201203426840445
1057,2.2335353723615103
1058,2.4476170317673285
1059,2.8276173771975612
1060,2.3917184091292656
1061,3.0900767814305166
1062,2.9983105919980337
1063,2.829971229900554
1064,3.0939774973218572
1065,2.5595296887993544
1066,2.198338022247752
1067,2.298739511969765
1068,2.334014925646504
1069,2.183195591163591
1070,2.1656556562981164
1071,2.149218088585758
1072,2.128665008411962
1073,2.195211731605913
1074,2.1333229810562226
1075,1.7906438718556326
1076,1.9338497155898962
1077,1.78319793726114
1078,1.8045283762620792
1079,1.9256364483674877
1080,2.1102596398833096
1081,1.7721709831992587
1082,1.7434299532080584
1083,1.6747590592052526
1084,1.605364914151847
1085,1.6789376003840235
1086,1.7049435970692894
1087,1.651863187305346
1088,1.7748100703047724
1089,1.7518304409054104
1090,1.9128960527074403
1091,2.017115013500407
1092,1.878828674117024
1093,1.9154904707431042
1094,1.9806005323151064
1095,2.2129339394281464
1096,2.148884963138228
1097,2.1088593931203103
1098,1.9645593609077574
1099,2.059915077244275
1100,2.1430793625038964
1101,2.139496179718331
1102,2.2202518809624916
1103,2.1505548850201386
1104,2.382851138432068
1105,2.476632336783911
1106,2.465394638442508
1107,2.349879339050507
1108,2.376903480693234
1109,2.2323181869387927
1110,2.2033096128093614
1111,2.1521030990282592
1112,2.2100854242391788
1113,2.2172068700527414
1114,2.13135322972129
1115,2.0760685126741785
1116,2.1605982382564095
1117,2.205095288243947
1118,2.189716543190244
1119,2.094140792964572
1120,2.136625850547757
1121,2.1522164423717847
1122,2.1284155718590485
1123,2.0947529376934817
1124,2.1090991747065297
1125,2.082889255285329
1126,2.390383379837457
1127,2.2017762722165095
1128,2.24573973164418
1129,2.315227551610872
1130,2.8558768619634565
1131,2.5950789909344314
1132,2.889788426083513
1133,2.8021683279069434
1134,2.94715612139154
1135,2.9653248799632514
1136,2.9061902601970533
1137,2.934088907744715
1138,2.958465758963671
1139,2.939910539640779
1140,3.0808202025697335
1141,2.8021912372224156
1142,3.109399461267718
1143,3.11272675930666
1144,3.1975662877607505
1145,2.885222073581643
1146,2.884564728694529
1147,2.7896748530280036
1148,2.659316794330347
1149,2.8704809980797865
1150,2.9745577914118133
1151,2.7561777915948613
1152,2.3023958775833417
1153,2.7891323936865375
1154,3.0413473726213365
1155,3.0491013359881247
1156,3.08561309570493
1157,3.361264383940351
1158,3.2479260291462353
1159,3.3584154496525778
1160,3.5020547837090725
1161,3.178084887746428
1162,3.4751978248211546
1163,3.6140674231178083
1164,3.60978782520768
1165,3.803880677305802
1166,3.951018821605011
1167,3.5763007797861857
1168,3.491496330784183
1169,3.7080512410210305
1170,3.5490147192226225
1171,3.9006339211212775
1172,3.969009071486685
1173,3.6726317417418826
1174,3.975027187756094
1175,3.747806120913463
1176,3.451155485110409
1177,3.8578292788578343
1178,3.890059620261922
1179,3.9101466122125585
1180,4.355339163814387
1181,4.044430444235812
1182,4.482699849351482
1183,4.650895084043192
1184,4.7199650248361555
1185,4.9301435995619025
1186,5.05594045650502
1187,5.097306458611843
1188,5.097060824993809
1189,5.0607850218495845
1190,5.06762924032486
1191,5.01626925446784
1192,5.092963504354727
1193,4.88752936378311
1194,5.052928833721053
1195,5.098835399663107
1196,5.017346283524572
1197,5.082673639354017
1198,5.087358687766405
1199,5.235060822779321
1200,5.239905388123886
1201,5.235060822779321
1202,5.311450791823171
1203,5.27618119126811
1204,5.310931898822116
1205,5.38140413053777
1206,5.38140413053777
1207,5.38140413053777
1208,5.38140413053777
1209,5.372157963711085
1210,5.3374959410072655
1211,5.3374959410072655
1212,5.346719530147906
1213,4.545947484692203
1214,4.295013050839834
1215,4.295013050839834
1216,5.063943416805859
1217,4.373032723226542
1218,4.098174175624343
1219,4.082586944758987
1220,3.8504347573531095
1221,3.774238039009808
1222,3.1795926504780256
1223,3.5433154941831253
1224,3.5176685114412107
1225,3.6767817872182067
1226,2.9687411056481428
1227,2.9687411056481428
1228,2.9511423018086864
1229,2.9708692060105077
1230,3.14432957862649
1231,3.26680949848365
1232,3.1837270916830294
1233,2.9285201319304672
1234,3.137117138477202
1235,3.097016343555549
1236,2.978169831645836
1237,3.410668118873418
1238,3.4910438553739627
1239,3.416885846494615
1240,3.4410528221072205
1241,2.7651966789951734
1242,3.3232578564747963
1243,2.7987834044934345
1244,3.185574974784397
1245,3.545820092531572
1246,3.1419688342821814
1247,3.4209225248178723
1248,3.8593754584672144
1249,4.155056580575639
1250,4.620797816135572
1251,5.137293223963769
1252,5.102977116954164
1253,5.068780688382734
1254,5.103442711086553
1255,5.10894756332607
1256,5.090452473303297
1257,5.090452473303297
1258,5.126750854133566
1259,4.33505626918554
1260,4.1686055313482715
1261,3.909586375822137
1262,3.6878451689095333
1263,3.5924430025778946
1264,3.1163129179798275
1265,3.1636228204079653
1266,3.83673999229622
1267,2.8636123858484948
1268,3.0418487370951204
1269,2.9090670674235906
1270,3.09712177052859
1271,3.1024282575337385
1272,3.087101031528753
1273,2.8409683143525872
1274,2.8419387736505475
1275,2.7731109810209884
1276,2.6354182654978056
1277,2.8322571930989504
1278,3.091496257788896
1279,2.797670440894835
1280,3.391854939736562
1281,3.5403192305397457
1282,3.6619731622974543
1283,4.251241675150897
1284,4.679555422068558
1285,4.968180426704525
1286,5.0074631066845745
1287,4.624977316129212
1288,4.9161161616920435
1289,4.332849018600143
1290,4.154852361910199
1291,4.070437513656289
1292,4.037415185107646
1293,4.067665661842962
1294,4.037415185107646
1295,3.1380602606623103
1296,4.409507127063902
1297,4.48287583817979
1298,4.622774274762638
1299,3.6914959546906334
1300,3.4684468059945397
1301,3.231099717329626
1302,3.4554080522674413
1303,3.436711781972698
1304,3.906445400579297
1305,3.4524375502448246
1306,3.437754335099026
1307,3.3423172930175338
1308,3.252871323025057
1309,3.28422584480764
1310,3.4194688251114616
1311,3.3813534875247515
1312,3.566486696549971
1313,3.098112275965168
1314,3.198433272808634
1315,3.5317595952419034
1316,4.25957939550295
1317,5.204509874225378
1318,5.194552504560372
1319,5.235918506667196
1320,5.192356232830906
1321,5.145372800157807
1322,4.958716563060575
1323,4.532143122227085
1324,4.6855370467185535
1325,4.242239940398366
1326,3.8346641593581916
1327,3.4651547241878546
1328,3.245455345391641
1329,3.158907383171499
1330,2.9895441093137665
1331,2.707948616697297
1332,2.8281437610871385
1333,2.764870780534199
1334,3.0131317970371416
1335,3.1161629840175564
1336,3.2259309689816895
1337,3.027676996787863
1338,3.196318956185878
1339,3.3813161917142542
1340,3.338654960875236
1341,3.3751583507426806
1342,3.255419402084863
1343,3.366487855947233
1344,3.1932743499387195
1345,3.068404808523857
1346,3.09979473269329
1347,2.8804335243148986
1348,2.8180673345097857
1349,2.7040022712932035
1350,2.7325316068829175
1351,2.6254877686635627
1352,2.4435519324671513
1353,2.2398616588122118
1354,2.227380825659157
1355,2.2460474774407486
1356,2.2355752997689136
1357,2.4763258574810445
1358,2.8120240755603545
1359,2.9955888130581108
1360,2.9919650411479273
1361,3.460178603762216
1362,2.9971684048820224
1363,3.4122739581260855
1364,3.3542695074669737
1365,3.875748462928456
1366,4.1789325376864745
1367,4.1235510537729505
1368,4.20287551725155
1369,4.381122590911293
1370,4.404628220102849
1371,4.576495382751788
1372,4.926662530880635
1373,5.100582820275144
1374,5.090625450610138
1375,5.089011670169731
1376,5.089011670169731
1377,5.061791224438749
1378,5.025515421294525
1379,5.025515421294525
1380,5.025515421294525
1381,5.060095852151077
1382,5.143575673288235
1383,5.143575673288235
1384,5.17985147643246
1385,5.17985147643246
1386,5.070892980193703
1387,5.230704739985338
1388,5.281782478139134
1389,5.2455066749949095
1390,5.280776275549971
1391,5.30841792370492
1392,5.30841792370492
1393,5.30841792370492
1394,5.30841792370492
1395,5.299171756878235
1396,5.184881967057509
1397,4.7076448864754195
1398,5.143761598568719
1399,4.77180850396833
1400,4.686613523771779
1401,4.60043432805108
1402,4.72970474954222
1403,4.666117421371359
1404,3.479454945487089
1405,3.9339990940707534
1406,3.349016395573996
1407,3.7876924723315155
1408,3.73359594966244
1409,3.4142745937728853
1410,3.2954491792249603
1411,3.271353658926718
1412,3.1556327428824145
1413,3.237321536007252
1414,3.3739089921088956
1415,3.320331624872748
1416,3.147869482520784
1417,3.431196710147358
1418,3.1416094408937507
1419,3.1363768701932817
1420,3.0983731972241837
1421,2.9460266165794717
1422,3.136671305655166
1423,2.977658976529004
1424,3.1750308483641274
1425,3.3478484643625612
1426,2.7769834411743415
1427,2.988504293448689
1428,3.1114669844571243
1429,2.6995090057666347
1430,2.6121100448474137
1431,2.9641521762773775
1432,2.3422691011902206
1433,2.2841861437776543
1434,2.745529660998164
1435,2.852801982890384
1436,3.5165799839694274
1437,3.8409063304100983
1438,3.724693268510292
1439,4.130681260572252
1440,3.873975501874814
1441,3.481047189021231
1442,3.377432217630931
1443,3.4466568525875054
1444,3.2690983898564925
1445,2.916670405082751
1446,2.336008992763358
1447,2.8358491955621647
1448,2.5064400054769123
1449,2.311227276328212
1450,2.5016501077131
1451,2.9350745261626408
1452,3.3039035943761266
1453,3.5881717616834403
1454,4.1365890265385605
1455,4.102016445879393
1456,4.044890877437579
1457,4.071021263117439
1458,3.9640214083246246
1459,3.501263226825326
1460,3.728195875569741
1461,3.6849390343020976
1462,4.154418563144441
1463,4.439850118271399
1464,3.4659876248287693
1465,3.5228052257218856
1466,4.226610205974002
1467,3.9381950129193637
1468,4.0282617747727425
1469,4.122901266746165
1470,3.5002942509232895
1471,3.4906294741944977
1472,3.269124019246451
1473,3.2299382487875676
1474,3.142050380134968
1475,3.185558176954245
1476,3.2809546627234893
1477,3.5882833754872157
1478,3.646040348861048
1479,3.2147792302931935
1480,3.4858398998958178
1481,3.4280032646259913
1482,3.2350517754986514
1483,3.2957653322907476
1484,2.8679087291812957
1485,2.922282013477895
1486,2.967417889022334
1487,3.412757589962827
1488,2.7402752024109747
1489,2.856883841971121
1490,2.722154699875651
1491,2.2844293459887623
1492,2.4153092747362366
1493,2.561345067196812
1494,2.3059390794721226
1495,2.3969077355522255
1496,2.328918910768691
1497,2.3222597386571437
1498,2.182916133137386
1499,2.186273751019911
1500,2.114044274018887
1501,2.155890609651924
1502,1.933199682955
1503,1.9806502072002583
1504,1.7813512594874523
1505,1.7099461206365643
1506,2.069282374682048
1507,2.5243001936793643
1508,2.5125564082238503
1509,2.613233249261772
1510,2.7361103932612454
1511,2.8213248232857464
1512,2.8173230311470467
1513,2.959852275174369
1514,3.1724114736268154
1515,2.963609219581131
1516,3.6340964799859696
1517,4.07646391043697
1518,4.358545138019803
1519,4.358545138019803
1520,4.455130059828791
1521,4.651161281000461
1522,4.73941166588008
1523,4.73941166588008
1524,4.651161281000461
1525,4.64125752384049
1526,4.64125752384049
1527,4.890127667044609
1528,5.0623762246039465
1529,4.572000210572506
1530,4.901935061293057
1531,4.501400824980669
1532,4.663605052829456
1533,4.1766876677324065
1534,4.66436872203023
1535,4.437564603239334
1536,4.3866877205278225
1537,4.6655391794534955
1538,3.588342635450953
1539,4.197717403963302
1540,3.5946342655319117
1541,3.5085101948221817
1542,3.083464754499446
1543,2.9505197858809407
1544,2.8184243566529967
1545,2.798180647483591
1546,2.415177593500089
1547,2.4259514412138663
1548,2.2645631902170567
1549,2.174526818559918
1550,2.1350624153448603
1551,2.3874995051717414
1552,2.265114552775512
1553,2.5614654114522843
1554,2.5572687881446585
1555,2.5778611632380737
1556,2.3644559384226738
1557,2.4050908418040455
1558,2.106072901121467
1559,2.0842410404432137
1560,2.076845319359127
1561,2.007318716793123
1562,2.053910144175394
1563,2.0856622205765447
1564,1.9464489020126368
1565,1.8927173769452845
1566,2.057350109051086
1567,1.9698003640619959
1568,2.038825813042352
1569,2.104500306791126
1570,2.0377148409969785
1571,2.0017683655422447
1572,1.8923603507308961
1573,2.038254731219742
1574,2.1510523042915595
1575,2.0412054785960447
1576,2.023636622339499
1577,2.142465351764906
1578,2.056268863634733
1579,2.056268863634733
1580,2.077908270627495
1581,2.18599707269951
1582,2.139569460998845
1583,2.1413515959179295
1584,2.1570650029959313
1585,2.150111039003223
1586,2.1075127000755667
1587,2.126068012885894
1588,2.0924281136094005
1589,2.095518843683622
1590,2.038554216342737
1591,2.157414826519252
1592,2.129152107068329
1593,2.2806522393662463
1594,2.1325366008057944
1595,2.1541760077985566
1596,2.1648641817939898
1597,2.1241554516913075
1598,2.1666060048217624
1599,2.2346719254014964
1600,2.2358493094829157
1601,2.332501609920285
1602,2.322297401542975
1603,2.3094972611007396
1604,2.501597262655508
1605,2.54252738355866
1606,2.652970577859527
1607,2.5778479923751747
1608,2.6193741049539194
1609,2.784840629023972
1610,2.7212756809518863
1611,2.6776046151708823
1612,2.933711501695863
1613,2.7059000523161867
1614,2.7299267855914793
1615,2.774531248266132
1616,2.8142335987248557
1617,2.940387435662382
1618,2.940387435662382
1619,2.9922110624557137
1620,2.9765834478668745
1621,2.9765834478668745
1622,3.681432885105804
1623,3.6222496113875278
1624,3.76522115567546
1625,4.530879842083716
1626,5.097060824993809
1627,5.097060824993809
1628,4.971263968050692
1629,4.656760834354182
1630,4.597993103004558
1631,4.580370865310333
1632,4.588240000151376
1633,4.629606002258201
1634,4.713696928498532
1635,4.471107771504826
1636,3.6757033317751135
1637,3.5633567778832385
1638,3.1645612179956064
1639,2.9334577859808246
1640,2.828737322936283
1641,2.496519077035702
1642,2.359027051848228
1643,2.3613034081287174
1644,2.2109638782556122
1645,2.2795549938277984
1646,2.2329716401716198
1647,2.158129124172298
1648,2.1082804953626506
1649,2.4112028904854284
1650,2.6990431900559977
1651,2.9314196268315014
1652,2.9521385526309327
1653,3.282398589995339
1654,3.355698968992659
1655,3.3609195570852077
1656,3.3845074083612436
1657,3.574584220023675
1658,3.744587899850287
1659,3.696620624214542
1660,3.8821346650727993
1661,3.631539632563521
1662,3.209041309459063
1663,3.61666706866293
1664,4.004305672958076
1665,4.02904193108601
1666,3.995812106524607
1667,3.9918068191869986
1668,4.132006717673128
1669,4.138746980067862
1670,4.138746980067862
1671,3.756307687738618
1672,3.5321247415814594
1673,3.746714441245113
1674,3.92013173319362
1675,3.4546032921114747
1676,3.321128527214195
1677,3.0541935159959333
1678,2.7095420018513137
1679,2.811777740782538
1680,2.777546083162511
1681,2.7409180436609604
1682,2.3617942593786845
1683,2.3334994401431195
1684,2.3002983834913464
1685,2.344843521952329
1686,2.2360152737354557
1687,2.1418604630772196
1688,2.3092270662365006
1689,2.10406049561065
1690,2.259024915977426
1691,2.051273427019531
1692,2.0301361563977185
1693,1.747854510642457
1694,1.9757161067612565
1695,1.6773368565740667
1696,1.7731325740984758
1697,1.7739544703789383
1698,1.7685441180224275
1699,1.8593905566937396
1700,2.0172569929935484
1701,1.8516546993551324
1702,1.6804700338886052
1703,1.6677351470045596
1704,1.6672262432259626
1705,1.6669803248865356
1706,1.589141280431441
1707,1.5826182494964804
1708,1.539332477723596
1709,1.5106852463847187
1710,1.5450175150988834
1711,1.505430554523289
1712,1.5537770644851852
1713,1.3576264470515211
1714,1.549156274445436
1715,1.3636039623129501
1716,1.366778720227953
1717,1.438068110130982
1718,1.5841438592778216
1719,2.0132799049019474
1720,2.688841516437481
1721,3.6995368990754165
1722,3.7953126005670317
1723,3.321464769707235
1724,3.656074622936701
1725,3.3143206350485426
1726,2.825332274751965
1727,2.647916250220243
1728,2.6636086787648288
1729,2.4011665723328717
1730,2.412457827660825
1731,2.2421264064532185
1732,2.374746724876436
1733,2.2984956546792876
1734,2.200072428270515
1735,2.089040881461806
1736,2.2362940127832123
1737,2.1859728467067447
1738,2.4061645574281303
1739,2.7265154947155006
1740,2.771443059926259
1741,2.938180918316895
1742,3.2444360997890254
1743,3.8845676984993687
1744,4.099694517078485
1745,4.101032993917428
1746,4.29276006528055
