,0
0,1.5510555555555552
1,1.4366111111111106
2,1.7153333333333332
3,1.5403888888888884
4,1.5522222222222215
5,1.5521666666666663
6,1.560444444444444
7,1.5423888888888888
8,1.63
9,1.7766111111111111
10,1.6124444444444441
11,1.6381111111111113
12,1.3676666666666673
13,1.3910555555555555
14,1.349722222222223
15,1.3250000000000004
16,1.4083333333333332
17,1.413111111111111
18,1.414
19,1.3320000000000005
20,1.2008888888888891
21,1.2073333333333338
22,1.3231111111111118
23,1.2218888888888895
24,1.1171111111111116
25,1.0201111111111112
26,0.9876666666666666
27,0.8961666666666664
28,0.8646666666666668
29,0.9562222222222222
30,0.8925000000000001
31,0.8672777777777779
32,0.8608888888888888
33,0.8623888888888886
34,0.8223333333333337
35,0.8488333333333334
36,0.8165555555555559
37,0.7736111111111116
38,0.7946111111111115
39,0.8014444444444448
40,0.7703333333333336
41,0.7897777777777781
42,0.7774444444444448
43,0.7889444444444448
44,0.8052222222222226
45,0.7997222222222226
46,0.7772777777777782
47,0.7955555555555561
48,0.8600555555555555
49,0.7816111111111116
50,0.8457222222222223
51,0.8192777777777781
52,0.8406111111111113
53,0.8392777777777779
54,0.8223333333333337
55,0.966111111111111
56,1.1411111111111114
57,1.1581111111111115
58,1.1677777777777782
59,1.2061111111111116
60,1.3597222222222225
61,1.4738333333333329
62,1.737944444444444
63,1.8639444444444448
64,2.2116666666666682
65,2.198166666666668
66,2.503722222222222
67,2.2324444444444453
68,2.478
69,2.1957777777777787
70,1.959000000000001
71,1.9383888888888894
72,1.877055555555556
73,1.720944444444444
74,1.6372777777777774
75,1.5482777777777774
76,1.5787777777777776
77,1.5380555555555557
78,1.5427777777777776
79,1.537222222222222
80,1.4229444444444437
81,1.4451666666666663
82,1.5402222222222222
83,1.3742222222222225
84,1.2403333333333342
85,1.459444444444444
86,1.373388888888889
87,1.548222222222222
88,1.5489999999999995
89,1.5973888888888885
90,1.5027777777777775
91,1.4109999999999998
92,1.5846666666666662
93,1.9466111111111122
94,2.246388888888889
95,2.223222222222223
96,1.9888888888888898
97,1.9103888888888896
98,1.9551666666666674
99,1.9042222222222227
100,2.0025000000000004
101,2.020611111111112
102,1.9110555555555562
103,1.8663333333333334
104,1.5646666666666662
105,1.6399999999999997
106,1.5482777777777772
107,1.4957222222222222
108,1.6093888888888892
109,1.5290555555555554
110,1.921055555555556
111,1.9780555555555561
112,2.0092222222222222
113,2.2140000000000004
114,2.2933333333333343
115,2.532222222222222
116,2.5357777777777777
117,2.528333333333333
118,2.728555555555556
119,2.953333333333334
120,2.5222222222222226
121,2.5001666666666673
122,2.720666666666668
123,2.8087777777777787
124,2.7810000000000006
125,2.4813888888888886
126,2.658222222222222
127,2.775777777777779
128,3.0895
129,2.7575
130,3.085222222222223
131,3.0222777777777785
132,3.087000000000001
133,2.96988888888889
134,2.929555555555556
135,3.0758333333333345
136,3.0887222222222226
137,3.3404444444444445
138,3.76311111111111
139,4.074222222222222
140,4.505333333333333
141,4.504666666666667
142,4.548055555555558
143,4.526666666666667
144,4.868888888888888
145,4.879888888888887
146,4.918388888888889
147,4.9401111111111105
148,4.907888888888888
149,4.905166666666666
150,4.889444444444444
151,4.90011111111111
152,4.7812777777777775
153,4.766500000000001
154,4.812000000000001
155,4.567444444444445
156,4.723833333333333
157,4.650722222222222
158,4.562055555555554
159,4.2815
160,4.097666666666666
161,4.157166666666666
162,4.215277777777777
163,4.819833333333332
164,4.77888888888889
165,4.618166666666667
166,4.483833333333336
167,4.409833333333336
168,4.594111111111112
169,4.157277777777778
170,4.007555555555556
171,3.90311111111111
172,4.401222222222223
173,3.7760555555555544
174,2.918444444444443
175,2.8023888888888893
176,3.069833333333333
177,3.1010555555555555
178,3.090888888888889
179,3.0995000000000004
180,3.088166666666667
181,2.8904444444444453
182,2.9355555555555557
183,3.0890555555555554
184,2.8744444444444457
185,2.529
186,2.687833333333333
187,3.070666666666667
188,3.0785555555555555
189,3.105777777777777
190,3.2531111111111115
191,3.084611111111111
192,3.090444444444444
193,2.9497222222222224
194,2.946944444444444
195,2.9442222222222223
196,2.804277777777778
197,2.5005555555555556
198,2.5132222222222222
199,2.5036111111111112
200,2.2281111111111116
201,2.1837222222222232
202,2.1753333333333345
203,2.1618888888888903
204,2.161944444444446
205,2.449333333333334
206,2.1912222222222226
207,2.1652777777777787
208,2.2270000000000003
209,2.1797222222222232
210,2.1717777777777787
211,2.5132777777777777
212,2.1191666666666666
213,1.8546111111111114
214,1.825888888888889
215,1.8683333333333338
216,1.8590000000000002
217,1.8308333333333335
218,1.8706111111111117
219,1.8561666666666672
220,1.9148333333333336
221,1.8071666666666668
222,1.7846111111111111
223,1.6307777777777777
224,1.5572222222222216
225,1.5741111111111106
226,1.5385555555555555
227,1.4122222222222216
228,1.531277777777778
229,1.624722222222222
230,1.6126666666666667
231,1.684722222222222
232,1.9079444444444453
233,1.981888888888889
234,2.247500000000001
235,2.5450555555555554
236,2.5581111111111112
237,2.7662777777777787
238,2.6357222222222227
239,2.6911666666666676
240,2.2123333333333344
241,2.184333333333335
242,2.1732222222222233
243,2.458833333333333
244,2.4894999999999996
245,2.8902222222222234
246,2.8872777777777787
247,2.508
248,2.4592222222222224
249,2.1781666666666677
250,2.148166666666668
251,2.1521666666666674
252,1.9126111111111113
253,1.9416111111111116
254,1.844277777777778
255,1.9353888888888895
256,1.849388888888889
257,1.923666666666667
258,2.0115555555555567
259,2.169277777777779
260,2.4836666666666667
261,2.556666666666666
262,2.6797222222222223
263,2.8813888888888894
264,2.947555555555556
265,2.8912777777777783
266,2.83888888888889
267,3.085666666666667
268,2.9526666666666683
269,2.7874444444444455
270,3.028166666666667
271,3.363111111111111
272,3.264166666666666
273,3.3662777777777775
274,3.588944444444444
275,3.510944444444444
276,3.1090555555555555
277,2.7995555555555565
278,3.084944444444445
279,2.8183333333333342
280,2.5167222222222225
281,2.4799444444444445
282,2.4661666666666666
283,2.1935555555555566
284,2.4506666666666663
285,2.176500000000001
286,1.9379444444444451
287,2.1787777777777793
288,1.9185000000000003
289,1.9081111111111118
290,2.1676666666666677
291,1.8517777777777777
292,2.154222222222223
293,2.1002777777777784
294,1.8106111111111112
295,1.6588888888888884
296,1.5682222222222217
297,1.5326111111111107
298,1.532944444444444
299,1.3737222222222223
300,1.3477777777777786
301,1.4727777777777775
302,1.3590000000000004
303,1.5687777777777776
304,1.4024444444444442
305,1.3980555555555558
306,1.424944444444444
307,1.2275000000000003
308,1.3245000000000005
309,1.1397222222222223
310,1.1191666666666669
311,1.2003888888888894
312,1.0788888888888888
313,0.9924999999999997
314,0.9869444444444444
315,0.9674444444444443
316,0.9445555555555555
317,0.9847777777777779
318,0.9718888888888888
319,0.864388888888889
320,0.9414444444444443
321,0.8754999999999998
322,0.8272222222222225
323,0.804166666666667
324,0.7514444444444449
325,0.7639444444444446
326,0.7926666666666671
327,0.8030000000000004
328,0.7687777777777782
329,0.7170000000000003
330,0.7021111111111112
331,0.7014444444444446
332,0.6585000000000002
333,0.6544444444444447
334,0.6756666666666667
335,0.6348333333333336
336,0.677388888888889
337,0.6020000000000002
338,0.6277222222222223
339,0.6011111111111113
340,0.5934444444444448
341,0.625777777777778
342,0.6511111111111113
343,0.6650000000000001
344,0.6627777777777778
345,0.7247777777777781
346,0.7947777777777781
347,0.8119444444444449
348,0.8493888888888889
349,0.6986666666666669
350,0.674777777777778
351,0.7918333333333338
352,0.7955000000000005
353,0.8244444444444449
354,0.8566666666666666
355,0.964722222222222
356,0.952722222222222
357,0.9576111111111109
358,0.9864999999999998
359,1.1073333333333333
360,1.115388888888889
361,1.3385000000000002
362,1.2833333333333337
363,1.195722222222223
364,1.020777777777778
365,1.039111111111111
366,1.0892222222222223
367,1.0211111111111113
368,1.0238333333333334
369,0.9778333333333334
370,0.9717222222222222
371,0.8041111111111114
372,0.7794444444444447
373,0.7163888888888891
374,0.761666666666667
375,0.7095000000000001
376,0.7093333333333335
377,0.7165555555555558
378,0.7361111111111115
379,0.6969444444444446
380,0.7585555555555559
381,0.6979444444444445
382,0.7520000000000003
383,0.7541111111111115
384,0.7861111111111114
385,0.7727222222222226
386,0.6981111111111112
387,0.679388888888889
388,0.6820555555555557
389,0.6761111111111113
390,0.6517222222222224
391,0.6724444444444445
392,0.5893333333333336
393,0.5649444444444446
394,0.5588333333333335
395,0.563388888888889
396,0.5622222222222224
397,0.5821111111111112
398,0.5928888888888891
399,0.5874444444444447
400,0.6928333333333335
401,0.6925555555555557
402,0.6863888888888889
403,0.7032777777777781
404,0.7075555555555558
405,0.784
406,0.9799444444444443
407,1.2848333333333342
408,1.6576111111111111
409,2.375055555555556
410,2.6017777777777775
411,2.5694999999999992
412,2.540722222222222
413,2.9545555555555563
414,2.5789444444444443
415,2.6224999999999996
416,2.5328888888888885
417,2.219833333333334
418,2.4691111111111104
419,2.498333333333332
420,2.4523888888888887
421,2.173666666666668
422,2.6016666666666657
423,2.5133888888888896
424,2.8919444444444458
425,2.8301111111111115
426,2.7897222222222218
427,2.496277777777778
428,2.7831666666666677
429,3.0856111111111115
430,3.051777777777778
431,3.0376666666666674
432,3.383611111111111
433,3.081722222222222
434,3.210944444444444
435,3.0490555555555563
436,3.3157222222222216
437,3.250833333333334
438,3.1597222222222214
439,3.319944444444444
440,3.7996111111111106
441,4.063888888888887
442,4.486111111111112
443,4.449777777777779
444,4.690444444444446
445,4.496777777777779
446,4.076722222222221
447,4.413611111111112
448,4.260777777777777
449,4.069500000000001
450,3.8436666666666657
451,3.8096111111111113
452,4.148944444444443
453,4.084388888888888
454,4.040777777777778
455,4.400833333333333
456,4.693666666666668
457,4.463333333333334
458,4.113833333333334
459,4.087388888888888
460,3.9668333333333328
461,3.705833333333332
462,3.629277777777778
463,3.387388888888889
464,3.1083333333333325
465,3.0886666666666662
466,3.333500000000001
467,3.5717222222222205
468,3.2302777777777774
469,3.588444444444444
470,3.5932777777777765
471,3.1365000000000003
472,3.3536666666666672
473,3.209166666666665
474,3.0962777777777775
475,2.7058888888888886
476,3.0835555555555545
477,3.1544999999999987
478,2.842944444444444
479,3.0370555555555545
480,3.0876111111111104
481,3.0842777777777775
482,2.8977222222222223
483,3.060055555555555
484,2.6903888888888883
485,2.8818333333333332
486,2.492166666666667
487,2.4686666666666666
488,2.169500000000001
489,2.4637777777777776
490,2.771666666666667
491,2.1877222222222232
492,2.1587777777777792
493,2.1507222222222233
494,2.14288888888889
495,2.1457222222222234
496,2.136722222222223
497,1.816111111111111
498,1.932944444444445
499,2.106277777777779
500,2.1972777777777788
501,2.1834444444444454
502,2.473111111111111
503,2.179000000000001
504,2.021055555555556
505,1.936611111111112
506,1.7282777777777771
507,1.9161111111111113
508,1.8409444444444447
509,1.7273888888888884
510,1.812388888888889
511,1.7331111111111108
512,1.9572777777777786
513,2.174222222222223
514,2.1762777777777793
515,2.162666666666668
516,1.902833333333334
517,1.8842222222222231
518,1.9526111111111117
519,1.975222222222223
520,1.959222222222223
521,1.9392222222222228
522,1.9462777777777784
523,1.9367222222222231
524,1.9008888888888895
525,1.7039999999999995
526,1.7916666666666665
527,1.949000000000001
528,1.9486111111111115
529,1.9484444444444446
530,2.0025555555555563
531,1.9355000000000009
532,1.9415555555555561
533,1.8561111111111117
534,1.8705555555555557
535,1.8411111111111114
536,1.8701111111111117
537,1.657222222222222
538,1.605722222222222
539,1.8857222222222227
540,1.7865555555555557
541,1.6071666666666662
542,1.6175000000000002
543,1.8263888888888895
544,1.902166666666667
545,1.8355000000000006
546,1.7385555555555554
547,1.9011111111111116
548,1.8411666666666675
549,1.9440555555555563
550,1.7491111111111113
551,1.6433333333333335
552,1.6146666666666667
553,1.6598888888888887
554,1.5934999999999997
555,1.4961666666666664
556,1.474555555555555
557,1.459611111111111
558,1.4214444444444443
559,1.2202777777777787
560,1.2037777777777785
561,1.1207777777777779
562,1.1293888888888892
563,1.1096111111111113
564,1.1054444444444445
565,1.0182222222222224
566,0.9988333333333332
567,1.1912777777777779
568,1.2005555555555558
569,1.1998333333333338
570,1.1566111111111113
571,1.2037777777777785
572,1.3262222222222224
573,1.321166666666667
574,1.4453333333333336
575,1.8550000000000002
576,1.8737777777777784
577,1.6840555555555556
578,1.689388888888889
579,1.6094444444444447
580,1.5916666666666668
581,1.4927777777777775
582,1.4817777777777774
583,1.5933888888888892
584,1.6765555555555554
585,1.7941111111111112
586,1.954444444444445
587,1.9735000000000005
588,1.8125555555555557
589,1.7554444444444444
590,1.780388888888889
591,1.936000000000001
592,1.9644444444444449
593,2.0157222222222226
594,2.023166666666667
595,2.2500555555555564
596,2.017055555555556
597,2.0142777777777785
598,2.0567777777777776
599,2.257277777777779
600,2.0157222222222226
601,2.0270000000000006
602,1.9623888888888894
603,1.9490000000000003
604,1.9441111111111118
605,1.9043888888888891
606,1.7697777777777777
607,1.9493888888888895
608,1.7797777777777777
609,1.6644444444444444
610,1.6719444444444445
611,1.9013888888888892
612,1.7354444444444443
613,1.7542222222222221
614,1.698388888888889
615,1.6100555555555554
616,1.7751666666666666
617,1.5694999999999995
618,1.5118333333333331
619,1.584944444444444
620,1.458222222222222
621,1.368888888888889
622,1.3480555555555556
623,1.3205000000000005
624,1.3200000000000007
625,1.2090000000000003
626,1.4327222222222218
627,1.6268333333333334
628,1.5971666666666666
629,1.3735000000000004
630,1.4495555555555553
631,1.3255555555555558
632,1.3568888888888893
633,1.3115555555555563
634,1.328722222222223
635,1.2151666666666672
636,1.2173333333333338
637,1.2885555555555557
638,1.1297222222222225
639,1.0898333333333337
640,0.9977222222222221
641,0.9852777777777777
642,1.0158888888888888
643,0.9706666666666667
644,0.9985
645,0.9634444444444443
646,0.968611111111111
647,0.9434999999999999
648,0.9411666666666665
649,0.8636666666666666
650,0.7745000000000003
651,0.7426111111111117
652,0.7413888888888893
653,0.6922222222222224
654,0.6966111111111113
655,0.7683888888888891
656,0.7617222222222225
657,0.767166666666667
658,0.7220000000000002
659,0.7530555555555559
660,0.7941111111111114
661,0.8158888888888893
662,0.8188888888888893
663,0.8050000000000005
664,0.900333333333333
665,0.9966666666666666
666,1.3476666666666672
667,1.5574444444444442
668,1.4616111111111108
669,1.364666666666667
670,1.5194999999999996
671,1.3632777777777783
672,1.4322777777777775
673,1.3417777777777782
674,1.3387777777777783
675,1.4988333333333326
676,1.4066111111111115
677,1.1308333333333336
678,1.0893333333333335
679,0.9728333333333332
680,0.8249444444444446
681,0.894111111111111
682,0.9617777777777777
683,1.0516666666666665
684,1.3198333333333339
685,1.3877222222222225
686,1.5924444444444448
687,1.6011111111111112
688,1.4795555555555562
689,1.5338888888888886
690,1.6558333333333333
691,1.6297222222222223
692,1.6517777777777776
693,1.6267777777777774
694,1.6442222222222223
695,1.6072222222222223
696,1.6445555555555555
697,1.6142777777777777
698,1.7487777777777778
699,1.609111111111111
700,1.7953333333333334
701,1.575833333333333
702,1.5948333333333329
703,1.5583888888888884
704,1.6916666666666667
705,1.5958333333333328
706,1.3785555555555555
707,1.3429444444444445
708,1.3530555555555557
709,1.357166666666667
710,1.3647777777777779
711,1.4106666666666665
712,1.4355
713,1.409888888888889
714,1.3414444444444444
715,1.354444444444445
716,1.3320000000000005
717,1.152555555555556
718,1.1480000000000004
719,1.195444444444445
720,1.1971111111111115
721,1.1988888888888893
722,1.029111111111111
723,1.0287222222222223
724,0.9844444444444445
725,0.9746666666666665
726,0.9435555555555554
727,0.9801111111111109
728,0.9814999999999999
729,1.0321111111111112
730,1.092388888888889
731,1.109777777777778
732,1.2056666666666673
733,1.2620000000000002
734,1.2271111111111115
735,1.2705000000000004
736,1.3993888888888892
737,1.4918888888888895
738,1.5883333333333334
739,1.665833333333333
740,1.6646666666666665
741,1.6324444444444444
742,1.607111111111111
743,1.5994444444444447
744,2.025277777777778
745,2.847444444444446
746,3.1949444444444444
747,3.5085000000000006
748,3.698777777777778
749,3.587722222222222
750,4.408777777777776
751,4.978222222222223
752,5.344444444444446
753,5.413833333333334
754,5.542555555555555
755,5.569277777777778
756,5.816111111111111
757,5.740444444444444
758,5.739388888888888
759,5.56938888888889
760,5.435166666666667
761,5.327500000000001
762,5.100555555555554
763,5.321333333333334
764,5.112833333333333
765,5.0731111111111105
766,4.9061111111111115
767,4.988333333333333
768,4.883500000000001
769,4.714666666666668
770,4.1499999999999995
771,3.5021666666666667
772,3.010333333333335
773,3.817166666666666
774,3.8796111111111116
775,3.860722222222222
776,4.531555555555556
777,4.123333333333333
778,4.376833333333336
779,3.8306666666666653
780,3.1260555555555554
781,3.3108333333333326
782,3.3598333333333326
783,3.2534444444444444
784,3.0989444444444447
785,2.9178333333333337
786,3.105166666666667
787,2.981555555555556
788,2.9564999999999997
789,2.5057777777777774
790,2.808666666666667
791,2.492277777777777
792,2.205666666666667
793,2.14238888888889
794,1.8543333333333334
795,1.8239444444444446
796,1.5509444444444438
797,1.5607777777777772
798,1.5404999999999998
799,1.542444444444444
800,1.5597777777777775
801,1.5414999999999994
802,1.511666666666666
803,1.6861111111111107
804,1.7202222222222214
805,1.5602777777777774
806,1.554944444444444
807,1.6891111111111108
808,1.7149999999999999
809,1.8164444444444445
810,1.9047777777777781
811,1.7263888888888888
812,1.7011666666666667
813,1.4482777777777773
814,1.322555555555556
815,1.2053333333333338
816,1.1531111111111114
817,1.0280000000000002
818,1.1147222222222226
819,0.9868888888888889
820,1.0771111111111114
821,0.9875
822,0.966222222222222
823,0.9714999999999999
824,0.9807222222222223
825,1.0404444444444443
826,1.1980000000000004
827,1.2960000000000003
828,1.442722222222222
829,1.4969444444444442
830,1.6144444444444443
831,1.5509999999999995
832,1.6255
833,1.4630555555555553
834,1.2972222222222227
835,1.2098888888888892
836,1.196333333333334
837,1.269944444444445
838,1.107888888888889
839,1.1430555555555557
840,1.0365555555555557
841,1.1177777777777778
842,1.1390555555555557
843,1.218444444444445
844,1.4358888888888888
845,1.6413333333333329
846,1.6584444444444442
847,1.7838888888888889
848,2.1590555555555557
849,2.303555555555556
850,2.0386111111111114
851,2.2397777777777788
852,1.9956666666666671
853,2.0015000000000005
854,2.0078888888888895
855,2.014444444444445
856,2.1781111111111127
857,2.2097777777777785
858,2.1911111111111126
859,2.4983888888888885
860,2.2185555555555565
861,2.184500000000001
862,2.1942777777777787
863,1.9687777777777782
864,2.169722222222223
865,2.16688888888889
866,2.035777777777779
867,1.8428888888888888
868,1.8150555555555556
869,1.8862777777777782
870,1.861388888888889
871,1.8729444444444452
872,1.8552777777777782
873,1.839611111111111
874,1.8112777777777778
875,1.7944444444444443
876,1.7599999999999996
877,1.8321666666666667
878,2.178277777777779
879,1.9476111111111116
880,2.1636666666666677
881,1.7987777777777778
882,1.8980000000000004
883,1.9013333333333338
884,1.7132777777777772
885,1.8463333333333336
886,1.8357777777777773
887,1.9381666666666668
888,2.0763888888888893
889,2.191055555555556
890,2.156055555555556
891,2.1667777777777792
892,1.8086111111111114
893,1.8151111111111111
894,1.6941666666666662
895,1.8136111111111115
896,2.1227777777777783
897,1.938000000000001
898,1.8717222222222227
899,1.9493888888888895
900,2.192722222222223
901,2.2086666666666672
902,2.1042222222222224
903,2.184222222222223
904,2.178277777777779
905,1.9301666666666675
906,1.9168333333333343
907,1.8400000000000003
908,1.8094444444444444
909,1.8486666666666671
910,1.666
911,1.550555555555555
912,1.5649999999999997
913,1.5288888888888885
914,1.4622777777777773
915,1.6537222222222223
916,1.9628333333333337
917,2.285500000000001
918,2.785000000000001
919,2.9554444444444448
920,3.444888888888888
921,3.165111111111111
922,2.9867222222222223
923,2.802333333333334
924,2.4914999999999994
925,2.7992222222222236
926,2.527388888888889
927,2.8022222222222237
928,2.8126111111111123
929,2.877222222222223
930,2.9490555555555558
931,3.100055555555555
932,2.9659444444444447
933,3.098
934,2.9944444444444454
935,2.7985000000000015
936,2.9931666666666676
937,3.333277777777777
938,3.130833333333334
939,3.102666666666667
940,3.116111111111111
941,3.0861111111111117
942,2.8926111111111124
943,2.969500000000001
944,2.540111111111111
945,2.8300000000000014
946,2.7964444444444454
947,2.5676666666666668
948,2.785444444444445
949,2.681944444444445
950,2.6250000000000004
951,2.659444444444445
952,2.4658888888888884
953,2.4605555555555556
954,2.1966666666666677
955,2.1722777777777784
956,2.192833333333334
957,2.198722222222223
958,2.1964444444444453
959,2.2093888888888893
960,2.4741666666666666
961,2.4884444444444447
962,2.7722222222222235
963,2.6396111111111114
964,3.1445555555555558
965,3.476166666666667
966,3.7901111111111105
967,3.4694444444444437
968,3.8267777777777776
969,3.500499999999999
970,3.6086666666666667
971,3.151444444444444
972,3.2123333333333326
973,2.942777777777778
974,3.0760555555555564
975,3.766111111111112
976,3.485888888888889
977,3.7980555555555555
978,3.7796666666666665
979,3.732
980,3.8203333333333336
981,3.8780555555555565
982,4.195944444444445
983,3.9537222222222232
984,3.8471111111111105
985,3.5538888888888875
986,3.7696111111111104
987,3.4137222222222223
988,3.4121666666666663
989,3.3386111111111108
990,3.5408333333333326
991,3.2835555555555542
992,3.314444444444444
993,3.182611111111111
994,3.0914444444444444
995,3.0888333333333327
996,3.0896666666666657
997,3.076722222222222
998,3.047111111111111
999,2.884777777777778
1000,3.0142222222222217
1001,3.200111111111111
1002,3.1611666666666656
1003,2.962055555555556
1004,3.0871666666666666
1005,2.9491111111111104
1006,3.05211111111111
1007,2.847222222222223
1008,3.026388888888889
1009,2.9616111111111105
1010,2.570777777777778
1011,2.803444444444444
1012,2.632333333333333
1013,2.6985555555555556
1014,2.593388888888888
1015,2.784388888888889
1016,2.202111111111112
1017,2.516166666666666
1018,2.470611111111111
1019,2.1908888888888898
1020,2.4605555555555556
1021,2.187833333333334
1022,1.928833333333334
1023,2.1313333333333344
1024,1.941277777777778
1025,1.9277222222222228
1026,1.8430555555555557
1027,1.8373333333333337
1028,1.8557222222222225
1029,1.764444444444444
1030,1.8378333333333337
1031,1.612666666666666
1032,1.7828333333333328
1033,1.5243333333333322
1034,1.4315555555555548
1035,1.5120555555555553
1036,1.5386666666666664
1037,1.5307222222222217
1038,1.3638888888888896
1039,1.3447222222222226
1040,1.5294999999999996
1041,1.5665555555555555
1042,1.573888888888889
1043,1.6043888888888886
1044,1.736833333333333
1045,1.8731666666666675
1046,1.9557777777777785
1047,1.9748888888888898
1048,2.1340000000000003
1049,1.986666666666667
1050,1.9327777777777781
1051,2.1631111111111125
1052,2.013611111111112
1053,1.8279444444444448
1054,1.8706666666666667
1055,1.8449444444444447
1056,1.8680000000000008
1057,1.8925555555555562
1058,1.8862222222222227
1059,1.9790555555555562
1060,1.758111111111111
1061,2.1861666666666677
1062,1.9760000000000004
1063,2.496777777777778
1064,2.2843333333333344
1065,2.516055555555555
1066,2.630888888888889
1067,2.644666666666666
1068,3.133611111111112
1069,3.4652777777777777
1070,4.101944444444445
1071,4.439611111111111
1072,4.751555555555557
1073,4.980888888888889
1074,4.924166666666666
1075,5.152277777777778
1076,5.1434999999999995
1077,5.423444444444446
1078,5.236277777777777
1079,5.013277777777778
1080,4.927166666666666
1081,4.762388888888889
1082,4.848666666666668
1083,4.571
1084,4.915833333333334
1085,5.160055555555555
1086,5.585944444444443
1087,6.051611111111111
1088,6.12161111111111
1089,6.155833333333331
1090,6.227
1091,6.1483333333333325
1092,6.179277777777778
1093,6.319500000000002
1094,6.292444444444448
1095,6.234944444444445
1096,6.347166666666669
1097,6.322500000000002
1098,6.179666666666665
1099,6.090111111111111
1100,5.705499999999999
1101,5.590222222222222
1102,5.563222222222222
1103,5.421444444444442
1104,4.999388888888887
1105,4.797111111111111
1106,4.580888888888889
1107,4.006499999999999
1108,3.724277777777777
1109,3.3957777777777776
1110,3.4957222222222213
1111,3.3301111111111106
1112,3.1308888888888893
1113,3.127555555555555
1114,3.659833333333332
1115,3.8481111111111117
1116,4.301166666666666
1117,4.223277777777777
1118,4.6257777777777775
1119,4.233333333333335
1120,3.842277777777778
1121,4.159333333333334
1122,3.7992222222222223
1123,3.8026111111111116
1124,3.498277777777777
1125,3.092999999999999
1126,2.6529444444444437
1127,2.786666666666667
1128,2.618388888888888
1129,2.7110000000000003
1130,2.864944444444445
1131,2.7751666666666663
1132,2.868388888888889
1133,2.7797777777777783
1134,2.779000000000001
1135,2.769777777777779
1136,2.7847222222222228
1137,2.472888888888888
1138,2.464666666666666
1139,2.4833888888888884
1140,2.9250000000000007
1141,2.917611111111111
1142,2.7946666666666675
1143,2.7771666666666674
1144,3.0382777777777776
1145,2.7913888888888896
1146,2.941777777777778
1147,3.0752222222222225
1148,2.948277777777778
1149,3.056888888888889
1150,3.3952777777777783
1151,3.227499999999999
1152,3.8107777777777763
1153,3.3833888888888883
1154,3.2644444444444445
1155,3.360944444444444
1156,3.4230555555555555
1157,3.5422777777777767
1158,3.4566111111111115
1159,3.6670000000000007
1160,3.455
1161,3.799111111111112
1162,3.635888888888889
1163,3.6766666666666663
1164,3.837166666666666
1165,3.7011111111111097
1166,3.663888888888888
1167,3.4333888888888886
1168,3.633944444444443
1169,3.6438888888888905
1170,3.708833333333333
1171,3.700555555555555
1172,3.9381111111111102
1173,4.022
1174,4.119666666666666
1175,4.424944444444445
1176,3.952722222222223
1177,3.8644999999999996
1178,3.329444444444444
1179,3.3827222222222226
1180,3.343722222222222
1181,3.3222777777777788
1182,2.893
1183,3.046388888888888
1184,3.0782777777777772
1185,3.071999999999999
1186,3.1852777777777765
1187,3.2330555555555547
1188,3.3774444444444436
1189,3.1106666666666656
1190,3.2915555555555556
1191,3.1135555555555547
1192,3.228944444444444
1193,3.449166666666667
1194,3.18261111111111
1195,3.0865555555555555
1196,3.0709444444444443
1197,2.890611111111111
1198,3.0752222222222225
1199,3.083888888888889
1200,3.0906111111111105
1201,3.035944444444444
1202,3.0845555555555557
1203,3.3761111111111113
1204,3.101222222222222
1205,2.964277777777778
1206,2.824
1207,2.7425555555555556
1208,3.0584444444444445
1209,2.8277777777777775
1210,2.487277777777777
1211,3.0804444444444443
1212,2.969166666666667
1213,2.522722222222222
1214,2.957277777777778
1215,2.8037222222222233
1216,2.8301666666666687
1217,3.1232777777777763
1218,2.825944444444445
1219,3.148222222222222
1220,3.1318333333333324
1221,3.1271666666666667
1222,3.142444444444444
1223,2.838444444444445
1224,2.8228888888888903
1225,2.9594444444444443
1226,3.2786111111111107
1227,3.4451111111111103
1228,3.634055555555554
1229,3.9236111111111107
1230,4.119777777777778
1231,4.483000000000001
1232,4.514444444444446
1233,4.136055555555557
1234,3.8988888888888895
1235,3.8851111111111107
1236,3.9205
1237,3.8880000000000003
1238,3.778277777777778
1239,3.4706111111111113
1240,3.6209444444444436
1241,3.727777777777778
1242,4.022722222222223
1243,4.558611111111111
1244,5.358277777777779
1245,5.94388888888889
1246,6.263055555555555
1247,6.50527777777778
1248,6.211611111111111
1249,6.006222222222221
1250,5.849388888888888
1251,5.768888888888887
1252,5.764833333333332
1253,5.851111111111111
1254,5.692888888888887
1255,5.844111111111109
1256,5.969999999999999
1257,5.761333333333331
1258,5.63772222222222
1259,5.603722222222221
1260,5.565722222222221
1261,5.580777777777776
1262,5.328277777777777
1263,5.106666666666666
1264,4.936722222222222
1265,4.906111111111111
1266,4.9035
1267,4.859277777777777
1268,4.828833333333333
1269,4.760166666666667
1270,4.480222222222221
1271,4.155055555555557
1272,4.252055555555557
1273,4.0360555555555555
1274,3.655277777777777
1275,3.818222222222222
1276,3.781666666666666
1277,3.4101666666666657
1278,3.4311111111111106
1279,3.6040555555555533
1280,3.709333333333334
1281,3.702222222222222
1282,3.455333333333333
1283,3.2817777777777772
1284,3.5486111111111107
1285,3.2880555555555544
1286,3.4138333333333324
1287,3.5784444444444428
1288,3.656888888888889
1289,3.4506666666666668
1290,3.591333333333332
1291,3.6328333333333327
1292,3.555166666666666
1293,3.695166666666666
1294,3.829555555555555
1295,3.645333333333332
1296,3.827055555555555
1297,3.865888888888889
1298,4.211277777777776
1299,4.217722222222222
1300,4.8806666666666665
1301,5.367888888888888
1302,5.502888888888888
1303,5.2493888888888875
1304,5.178444444444444
1305,4.775777777777778
1306,4.231333333333334
1307,4.257611111111111
1308,4.4767222222222225
1309,4.017166666666666
1310,4.157722222222221
1311,4.004388888888888
1312,3.915722222222222
1313,3.875833333333333
1314,3.503777777777778
1315,3.472722222222222
1316,3.1091666666666664
1317,3.2676666666666665
1318,3.3572222222222226
1319,2.97988888888889
1320,3.0607222222222226
1321,3.0706111111111114
1322,2.8685555555555555
1323,3.0823888888888895
1324,2.4855555555555555
1325,2.763222222222223
1326,2.6755
1327,2.268833333333334
1328,2.4867222222222223
1329,2.236944444444445
1330,2.8769444444444447
1331,2.552222222222222
1332,2.812444444444446
1333,2.7967222222222237
1334,3.041500000000001
1335,2.6381666666666663
1336,3.0035555555555558
1337,2.7989444444444453
1338,2.9433888888888884
1339,2.8827222222222235
1340,2.503222222222222
1341,2.5136111111111106
1342,2.4821111111111107
1343,2.7752222222222227
1344,3.0325
1345,3.091277777777778
1346,3.0436111111111117
1347,2.528722222222221
1348,2.5551666666666666
1349,2.5485555555555552
1350,2.615944444444444
1351,2.2293333333333343
1352,2.469555555555555
1353,2.460111111111111
1354,2.229000000000001
1355,2.4622222222222225
1356,2.4898333333333333
1357,2.592944444444444
1358,2.9876666666666676
1359,3.2857222222222213
1360,3.740333333333333
1361,4.0365
1362,4.421999999999999
1363,5.381444444444443
1364,5.658944444444444
1365,5.543055555555557
1366,5.09
1367,4.890333333333334
1368,4.531388888888888
1369,4.157722222222221
1370,3.908777777777778
1371,3.337777777777777
1372,3.6254444444444447
1373,3.871166666666667
1374,3.7162222222222216
1375,3.352666666666666
1376,3.252666666666667
1377,3.5896111111111106
1378,3.751388888888889
1379,3.4762222222222223
1380,3.212722222222222
1381,3.582444444444444
1382,3.594555555555556
1383,3.8107222222222217
1384,3.4324444444444437
1385,3.1972222222222215
1386,2.8163333333333336
1387,2.8231666666666677
1388,3.092222222222222
1389,3.1929444444444437
1390,3.3177222222222222
1391,3.1004444444444443
1392,3.4358888888888894
1393,3.8266666666666667
1394,4.016277777777778
1395,3.9022222222222216
1396,3.878666666666665
1397,3.3026111111111094
1398,3.096333333333333
1399,3.084111111111111
1400,3.0833333333333326
1401,3.091722222222221
1402,3.0752222222222225
1403,3.1622222222222205
1404,3.2096111111111107
1405,2.946222222222222
1406,2.9592222222222224
1407,2.868222222222222
1408,3.1730555555555546
1409,2.934722222222222
1410,2.7966666666666673
1411,2.934277777777777
1412,2.477722222222223
1413,2.5076666666666663
1414,2.1939444444444454
1415,2.168055555555557
1416,2.1550555555555566
1417,1.7804444444444438
1418,1.9078333333333342
1419,1.8168333333333335
1420,1.9068333333333336
1421,1.8628888888888893
1422,1.824
1423,1.7980555555555553
1424,2.0796111111111117
1425,1.8166666666666669
1426,1.7196111111111105
1427,1.6781666666666661
1428,1.5361111111111105
1429,1.807777777777778
1430,1.4833888888888884
1431,1.3956111111111107
1432,1.3270555555555563
1433,1.2893333333333339
1434,1.2187222222222225
1435,1.2073888888888893
1436,1.1552777777777778
1437,1.3143333333333345
1438,1.2787222222222223
1439,1.2173333333333338
1440,1.0944444444444446
1441,1.1170000000000002
1442,1.179555555555556
1443,1.121277777777778
1444,1.1093333333333335
1445,1.0893333333333337
1446,1.0872222222222223
1447,1.1533333333333338
1448,1.2023333333333337
1449,1.3723333333333332
1450,1.5663888888888888
1451,1.5891666666666664
1452,1.6018888888888887
1453,1.6936666666666667
1454,1.8914444444444451
1455,2.2732777777777784
1456,2.5473888888888885
1457,2.637388888888889
1458,2.535777777777777
1459,2.580722222222222
1460,2.767833333333334
1461,2.718944444444445
1462,2.869555555555556
1463,2.765500000000001
1464,2.7935000000000016
1465,2.77938888888889
1466,2.6949444444444453
1467,2.6547222222222224
1468,2.2420555555555564
1469,2.4606666666666666
1470,2.193833333333335
1471,2.1665555555555573
1472,2.161944444444446
1473,2.169277777777779
1474,1.933555555555556
1475,2.1659444444444453
1476,2.1823888888888905
1477,1.9860000000000009
1478,2.040944444444445
1479,1.9026111111111115
1480,1.7301111111111107
1481,1.779
1482,1.5294999999999992
1483,1.4682222222222214
1484,1.347222222222223
1485,1.191555555555556
1486,1.181944444444445
1487,1.3301111111111117
1488,1.3154444444444453
1489,1.2063888888888894
1490,1.0240555555555555
1491,0.9864999999999999
1492,0.9831666666666665
1493,0.9511111111111109
1494,0.8747777777777779
1495,0.9492777777777777
1496,0.9824444444444445
1497,1.1768888888888893
1498,1.1490000000000005
1499,1.2392777777777786
1500,1.3828333333333334
1501,1.4382222222222218
1502,1.636722222222222
1503,1.8224444444444443
1504,1.9901666666666669
1505,1.9552777777777781
1506,2.2115000000000005
1507,2.2717222222222224
1508,2.544777777777777
1509,2.3858888888888887
1510,2.2413888888888898
1511,2.501333333333333
1512,2.049555555555556
1513,2.497833333333333
1514,2.2655555555555567
1515,2.7046111111111104
1516,2.7727777777777782
1517,3.004500000000001
1518,3.360722222222223
1519,3.4360000000000004
1520,3.6743888888888883
1521,3.8629444444444445
1522,4.132666666666665
1523,4.689944444444446
1524,4.543944444444445
1525,4.915111111111112
1526,4.99388888888889
1527,4.839055555555556
1528,4.8726111111111114
1529,4.93538888888889
1530,5.012777777777778
1531,4.9766111111111115
1532,4.9831111111111115
1533,5.285555555555556
1534,5.032888888888889
1535,4.800666666666667
1536,4.930166666666666
1537,4.810611111111111
1538,4.254777777777778
1539,4.5697222222222225
1540,4.9157222222222225
1541,4.996722222222222
1542,4.752111111111111
1543,4.794833333333334
1544,4.871333333333333
1545,4.7377777777777785
1546,4.616833333333332
1547,5.081722222222222
1548,4.945333333333331
1549,4.984611111111112
1550,4.938444444444445
1551,5.000111111111111
1552,4.8037222222222224
1553,4.791333333333333
1554,4.522777777777779
1555,4.787333333333333
1556,4.660722222222223
1557,4.9885
1558,4.997499999999999
1559,5.243333333333332
1560,5.179277777777776
1561,4.896944444444443
1562,4.938166666666666
1563,4.7785
1564,4.773833333333334
1565,4.552500000000001
1566,4.533388888888888
1567,4.785333333333333
1568,4.782055555555555
1569,4.822111111111112
1570,4.497111111111112
1571,4.450611111111112
1572,4.6465555555555556
1573,4.324888888888889
1574,4.5069444444444455
1575,4.485555555555556
1576,4.591555555555556
1577,4.10038888888889
1578,3.931055555555556
1579,3.904833333333334
1580,3.5418888888888875
1581,3.3721666666666668
1582,3.4266111111111095
1583,3.0939999999999994
1584,3.580166666666666
1585,3.447833333333333
1586,3.1056111111111107
1587,3.0937777777777775
1588,2.9758888888888895
1589,2.8066111111111116
1590,2.7934444444444453
1591,2.4892222222222222
1592,2.481555555555556
1593,2.1906111111111115
1594,2.4696111111111105
1595,2.498222222222222
1596,2.4919999999999995
1597,2.4964444444444442
1598,2.713611111111111
1599,2.482166666666666
1600,2.7493888888888898
1601,2.927166666666667
1602,2.4732777777777772
1603,2.3022777777777774
1604,2.169722222222223
1605,2.473
1606,1.9503333333333341
1607,2.1701666666666677
1608,1.8863333333333339
1609,1.854055555555556
1610,1.8543333333333336
1611,1.8094444444444444
1612,1.7249444444444437
1613,1.5401666666666665
1614,1.5128333333333328
1615,1.3529444444444456
1616,1.3313333333333337
1617,1.2971111111111113
1618,1.2302777777777782
1619,1.1023333333333334
1620,1.1630000000000003
1621,1.0139999999999998
1622,1.016611111111111
1623,0.9702222222222221
1624,0.9666666666666666
1625,0.9678333333333332
1626,0.9632777777777777
1627,0.963111111111111
1628,0.9842222222222221
1629,1.0179444444444445
1630,1.1670555555555557
1631,1.0875555555555556
1632,1.735722222222222
1633,1.5484444444444438
1634,1.555055555555555
1635,1.9213888888888888
1636,2.2624444444444456
1637,2.1877222222222232
1638,1.8903333333333343
1639,2.0385000000000004
1640,2.4668888888888887
1641,2.2098888888888895
1642,2.482833333333333
1643,2.7013888888888893
1644,2.958222222222222
1645,2.825000000000001
1646,3.056666666666667
1647,2.751666666666668
1648,2.479388888888888
1649,2.2173888888888897
1650,2.1540555555555563
1651,2.1494444444444456
1652,1.8783888888888893
1653,1.9045555555555564
1654,2.073444444444445
1655,2.1523333333333343
1656,1.9110000000000007
1657,1.8393333333333337
1658,1.8437222222222223
1659,1.8512222222222225
1660,1.8382222222222222
1661,1.6498888888888885
1662,1.6362777777777775
1663,1.6705
1664,1.5506111111111103
1665,1.5404444444444438
1666,1.6287222222222217
1667,1.5251111111111104
1668,1.8060000000000003
1669,1.8385000000000002
1670,1.9157222222222225
1671,1.8122222222222224
1672,1.8615555555555559
1673,1.8064444444444447
1674,1.8389444444444445
1675,1.513111111111111
1676,1.447333333333333
1677,1.529388888888889
1678,1.4273888888888884
1679,1.492722222222222
1680,1.6318888888888887
1681,1.5316666666666665
1682,1.537222222222222
1683,1.6841666666666666
1684,1.5663333333333331
1685,1.692611111111111
1686,1.5606111111111105
1687,1.7219444444444438
1688,1.5437222222222218
1689,1.4566111111111106
1690,1.548055555555555
1691,1.443666666666666
1692,1.5466666666666664
1693,1.5663333333333331
1694,1.513055555555555
1695,1.5791666666666662
1696,1.5533888888888883
1697,1.5612222222222218
1698,1.4076111111111111
1699,1.558944444444444
1700,1.3594444444444442
1701,1.3654444444444447
1702,1.3636111111111113
1703,1.433333333333333
1704,1.4420555555555554
1705,1.4451666666666663
1706,1.5654444444444444
1707,1.571555555555555
1708,1.539444444444444
1709,1.5182222222222213
1710,1.5826111111111107
1711,1.5920555555555553
1712,1.7493888888888889
1713,1.6423888888888891
1714,1.7462777777777772
1715,1.938944444444445
1716,1.9894444444444448
1717,2.0145555555555563
1718,2.744388888888889
1719,2.9257777777777783
1720,3.1203333333333334
1721,3.4395555555555553
1722,3.7151666666666667
1723,3.6647777777777772
1724,3.9570000000000003
1725,3.616944444444444
1726,3.913555555555556
1727,4.105388888888889
1728,4.634888888888889
1729,4.808
1730,4.842722222222223
1731,5.245222222222223
1732,5.710166666666668
1733,5.529055555555555
1734,5.793944444444445
1735,5.883055555555555
1736,5.918611111111111
1737,5.986888888888889
1738,5.9705555555555545
1739,5.9609444444444435
1740,5.953666666666666
1741,5.878555555555556
