,0
0,5.1713427739755975
1,5.137235810289011
2,5.049302720059383
3,5.06108165804787
4,4.994694824792901
5,4.775348826199962
6,4.7971174670905325
7,4.659873705993472
8,4.396237253806217
9,4.068072235161344
10,3.958534521847139
11,3.836790596776628
12,2.889870851051027
13,2.8596254810346733
14,2.8833421781306865
15,2.899801714885693
16,3.070231815600069
17,3.081629087104914
18,3.0208883527473125
19,2.8346026735279266
20,2.7741816406925888
21,2.884815433200897
22,2.978246476054856
23,2.9585327833141393
24,2.9714581099180064
25,2.892278219037401
26,2.9342755855108726
27,2.9601175817508816
28,2.892516531552355
29,2.921545516047069
30,2.967459952033
31,3.0053048100795365
32,3.0106713703572456
33,3.030112948454464
34,3.147291484034263
35,3.1309410453675444
36,3.0964508607969234
37,2.897461514945831
38,3.1699745717656653
39,2.878936834773546
40,3.03199209654909
41,2.695414442752652
42,2.809869494122089
43,3.2490028382354117
44,3.4106027970916277
45,3.3991095167057033
46,3.3248689212017846
47,3.123839440036337
48,3.0400364619898603
49,2.7497476606533726
50,2.5778871324109094
51,2.4533971729167123
52,2.3219390240710145
53,2.2512385971091367
54,2.2199001696007348
55,2.325269474949306
56,2.421250411587352
57,2.7307887030758375
58,2.743829742454644
59,2.7729282010819274
60,2.8469997837694754
61,2.962932863228726
62,3.113626327803078
63,3.2165268164700103
64,3.187584102517569
65,3.087118926800955
66,3.0329610215532
67,3.028350513216061
68,2.9857984580976193
69,2.9528536073911233
70,2.9010285907736875
71,2.90665457825523
72,2.7971955102124886
73,2.8098227785642464
74,2.8394346383095432
75,2.809396048544514
76,2.822027685744626
77,2.820039764681712
78,2.765869327269099
79,2.7847295641068484
80,2.6172987831097516
81,2.727523384305303
82,2.694048039446127
83,2.725833172174199
84,2.614130677207923
85,2.6017517530982737
86,2.790693997225169
87,2.624846119203143
88,2.5484431323701764
89,2.951398134257947
90,3.169637795581863
91,2.7133066315546985
92,2.6281587341874597
93,2.844226620727154
94,2.8060196866951173
95,2.952071421714923
96,2.787369354087478
97,2.7944051180706704
98,2.6905424394686386
99,2.779871315310724
100,2.83288780520804
101,3.053286879473177
102,4.159024966245508
103,3.3673096402803266
104,3.4055251080277094
105,4.040871089396048
106,3.413015298355619
107,3.364630337340659
108,3.0295819693139463
109,2.8209021191146415
110,2.805693689491968
111,2.6240298909883366
112,2.6552729675028153
113,2.498349819628473
114,2.484363706579214
115,2.6101652883700392
116,2.469047012340821
117,2.5980826680241553
118,2.648494715788242
119,2.5803717731539786
120,2.367067539259727
121,2.4428703011809225
122,2.5122659804511334
123,2.4703304003808744
124,2.6348719486708356
125,2.4845129769605125
126,2.388435424802985
127,2.344402954426173
128,2.108740042614129
129,2.1450487386422976
130,2.0865747887403794
131,1.9777348323281216
132,1.9017925028337594
133,1.9291775094223473
134,1.807366955377522
135,1.865944341491123
136,1.8080657231631438
137,1.7826857591655891
138,1.865093689993186
139,1.857865568204322
140,1.8009931338031477
141,1.678224805483291
142,1.7392785422957229
143,1.9843555241761461
144,2.0995014061292747
145,2.149620957293982
146,2.714244656400388
147,3.338306237737703
148,2.187040946400552
149,3.3871159514627416
150,2.993201740661981
151,3.2326943792362517
152,3.311271672335338
153,3.282595696340408
154,3.47283909061927
155,2.9238204814295923
156,2.528826798755018
157,2.988208628462511
158,3.2830309210990523
159,2.9488479104028493
160,3.4976612818032695
161,3.559382656702825
162,3.533812780082851
163,3.6748674821627603
164,3.0005740600546984
165,3.081935512811459
166,2.9814218662289425
167,3.358147224553119
168,2.981272691945716
169,3.016207066839687
170,2.538484140169629
171,3.211130990905852
172,2.895020288361219
173,2.4957694210644514
174,2.436770906442635
175,2.431084770065559
176,2.3411271831782066
177,2.234891360975143
178,1.933448692519572
179,1.990464409136971
180,2.8028172665728603
181,2.5674476008815854
182,2.5892975230979465
183,2.383409684823775
184,2.953843368360924
185,2.766982289019909
186,3.2328533679116287
187,3.6258081265646145
188,3.918939759019204
189,3.722991649260885
190,3.6049170346665
191,3.6426063301781815
192,3.628315869682812
193,3.6933564381726858
194,3.7079993522720587
195,3.5956357126401874
196,3.5133589125045948
197,3.886359857734984
198,3.720284473660705
199,3.2661741846438606
200,3.5042899016569047
201,3.9802806649744475
202,4.04657470895234
203,3.8435094514512254
204,3.889777759870605
205,2.8351547844942093
206,3.245176524386248
207,2.865126098050437
208,2.775527442531684
209,3.172962081935257
210,3.038417525346191
211,2.9977584371357664
212,3.177613895162588
213,2.9015900389983775
214,2.8281301697983237
215,2.616491788896347
216,2.5186303459272135
217,2.606289082523342
218,2.553864479422776
219,2.68675808943214
220,2.50531689234543
221,2.452726466033166
222,2.527757515494226
223,2.4352008035974815
224,2.567586703757548
225,2.8087400907303155
226,2.7701879020971623
227,2.745537259164739
228,2.4533152522649466
229,2.7863816904665395
230,2.763518992542915
231,2.7596013935689703
232,3.0364407081676643
233,2.969445902979009
234,2.9882924025615356
235,3.0337525533640965
236,2.747147588109755
237,2.7727579729232295
238,2.678652028671486
239,2.639744265395001
240,2.716275473649038
241,2.5883777179671013
242,2.560071034999959
243,2.646787917732506
244,2.9229076488923122
245,2.9645591878704676
246,3.3308052168956923
247,3.18810971968583
248,3.7292182329860983
249,3.7265533109300706
250,3.735091864228186
251,2.9661579943801386
252,2.609938238068548
253,2.627390198847514
254,2.6215831300422052
255,2.9668126283745293
256,2.9970791116036213
257,3.065728178512581
258,3.4112334294684166
259,3.8055348263086657
260,3.725077789028327
261,3.7354304429369884
262,2.884084169282829
263,3.140368079204358
264,3.6397355403075613
265,3.8679486024086835
266,3.9495982339016167
267,3.959100645548028
268,3.9550219692975466
269,3.8600474838397116
270,4.117293373378571
271,3.0030077163301474
272,3.639106431530447
273,3.739498146550516
274,3.7612593688422225
275,3.4762462915104835
276,3.6961401715831532
277,3.88233994036797
278,3.897873582020585
279,3.6715679478125045
280,3.732991158353219
281,3.7098931412829166
282,3.637649738297392
283,3.7455386631330922
284,3.0457280978737047
285,3.019257042010538
286,3.1279894274889024
287,3.0396880199259826
288,3.112501371485737
289,2.782166457553771
290,2.8503661970375873
291,2.8346464565636
292,3.1816971980132482
293,2.617901047919272
294,3.9066419967426884
295,3.691465234151418
296,3.490054935154598
297,3.4703957570459374
298,3.1874111536475644
299,3.273296063638676
300,3.2508608217213344
301,3.2100449515247083
302,3.200489045214731
303,3.2582171738289385
304,3.242789431841473
305,3.079988510157894
306,2.939465688312924
307,2.5383241509377434
308,2.737229303678294
309,3.135960690828486
310,2.758100995891939
311,3.2395144769668915
312,2.855638128176448
313,3.3267545555768225
314,3.3126847180208756
315,2.9114777074576863
316,3.2616079042990362
317,2.7709517801740247
318,3.2449995026132177
319,3.1206386873965117
320,3.1234385758759755
321,3.0273596005939756
322,3.2757459608926
323,3.0913688285817544
324,3.0318065245343795
325,3.1921489065151265
326,3.0590461658790957
327,3.1070560640373897
328,2.992200378764109
329,2.7963107658431494
330,2.77538343313354
331,2.652248744137451
332,2.5580230384579044
333,2.662232868291573
334,2.5326118949699974
335,2.0218737829017863
336,2.593658415270392
337,1.9596423337703623
338,2.5052347571998124
339,1.6439770589684142
340,1.5368289445486578
341,1.9700228925817043
342,1.9195902030705014
343,1.6230720849803815
344,1.6872338408801943
345,1.8521955842316635
346,1.6987714278417534
347,2.029374623452748
348,1.704366944455173
349,1.7033950948373378
350,1.5914746730138003
351,1.6770353678261332
352,1.6625198196847433
353,1.5573796575065617
354,1.5878696562024774
355,2.745824009985777
356,2.6840141842458314
357,2.699391643672684
358,2.8080037157814752
359,2.81207225133225
360,2.8332863120605998
361,3.0466588183601537
362,2.677025026385922
363,3.297084884712817
364,1.911325293488884
365,1.9188333592059772
366,2.41770973483766
367,1.79940258985556
368,1.964631726397595
369,1.8540102091337052
370,1.7842881522218357
371,1.78023679413079
372,1.730288709528194
373,1.4985974052691722
374,1.4756412573060365
375,1.3985367424789152
376,1.4558930074009202
377,1.7090244323262465
378,1.7857642621504823
379,1.8760456234581717
380,1.8318978420786751
381,1.9176028468289674
382,1.9214868678221482
383,2.056075865391821
384,2.157778620774435
385,2.180007764644789
386,2.2388710817275257
387,2.479151762885545
388,3.3345117919501392
389,3.578438773223374
390,3.884544944156543
391,3.777902119909098
392,3.736824799360329
393,3.6927605103250047
394,4.029378942051655
395,4.209069111384664
396,4.113723341871184
397,4.30124453070839
398,4.386383349132309
399,4.499338587039575
400,4.7167183800497865
401,4.828759993033172
402,4.846222167558155
403,4.892995986854712
404,5.283452687372254
405,5.195287030417816
406,4.982397283794029
407,4.776850332390781
408,4.329217288415033
409,4.112322638382025
410,3.975174529750222
411,3.7570262365643874
412,3.732923926024298
413,3.5892362925824273
414,3.5343130710538015
415,3.5498458149150447
416,3.0901151237140714
417,3.009511285365284
418,3.4092771720297668
419,3.427046939849872
420,3.458856889662383
421,3.6201972824094035
422,3.506671431940432
423,3.531722017136866
424,3.4570134089979954
425,3.4832047935859123
426,3.4585430723338995
427,3.5031837752978014
428,3.4808260515065306
429,3.5892675955738684
430,3.5621662355895203
431,3.5528221061973446
432,3.662674010594001
433,3.475679144544988
434,3.5371033845615525
435,3.3644498126392888
436,3.0139154962468733
437,3.0373495221311413
438,2.9230261641285775
439,2.9169011533012417
440,2.943848237666085
441,2.9283208127426272
442,2.8544143739152545
443,2.8273631749224757
444,2.825399566466713
445,2.8063896918717965
446,2.8914193753062385
447,2.889217262468375
448,2.8670537338162583
449,2.9888998583161466
450,2.8981566515381822
451,2.8992941578629474
452,2.87664847692961
453,2.922263730091559
454,2.9056958020525396
455,2.8692261709095357
456,2.9979838503069725
457,3.0293968794724493
458,3.1643879352340645
459,3.228737338573264
460,3.02473754535645
461,3.306124106941186
462,3.2853752491474424
463,3.3334422188352875
464,3.063728667747778
465,3.0733493661338014
466,3.393362475766672
467,2.594044725277994
468,2.360697711686896
469,2.482847942948995
470,2.1847581200253723
471,2.603776743102652
472,1.9318697233459743
473,1.9341340913776108
474,1.7726115806362999
475,2.2497822374475085
476,1.6068320749658764
477,1.669407789783067
478,1.7787417769415883
479,1.712984925763741
480,1.8076382317327646
481,1.7881620386202874
482,1.7685771581767542
483,1.7817636460725537
484,1.7392347593189899
485,1.7150931528680147
486,1.8387710547988079
487,1.957862461592942
488,2.9166387572755132
489,2.904757182227725
490,3.649244261936498
491,3.7462212058655284
492,3.845847749295015
493,4.219853936336201
494,4.479468757316021
495,4.607637489625882
496,4.363928943532442
497,4.416730239863638
498,4.432074410010344
499,4.75326770564198
500,5.133621243351628
501,5.243977136821999
502,5.408190127902922
503,5.238659076065427
504,4.998652068285494
505,4.396061746816204
506,4.353262682230336
507,3.9742048256435165
508,3.98103138555613
509,3.7176933028189443
510,3.6577651157396005
511,3.4287470055048956
512,3.3857138072384854
513,3.4978432889674202
514,3.470242237112166
515,3.565836547030267
516,3.582681114921377
517,3.638374724580688
518,3.7293276642009308
519,3.769254941263525
520,3.6961989093920695
521,3.407426671314209
522,3.486596537724765
523,3.328864816502354
524,3.444695840860654
525,3.4133270331494816
526,3.1213431729307812
527,3.0641851663530937
528,3.0973899634514623
529,2.9379088100913577
530,2.7606984479359187
531,2.8735491972816853
532,2.881678836619278
533,2.8489807927790993
534,2.719554769397041
535,2.8041649694285793
536,2.690512152844083
537,2.510130490250388
538,2.426486347006796
539,2.410313975351926
540,2.284368125319475
541,2.2792309264780686
542,2.3144020027616876
543,2.377144408627307
544,2.4624724717173745
545,2.601920524465003
546,2.565920261336293
547,2.579788031747343
548,1.656085779716077
549,1.4816610507144081
550,1.4659011520710428
551,1.4579023889294225
552,1.4702624020657593
553,1.4944074224115935
554,1.5548256160194152
555,1.7407417732769368
556,2.382648901463046
557,2.0454334444610454
558,2.1512722833601914
559,2.409524098041625
560,2.626660927881731
561,2.6173764458485627
562,2.6011822391704538
563,2.300093442251595
564,2.2426795262118127
565,2.29097599726434
566,2.3175848124975413
567,2.198016886952902
568,2.305288348195074
569,2.0798897972337276
570,2.1878954295203132
571,2.1676532549549057
572,2.323674666995284
573,2.1029186105963364
574,2.2282437523076566
575,2.100003657690145
576,2.1761566079559502
577,2.809572277033527
578,2.23532996025553
579,2.0231383537130876
580,1.8148835122832918
581,1.924660300072556
582,1.9140425335306914
583,1.9626123992381002
584,2.0123500116426993
585,1.9656159092902907
586,2.06535761552715
587,2.116516507792496
588,2.1726329779475706
589,2.298487018236455
590,2.385722857814193
591,2.9165081148996737
592,3.6000794812529544
593,3.5431990444869634
594,3.6587879004112605
595,2.495045726066955
596,2.3828735251439603
597,2.4748805561782303
598,2.844710364650983
599,2.2640220267184725
600,2.087924499605103
601,2.126226103064787
602,1.9076904933214804
603,1.8391052958135017
604,1.8654391052102193
605,1.8461487364628655
606,1.9161848719136299
607,1.9874377478472858
608,2.117463679417313
609,2.283557152665314
610,2.227235554977165
611,2.3394774429693292
612,2.327642605940012
613,2.1449079314697963
614,2.375021178622438
615,2.4897879744030487
616,2.56727048630841
617,2.6545604013437805
618,2.619819118181076
619,2.5305717122380256
620,2.4926118659526395
621,2.6024751624119435
622,2.521217899880687
623,2.577291865068593
624,2.5932204040297777
625,2.4775354760857646
626,3.1173253329461748
627,3.313825289715487
628,3.670330228177463
629,3.493175174665073
630,3.6505313252468117
631,3.4718464857392424
632,3.4058214088186003
633,3.4306046506163135
634,4.287662153292087
635,3.4822997185253652
636,4.991549570561102
637,5.223444395115671
638,5.196606061342117
639,5.12056873531484
640,5.264417399688034
641,5.259948476880378
642,4.98561719134269
643,5.024054931626322
644,4.790819172555551
645,4.3346142042006175
646,3.046490277394513
647,3.0296133372783713
648,2.9955870394594983
649,3.0795586752318624
650,3.0816400364834315
651,3.0470220112424706
652,2.9585507548057954
653,2.9037574698491713
654,2.8750464837373775
655,2.890592351152039
656,2.8846874605176036
657,3.006728390960465
658,3.1348097430745465
659,3.588402046909596
660,3.6485863796291613
661,3.535123369580095
662,3.267855911733194
663,3.5128901401694
664,3.5611429337308134
665,3.5963211971027147
666,3.589530864254216
667,3.957644449704441
668,4.1578360827573615
669,4.324840360287362
670,4.627131939358376
671,4.762622367106613
672,4.991579397883955
673,4.838992283600344
674,4.560463009466244
675,4.597914097460933
676,4.329715475912996
677,4.263431460408443
678,4.246914077030677
679,3.7613408623246456
680,3.4560976187928762
681,3.3369673152821253
682,3.1934801785920173
683,3.0217107446405995
684,2.983951933151005
685,2.914573557228138
686,3.1127637117350893
687,3.1328799528938487
688,3.0904403537778733
689,3.1585609198278206
690,3.068020675600305
691,2.843364595324886
692,2.8650474558049064
693,2.8847431738226015
694,2.8111303145178295
695,3.012308975022304
696,2.8777917936065993
697,3.0068991240271212
698,2.8919233765588928
699,2.8072299132241394
700,3.058545450257119
701,2.9971051127213877
702,2.7654369141545927
703,3.146959285356254
704,2.7111471655755706
705,2.6889826750036216
706,2.7445155958306984
707,2.6161648280202616
708,2.647916257126406
709,2.8069172522822305
710,2.7013794801115893
711,2.7370037273773984
712,3.150310161959812
713,3.2027132530252644
714,4.015413262632168
715,3.9658137358674654
716,3.9929551582176086
717,3.9769844365997264
718,3.892485427753376
719,3.759867252284488
720,3.796556244146993
721,4.086075820887852
722,4.12314347457443
723,3.000925564051078
724,3.1118430518232376
725,4.006785916526123
726,3.167677292677364
727,3.148801845946948
728,4.0559243183693265
729,3.0877455099733195
730,3.0287610246299677
731,3.815412199665249
732,3.058180356325322
733,3.0243750646904366
734,3.208463459744213
735,3.5263293686504005
736,3.2723791856493207
737,3.505208801920561
738,3.592416208988711
739,3.448321853826129
740,3.1174266387199285
741,3.542812817166898
742,3.0376209774463163
743,3.051203882424427
744,3.040325410640783
745,3.0878257393510786
746,3.0431173007152816
747,2.916435025930451
748,2.9060626934785785
749,2.9463849816503838
750,2.858210664296336
751,2.8404364042238863
752,2.8093477208680495
753,2.7476174032223257
754,3.1264288075996927
755,2.7592525722974903
756,2.9251851226661882
757,3.030178147436007
758,2.7178066231093854
759,2.7800520907688764
760,2.986391809996976
761,2.9337507751347416
762,2.8198227832388847
763,3.029955288187757
764,2.6428096632266262
765,2.695276473176265
766,2.714729253135083
767,2.935482326935076
768,2.8108568886413505
769,2.772730623022739
770,2.750023940276165
771,3.0485472045912982
772,2.7962092253499984
773,2.77710798157038
774,2.714480472027347
775,2.796450418953037
776,2.8171186311191354
777,3.7274678625777375
778,3.155138999393382
779,3.191919750515343
780,2.9282339439419682
781,2.8599497359483217
782,3.0568388293838713
783,3.1205607138790095
784,4.467601613584149
785,4.187607683382254
786,4.3313554452282
787,3.0622865142776816
788,3.07044267027127
789,3.106722929446978
790,3.090382684204999
791,3.026007943367962
792,2.7881988688687205
793,2.7105653436221093
794,2.643957393169776
795,2.476475013895592
796,2.7046354021405254
797,2.594029655516581
798,2.6189105755752218
799,2.537178449018306
800,2.8391420751974197
801,3.0817664316630684
802,3.2525338502166767
803,3.1439929008572784
804,3.184990595620337
805,3.1346362315309366
806,3.131755856243393
807,3.0777074110990723
808,3.1929853982265772
809,3.274350631570994
810,3.3038270643907426
811,4.122720819206503
812,4.037263395438716
813,4.409334983669591
814,4.661282190537947
815,4.519280882454728
816,4.860395270042042
817,4.624184791644507
818,4.416026941450216
819,4.3797006029156025
820,4.24996886755197
821,4.0621858493087055
822,2.9812413802918174
823,3.195953685643016
824,3.2004197318911456
825,3.250989234222181
826,3.2023127670554
827,3.2112644904801604
828,3.110682695548355
829,3.066004033294366
830,3.152977767232386
831,2.985906288411765
832,2.9196705020392084
833,2.9440463648552258
834,2.9114458354496384
835,2.8887054506135437
836,2.8564823862940885
837,2.8136931966285044
838,2.8801445317230314
839,2.7574025686867407
840,2.915419806129341
841,3.061654919108954
842,3.0580106643553435
843,2.891899010139671
844,2.755578240549923
845,2.850919931400119
846,2.7016065318334817
847,2.589426455354805
848,2.7365666009823366
849,2.7222435354575425
850,2.587447260745673
851,2.7112105279840013
852,2.6737328344976685
853,2.710019282084316
854,2.65836736459951
855,2.796551963827818
856,2.8821886507768673
857,2.7274962583726876
858,2.773754999809915
859,2.7712530645590943
860,2.811752433767329
861,2.7845380956557344
862,2.8595410675580815
863,2.8426630897366696
864,2.750660603648512
865,2.8596186481776265
866,2.8041088789613435
867,2.7962370540878663
868,2.804364570515926
869,2.738592585006449
870,2.619965720920125
871,2.697730738700924
872,2.7549513993203805
873,2.7408671043970796
874,2.6125683494049086
875,3.2067159382283834
876,3.388422878227529
877,3.5077939534532794
878,3.3768729782406344
879,3.6204799943496164
880,3.2022610274219754
881,2.9584239628863287
882,2.5595530309644334
883,2.5905847103781365
884,2.5216350649974846
885,2.335389432913344
886,2.497090512847249
887,2.3817620015442467
888,2.3204771257060486
889,2.360691711149775
890,2.568877648068412
891,2.413752967420043
892,2.343637728233232
893,2.4210133286271334
894,2.6512139119270843
895,2.6899743751304253
896,2.6918309431360545
897,2.8150676776745516
898,2.760396800082171
899,2.8067874489739375
900,2.7967652345244596
901,2.7997071309273274
902,2.755359025061117
903,2.717804477512143
904,2.7019867967558073
905,2.8018545634247336
906,2.8069315825546184
907,2.767088046252865
908,2.8482298591729727
909,2.762259526303373
910,2.805426046687373
911,2.873835231945451
912,2.8415583783930924
913,2.8813774174901674
914,2.91080657134241
915,2.961285982094542
916,2.9369711206810636
917,2.8955849086830776
918,2.7309443922561276
919,2.7426649533146175
920,2.7748015979011664
921,2.776713224473547
922,2.542814825477811
923,2.6205334385236325
924,2.4652227660711894
925,2.3289617047868263
926,2.6233727102054356
927,2.704140467794367
928,2.525657379151726
929,2.595324393365692
930,2.773397469672943
931,2.7837224700624272
932,2.9234197808171105
933,2.522382018550163
934,2.36328266657435
935,2.2787919161856736
936,1.9979203955348914
937,2.0606678032900163
938,2.03125612593965
939,2.029704703488564
940,3.918198191633548
941,4.791897182830945
942,4.636491727027775
943,4.405436954834308
944,4.401556283072292
945,3.428405836211286
946,3.9098252141437433
947,3.587201147651318
948,3.4830477004087546
949,3.486387071537709
950,3.513189703504721
951,3.284318562530454
952,2.82990493867083
953,2.4507623136893115
954,2.0597652432681213
955,1.9097729117809545
956,1.8524291122958843
957,1.6203477121082641
958,1.6860717691734144
959,1.5523650319778621
960,1.5186959627943
961,1.5659865041249272
962,1.6720849168823417
963,1.7352017451917647
964,1.8199876275303715
965,1.944516575672598
966,1.8154122731950977
967,1.9118250835871724
968,1.9208742868741582
969,1.9550039519615672
970,2.719770903990749
971,3.65356264188858
972,3.630519795976826
973,4.0800017809905285
974,3.8207361619662334
975,4.452587429068655
976,4.463267263996869
977,4.616784611028683
978,4.2865454209060685
979,3.376038053717379
980,3.7993357081978645
981,3.397280725819158
982,2.916504909282516
983,1.9953733700202871
984,2.7512480092506997
985,2.651008334595241
986,2.552819475436528
987,2.685920299734456
988,2.7066918057378606
989,2.61519367230574
990,2.7654072285453815
991,3.1838982123179385
992,3.2864893842775196
993,3.7668283592177323
994,3.87210178725014
995,3.708021426568905
996,3.6481269036070056
997,3.5666739441048083
998,3.472674670852645
999,3.4760613831392506
1000,3.315956930159623
1001,3.8413130653838987
1002,3.8018855923086554
1003,3.8601879270381327
1004,3.7378614310326492
1005,3.6306288067194905
1006,3.558539379398223
1007,3.426901946280501
1008,3.3460562413098858
1009,3.8376957097522917
1010,3.327097000610955
1011,3.0074510381083726
1012,3.4661146067822677
1013,3.037366396834683
1014,2.9157466396787703
1015,2.7327422055612915
1016,2.8389490884786923
1017,2.986021395025366
1018,2.883335589611025
1019,3.0873331774741026
1020,2.871111657341688
1021,3.384551435831248
1022,3.656130490445612
1023,3.900569071210939
1024,3.7255513632791373
1025,3.1373857449651794
1026,3.0772293847907446
1027,2.820203447851518
1028,2.735680904069416
1029,2.867145962642267
1030,2.8086621261374023
1031,2.688231085762871
1032,2.771356111898239
1033,2.7735758408673443
1034,2.684783475137019
1035,2.578490152840599
1036,2.6685726004077868
1037,2.591081787156615
1038,2.802921781999111
1039,2.610401024730379
1040,2.9446528691950076
1041,3.800440870162748
1042,3.6757265553183784
1043,3.519260135186127
1044,3.36330199466175
1045,3.2542541300584094
1046,3.343919063336686
1047,3.2079673266873248
1048,3.2794080420507457
1049,3.0086494138380315
1050,3.558259128084712
1051,3.0207672457071246
1052,3.032269080695995
1053,3.0209150813478693
1054,3.024898769484586
1055,2.939517855654975
1056,2.686087725222887
1057,2.732625678811652
1058,2.840380240002713
1059,3.003333710727507
1060,3.889475609335649
1061,3.8771427412609096
1062,3.7443733291232513
1063,3.587551278020497
1064,3.408118256339151
1065,3.3352161025129656
1066,3.258158969289809
1067,3.279817794251149
1068,2.8853197657790504
1069,2.859862566230204
1070,2.9137818269486466
1071,3.4509348070080827
1072,2.4972173334078107
1073,2.561293291235337
1074,2.6280988980058093
1075,2.6003088483160846
1076,2.7878935601433925
1077,2.9508968078542637
1078,2.804768734154669
1079,3.11536184997003
1080,3.32711366376695
1081,3.350156863075395
1082,3.364474501253013
1083,3.4016503358878794
1084,3.6099667355509015
1085,3.6761247870759424
1086,3.5629190498304166
1087,3.6773619593411793
1088,3.5285764592808158
1089,3.841396858744241
1090,3.8683016855443904
1091,3.7520404002323664
1092,4.019145664050304
1093,4.134334287181803
1094,3.998790857807914
1095,3.8802575676541573
1096,3.650464905860017
1097,2.629414558504393
1098,2.7553535155703957
1099,3.0370122459662747
1100,2.864956741521962
1101,2.746007090900673
1102,2.7607316800076496
1103,2.7796409043406007
1104,2.8606236732834986
1105,2.809779612354174
1106,2.776656792869566
1107,2.787110211309621
1108,2.771242887727424
1109,2.7398398393095187
1110,2.705835972132427
1111,3.2912474935251512
1112,3.4470666126980984
1113,3.8743783085603947
1114,3.8402230397687975
1115,3.40855003561056
1116,3.4071064188005167
1117,3.6201948197722538
1118,3.7601995260064798
1119,3.2380656274929662
1120,3.9210408416089853
1121,4.185914052981112
1122,4.324992330971202
1123,4.617962559729985
1124,4.856481283211488
1125,4.764600950647119
1126,4.976177113822389
1127,4.8749401641083026
1128,4.715162769796237
1129,4.382779131289176
1130,3.1429404676502157
1131,3.1785996481133334
1132,3.311987154328681
1133,3.334472843253053
1134,3.1551199600023225
1135,3.1177758541203544
1136,3.064698659945798
1137,3.0271789632898805
1138,2.962560958308048
1139,3.200968172081961
1140,2.8514583853257705
1141,2.861157049126833
1142,2.674614929884774
1143,2.6448236705095023
1144,2.5543487811565244
1145,2.5702526979844436
1146,2.622756680588428
1147,2.552985614301979
1148,2.884517330028118
1149,2.8719159753276005
1150,2.779257518740365
1151,3.0024681625713585
1152,2.7674366380055706
1153,2.855919391301692
1154,2.800839270303276
1155,2.959776543693141
1156,3.73584453108585
1157,3.217430883521165
1158,4.475986181544033
1159,4.346867765910829
1160,4.30802873019876
1161,4.2507554573921
1162,4.142704064179122
1163,3.9317893345154866
1164,3.9387956962143935
1165,3.7869820146147783
1166,3.9491783968244567
1167,3.814855154424039
1168,3.887980868762187
1169,3.762758762799107
1170,3.973867493083603
1171,3.7033260870243057
1172,3.8064249543922863
1173,3.424799730145582
1174,3.4719517286577393
1175,3.755460197375524
1176,3.08670388594206
1177,3.0615803264069736
1178,2.99998639501823
1179,3.058537394298654
1180,2.801981533410877
1181,3.104634974464823
1182,2.8217674006424565
1183,2.6401340491621283
1184,2.7054037219487905
1185,2.768838865627671
1186,2.5492354310155356
1187,2.577243283457664
1188,2.565643487242404
1189,2.4550980637006585
1190,2.7735806710299116
