,0
0,4.139693562127426
1,4.287229152418269
2,4.225871460041147
3,4.31744509741387
4,4.837480081530055
5,4.2626115108750495
6,4.841261119211768
7,4.4675779633418085
8,3.6586772177271736
9,3.372479129824127
10,3.340154184301253
11,3.1845582331525275
12,3.130826778584745
13,3.4104992714872733
14,3.1301365113950776
15,4.18835443371952
16,3.0978314794619535
17,3.1346849827693783
18,3.1415457477457016
19,3.128228814033607
20,3.113736380895025
21,2.9040884748801923
22,2.829506228460447
23,2.6342147770586317
24,2.852851169103192
25,2.9255775338433883
26,2.8663429248613617
27,2.634382127927572
28,2.6077106068389346
29,2.398860584025928
30,2.1760169088794847
31,2.2590593909314447
32,2.1918224595337157
33,2.028985930474124
34,1.9331137442742268
35,1.760643778804134
36,1.7198187530150038
37,1.7422802029133746
38,1.7260007808795252
39,1.7839878115599224
40,1.8013428698194713
41,1.5849747584818172
42,1.6728277820723316
43,1.9433231626377252
44,1.9363771839696169
45,1.8962902849290677
46,1.593273671865641
47,1.830191263376269
48,2.2963346978070356
49,2.4134135563174204
50,2.429352026068519
51,1.9340266995450923
52,2.7685712614289493
53,2.6881428364886015
54,2.731239472724473
55,2.814796899573062
56,2.8153359673676572
57,2.820071592448455
58,2.850953182850174
59,2.7166676249362163
60,2.617993185655994
61,2.5815522548392296
62,2.5074839456335845
63,2.446941675791297
64,2.4064003554004003
65,2.2014130135693804
66,2.154832753004179
67,2.1286998863636755
68,2.0808757446844988
69,2.0851823114959873
70,2.112615077983301
71,2.2790764626885522
72,2.434497429543716
73,2.522925994330012
74,3.0660611612797934
75,2.665735541805928
76,2.982224561553399
77,2.6407900239998066
78,3.7488638091594413
79,3.644253850500824
80,2.85204704756521
81,3.3513661692018992
82,2.578989143337799
83,2.5337898244502144
84,2.383161429819047
85,2.382436029714763
86,2.4855312567016936
87,2.1897349809864024
88,2.353641568736816
89,2.061992416118472
90,2.0393230460613836
91,2.06273731848428
92,2.0751633232811906
93,2.068639402756437
94,1.8404581758625744
95,2.0706161928387448
96,1.8273379013220006
97,1.8016925748414205
98,1.804368759363559
99,1.877225658579114
100,2.0047498834137873
101,2.0849572394652958
102,2.419093099959373
103,2.1408427516752098
104,2.2165943185928088
105,1.9742448669526647
106,1.8990535480440769
107,1.7860244040518758
108,1.715505287321466
109,1.7211110774800373
110,1.6444109571435952
111,1.7746221853797903
112,1.8069862408144024
113,1.73166418865431
114,1.8495620885634527
115,2.364876555488282
116,2.7587269622854396
117,2.7775806465400352
118,3.2356458822591136
119,2.878599435064698
120,3.71680367832628
121,3.675863203869106
122,3.749597579035645
123,2.6224599265655417
124,2.6191464793693235
125,2.6741733205811538
126,3.2528335444680563
127,3.0288906015772703
128,2.5763704335394095
129,2.512407346817227
130,2.436802370961701
131,2.731865081661938
132,2.349262173333204
133,2.6459867299420523
134,2.4321371466441635
135,2.5348003774425876
136,2.5259334579019974
137,2.561310963409909
138,2.951208362074106
139,3.0931188767969577
140,3.268841486071863
141,3.197046185905948
142,3.552900658793563
143,3.357225666597105
144,3.5034732844531997
145,3.4224499215906725
146,4.192689191341684
147,4.1062484678436535
148,4.302159660614076
149,4.039049550985151
150,4.1239647599847515
151,4.547258822679289
152,5.081884271547729
153,5.627986376320222
154,5.324600677108035
155,4.732874902210417
156,4.83802467860147
157,4.798102449417206
158,4.779021434687255
159,5.029090759182989
160,4.7807526595286545
161,4.696522610369215
162,4.474404166290734
163,4.281580969947495
164,4.544447294373117
165,4.261890566059288
166,4.398432659362408
167,4.38153355628832
168,4.363954938098
169,4.409372412083545
170,4.350469090268547
171,4.376876267501142
172,4.154844146242855
173,4.0513938857173395
174,4.138101238994363
175,4.215026958829219
176,3.455300800534229
177,3.5903072542716927
178,4.45114393330899
179,4.473250918305425
180,4.6387356620134295
181,4.734899886224988
182,4.78111627164425
183,4.806130222038075
184,4.846441077719226
185,4.479947644833087
186,4.80666669691506
187,4.538796909788598
188,4.511570602458512
189,4.051326544012611
190,3.814151111221155
191,3.891526441222673
192,3.8769865121935148
193,3.8583743257916283
194,3.9060280252511688
195,3.7368583976827874
196,3.7244426559259995
197,3.884447971366967
198,4.179861877960475
199,3.897549246016212
200,3.782096683639311
201,3.84004777171474
202,3.6528271309358096
203,3.749604511350217
204,3.426434693147315
205,3.519816110811728
206,3.0396481967771263
207,2.8473433703383595
208,2.8639187439609675
209,2.911930176811999
210,3.507189232925791
211,3.0577691866479766
212,3.040670725388623
213,3.0811003690200387
214,3.11111824409154
215,3.15132830223639
216,2.6164552412967104
217,3.1725719925869673
218,2.5469005415102015
219,2.477405291576477
220,2.4402858869514876
221,2.3986460630658937
222,2.310274876640295
223,2.4215854016541694
224,2.161758442229461
225,2.2097202895912393
226,2.289232567044583
227,2.4710697484066353
228,2.595970228713478
229,2.7500495347818226
230,2.759162212917872
231,2.787514307124246
232,2.710333292412198
233,3.040705976266704
234,3.309861877185677
235,3.5886534565071044
236,3.5527580857902454
237,3.497942056329593
238,3.4397471527756633
239,3.545847261644579
240,3.29930339192873
241,2.841388668844721
242,2.936971893479258
243,2.6286486383812675
244,2.262063658228502
245,2.3070423906273265
246,2.1742757245681656
247,2.155112344327626
248,2.127374446365242
249,2.141231554219886
250,2.0702206472039006
251,2.109691600104118
252,2.1053911617940604
253,2.1343751900947803
254,2.4838229993306493
255,2.810651160813215
256,2.8408006905414194
257,3.0842345928666437
258,3.1154424537850502
259,2.942826815941447
260,2.8358119242590094
261,2.8732673425298154
262,2.707696746286089
263,2.4367689874514245
264,2.333166311095009
265,2.2002621585290427
266,2.106895028856368
267,2.30866977939537
268,2.421570195427934
269,2.4529151671833285
270,2.4118367298084338
271,2.450819071986249
272,2.351213515215899
273,2.4182983368763287
274,2.188646360540692
275,2.421393833513717
276,2.603594924713105
277,2.5428161998328256
278,3.940427645816652
279,4.066317579374824
280,4.654226361072172
281,4.209372274514353
282,4.546488697440255
283,4.494339485140765
284,4.392695252458277
285,4.43711202592386
286,4.614167334445381
287,4.786076469038592
288,4.152541139598246
289,3.8631248180104167
290,3.819467344847693
291,3.6958244410533947
292,3.641147382654396
293,3.5842942453696196
294,3.4636814778348177
295,3.3347611830596176
296,2.989301187381681
297,2.8855722686443164
298,2.899315408608977
299,2.4327360105507685
300,2.5099298645217387
301,2.5032238764148844
302,2.4861446693128384
303,2.479979912208728
304,2.465767209061638
305,2.493819313839938
306,2.07894335876396
307,2.07473922413099
308,2.03968401367548
309,2.0368727791658707
310,2.0532678576553067
311,1.9665077642849835
312,2.0383470600133204
313,1.9247559725467196
314,1.9127747642871076
315,1.8269646319139503
316,1.7333614703360387
317,1.6847181694858107
318,1.6282791664956302
319,1.5977703351827588
320,1.5211064233062737
321,1.6193587626825974
322,1.4977526405403707
323,1.492761114239248
324,1.453883096295747
325,1.438329428199339
326,1.4044963947674518
327,1.3764587338832495
328,1.397011574119485
329,1.3229320695023985
330,1.312410475477901
331,1.3226933366918996
332,1.2740678839484338
333,1.265496183763654
334,1.2088271751111161
335,1.1989180191608961
336,1.1887897762883326
337,1.1655222267354253
338,1.1537409803681289
339,1.1427842805627484
340,1.1195621944533407
341,1.059923466790761
342,1.1513370886572953
343,0.9487002820346464
344,1.064785186900949
345,1.0265393252111525
346,0.8624453440418379
347,1.1018378768075954
348,1.0448836108194601
349,0.9118693518341198
350,0.9102773874948223
351,0.9766131592888476
352,1.1202586042266907
353,1.3000575822663527
354,1.7985619826981798
355,1.7360812127655563
356,2.329279290503261
357,2.407672677583667
358,2.089520191411033
359,2.0198062785635718
360,2.4351934716028736
361,2.475414605665429
362,2.535035614417784
363,2.5095141238465333
364,2.722993109653521
365,2.6118618769280215
366,2.6599148046690884
367,2.6169396400680425
368,2.4229754927806297
369,2.0710528499746834
370,2.04347010580609
371,2.045652997301397
372,2.047170930877778
373,2.0387187920193717
374,2.047728122097346
375,1.9645978460125608
376,2.039096571891506
377,2.131429744736192
378,1.9949910493578797
379,2.024236062668017
380,1.6639533593816063
381,1.608406463335274
382,1.6271816588853507
383,1.5441110258825652
384,1.4400769817827737
385,1.3566563919213122
386,1.3433041116696716
387,1.3202737358870758
388,1.3349256704932706
389,1.3195517029703547
390,1.320813547467923
391,1.299448994770012
392,1.2933297820979737
393,1.3491443741909201
394,1.3480858220778946
395,1.3485587533579881
396,1.3211066637942472
397,1.1661751872857478
398,1.2543900888703141
399,1.2345089470513084
400,1.1536862710268705
401,0.937011279657833
402,0.8827807838441388
403,0.8793018317813186
404,0.8743890906503017
405,0.8541499392382447
406,0.8545999334200945
407,0.9477817952650986
408,1.0045754012510155
409,0.9860226167798506
410,1.2239906847908044
411,0.9740167842346973
412,0.9484705022465098
413,0.7797082009714391
414,0.80326980730586
415,0.7730802292776562
416,0.7543040247360431
417,0.7517738798376264
418,0.7468576258545319
419,0.9055207363995691
420,1.5692082652517483
421,1.9438729130454246
422,2.0250628309812093
423,2.4863976570610737
424,2.5915104798561033
425,3.6324300321549674
426,3.6508370006801467
427,4.244128597137339
428,4.340719711146744
429,5.278122296295529
430,5.964718437211682
431,5.993970095577029
432,6.009148124235301
433,5.954569833731478
434,5.971347316000982
435,5.971347316000982
436,5.971347316000982
437,5.971347316000982
438,5.971347316000982
439,6.057012875138094
440,5.978756960589674
441,5.361529466870298
442,5.960985544204802
443,5.439001318817144
444,5.454738402067873
445,5.377578899677148
446,5.406593479002547
447,6.026448652293529
448,5.4166859586145355
449,5.398493382290748
450,5.403738856058423
451,4.721700596994059
452,5.197364749290788
453,5.197364749290788
454,5.406593479002547
455,5.326088467725898
456,5.395153796624453
457,5.395153796624453
458,5.395153796624453
459,5.255769799451712
460,4.452087100521928
461,4.4652432370695125
462,4.422820121148903
463,4.4052415029585825
464,4.361081024963829
465,4.144355718383309
466,4.144355718383309
467,4.334673847731233
468,4.139048903705541
469,3.949337720909712
470,4.139048903705541
471,3.791029915230357
472,4.196850448827357
473,4.239959660538347
474,3.9412669850596367
475,4.580890412894246
476,4.648681803959151
477,3.7902070761610256
478,3.964103905819166
479,4.210465421165802
480,4.593697780951889
481,3.9274181542694504
482,3.9087888611991346
483,3.700699776129535
484,3.679413628870353
485,3.944059706792116
486,3.6266124270424434
487,3.714424826769237
488,3.856001366085652
489,4.335986349882403
490,4.456905933008007
491,4.850618386770617
492,3.5967689001532084
493,3.7628597642132364
494,3.7333452928909323
495,3.114128314939075
496,3.149726011056751
497,2.7095099224873382
498,3.4530715975707564
499,3.151060002172366
500,3.097052349056954
501,3.348988701487686
502,3.341326788470259
503,3.0852828841806783
504,3.0408087741994256
505,3.1517282972905187
506,3.169391222811529
507,3.2143414506001027
508,2.688685957453781
509,2.841067048846766
510,2.7868466478199445
511,2.837877227971905
512,2.7750163427989962
513,2.7099746129442206
514,2.7752256075810133
515,2.5905287543708218
516,2.6603645667201072
517,2.559643081420017
518,2.5763587727754733
519,2.9805536508962622
520,2.7889022251253905
521,2.814632841354004
522,3.633310001907219
523,3.68828397772671
524,3.722179445020535
525,3.8012660596982464
526,3.7161745577295826
527,4.585533010940606
528,4.586705694796695
529,4.819357297201085
530,5.292770461169208
531,4.985438106518837
532,5.775541197883673
533,4.908127450410675
534,4.904330022484444
535,4.93347451389637
536,4.696011632946441
537,4.680856743062777
538,4.5216806266202685
539,4.217554437089537
540,4.474458562230273
541,4.23413575222232
542,4.556524688091049
543,3.3918951252445977
544,3.4074363185355607
545,4.126596746940357
546,3.296898192377137
547,3.3352655948803345
548,3.227640598777947
549,3.543230919261645
550,3.5258744424248736
551,3.7638222398431167
552,4.380363212965595
553,4.476618955180956
554,4.6336052227358335
555,4.743577738600498
556,4.665849545732644
557,4.366435264733943
558,4.332538677784141
559,3.4406418466074884
560,3.428858938265435
561,3.5121651355901733
562,3.491880118933084
563,3.36645329077416
564,3.4682096422485147
565,3.4577302850234513
566,3.2671013272753577
567,3.4557437428477
568,3.05676786298458
569,2.9399973118094955
570,2.625401254704063
571,2.5778685780474735
572,2.6045108907425325
573,2.7474236297551013
574,2.669655881601012
575,2.3323903573894085
576,2.538623691206152
577,2.4957391950362324
578,2.6698597001922746
579,2.421835055821785
580,2.4867278658621963
581,3.060309973799858
582,2.9307354684374385
583,2.9504277706520328
584,2.7737432923442937
585,3.225749754561855
586,3.317373859236791
587,4.148304809555341
588,4.530318065414409
589,5.888020235347023
590,5.008445985250091
591,4.910561029393308
592,4.92181707758107
593,4.768945194267445
594,4.787300477908876
595,4.621312865251583
596,4.148348374191602
597,4.024647437440453
598,4.296130344681123
599,3.787609926675468
600,3.954493830915908
601,3.616149559935661
602,3.8109935549061036
603,4.324842597155687
604,3.3472881963350303
605,3.5378170224747616
606,3.18856630818046
607,3.440698717402623
608,3.332216906988284
609,3.4080366562389677
610,3.776409847389227
611,3.3172450182091637
612,3.372404094185245
613,3.446425540346948
614,3.432791308206385
615,3.2889681454150215
616,3.231546509644646
617,3.0193197026238936
618,2.7990742497159693
619,2.860146560060214
620,2.7996202715694785
621,2.8000675714539964
622,2.7475057407363717
623,2.7783137993639184
624,2.972531526858886
625,2.753046738217311
626,2.632236199403025
627,2.5910991165335417
628,2.67911604482649
629,2.652452263872331
630,2.6118651218657853
631,2.589262449161399
632,2.579437243413373
633,2.586577082720697
634,2.4030019631792263
635,2.5335674525425973
636,2.5448391644790402
637,2.2824866440093374
638,2.2159199264063623
639,2.152775666657167
640,2.0937537243078457
641,2.1217165213536044
642,2.1209277610315733
643,2.2296021997926436
644,2.089407079400305
645,2.1370135058017476
646,2.1414068073181527
647,1.8970312488648082
648,2.0423609247341585
649,2.034652610245323
650,1.791417760217453
651,1.7535292920182777
652,1.6729857976937637
653,1.718937160936062
654,2.008233190024832
655,1.7694448995452428
656,1.5226397806236704
657,1.5378456762973896
658,1.5407343204173647
659,1.559801666280659
660,1.5486951038198191
661,1.4849305156259436
662,1.448971088580923
663,1.4784381968937585
664,1.4037762012178971
665,1.425628849224181
666,1.401206567717356
667,1.3686278799872642
668,1.379473129714568
669,1.4255867382224696
670,1.5248798168394189
671,1.4057515953357156
672,1.5072305670884083
673,1.373393303154317
674,1.5064445798081374
675,1.5184129281008183
676,1.6961551076838552
677,1.6124372055374838
678,1.5990469707602435
679,1.919975780991896
680,2.807844307762552
681,2.6791201746277116
682,2.389805180782094
683,2.6121056500758733
684,2.728298827837038
685,3.257446047648809
686,2.8169179707718563
687,2.741736924220532
688,2.657028763205013
689,3.0850924099347488
690,3.8729347171638704
691,3.7637032513454307
692,3.8101659001846233
693,3.9549600540258214
694,3.6949234733614804
695,3.8766999386745353
696,4.173552134101388
697,3.97070500896331
698,3.990328869772087
699,3.967298469056243
700,3.932679577083059
701,4.56468182411672
702,4.4264616228489055
703,4.0264070360965505
704,3.7735621723297794
705,4.870707366768349
706,4.749277939263065
707,4.235480135391204
708,3.586830030168198
709,3.8626398046426664
710,3.467074554118224
711,3.423588742471187
712,3.308438295091475
713,3.2770900319326035
714,3.221062384857844
715,3.148936814855277
716,3.159773401089362
717,3.145503932190618
718,2.9599739575442716
719,3.070474681247052
720,2.9585547348562864
721,2.8624388950291118
722,2.8820114186684176
723,2.845352983394459
724,2.6382851593629715
725,2.613035285549721
726,2.599501703405914
727,2.6358119726494174
728,2.596477806360947
729,2.216752354029986
730,2.2053042308543565
731,2.189522962674578
732,2.078309138671483
733,1.930946358016459
734,1.9079973457883166
735,1.7055583816588782
736,1.6679748633712987
737,1.6006723533005813
738,1.5172033450029638
739,1.5384419395865532
740,1.5405397605976112
741,1.6911422972752643
742,1.4409993485895016
743,1.6393368448099972
744,2.339520945674928
745,2.77885978579665
746,2.8031449934967516
747,2.8031449934967516
748,2.99418031656996
749,1.7422905827359245
750,1.7418617741008529
751,1.8045983875797655
752,2.750283078222117
753,3.140612965393727
754,3.79541087207136
755,2.873275162225744
756,3.3097767273934027
757,2.596268793343694
758,3.595768548252186
759,3.772304857779935
760,3.8498056105856935
761,3.800117209072582
762,3.7018856087657626
763,4.343335366051799
764,4.368998556157307
765,4.294218924196468
766,4.1844746848543215
767,4.645996323341289
768,4.158439065676089
769,4.594086093174786
770,4.0649427798645705
771,4.058356858964662
772,3.347042420238013
773,3.3991626646394915
774,3.6211313822901836
775,3.067099313024758
776,2.8735452665778736
777,2.757579576983737
778,2.599632156090069
779,2.7184222539999716
780,2.394771060258279
781,2.7264249905053326
782,2.746260452309174
783,2.952066222412659
784,2.939931545139685
785,2.7744769319580262
786,2.7769423908198982
787,2.859259019543157
788,2.855854092641743
789,3.0252625867099647
790,3.0788892523267752
791,3.089774256845078
792,2.973926876310291
793,2.429427100744574
794,2.3809480493010344
795,2.3239948548573124
796,2.0916615072801057
797,2.083044268836166
798,2.091101411294724
799,2.0849529394593413
800,2.1145958015413315
801,2.08982033458446
802,2.0657548137504005
803,2.0456916723067575
804,2.0098322315408903
805,1.744652997910464
806,1.7622981857335211
807,2.736548442570796
808,2.9706874032632586
809,3.5847348468478195
810,3.717452728812327
811,3.7209499659412173
812,3.565114611249352
813,3.5334819461015834
814,3.488710145240669
815,3.4309166433852636
816,3.6139968363748745
817,3.5495455902550255
818,3.4892845764691107
819,3.865048397293158
820,3.84425361599517
821,3.5906502769063695
822,3.68489723461538
823,3.527152158383774
824,2.9672815817821876
825,2.7867179021450106
826,2.752575290511816
827,2.4678161999894797
828,2.147073680178432
829,2.186952238262291
830,2.0574981137908885
831,2.1806397466713068
832,2.2014260708181133
833,2.418633482672884
834,2.332190938736191
835,2.2662196636227456
836,1.8404760457707257
837,1.6891603153405803
838,1.6890256052302135
839,1.9865607209703395
840,3.6043641010177807
841,3.5517234905653026
842,2.6420129990893417
843,2.3898145507073965
844,3.195214810976903
845,3.0202903520885447
846,3.6521243613613263
847,3.7484032315622553
848,3.647754699044594
849,4.092826443375334
850,4.147887725275246
851,4.578995755431386
852,4.722593861452841
853,4.6430110230350214
854,3.8603816224841894
855,4.0153826328333695
856,3.984360588684921
857,4.167222753900751
858,3.9044992734964348
859,4.848202869448155
860,4.228740357145145
861,4.569652870053303
862,4.568308188141753
863,4.649178171959106
864,4.435933129829291
865,4.856314081478315
866,4.983185034245028
867,4.857262686068292
868,4.942743588403893
869,5.1054125036057325
870,4.707743753557439
871,4.91844037139006
872,4.575869815395846
873,4.343366374190327
874,4.58632202414623
875,4.118319759342547
876,4.532665148666724
877,4.2349006908694315
878,4.134873798019574
879,3.997103219294943
880,3.649492140704195
881,4.090699942064346
882,3.4048028073544345
883,3.550406630546849
884,3.5317440224121746
885,4.25753319024513
886,4.3661062976342455
887,3.978694570621727
888,4.024072840725375
889,3.6029587659136793
890,3.425413115781871
891,3.2320517042164854
892,3.139971128117187
893,2.9622923546748683
894,2.836985807481091
895,2.830664282595805
896,2.8645944831536903
897,2.844130167083067
898,2.773324212468779
899,2.6457721924541953
900,2.6026674105075984
901,2.1961261923336597
902,2.645337144985046
903,2.1347910074305405
904,2.0660993440957114
905,2.2378013084011563
906,2.0620108973648064
907,1.893823720535609
908,2.204267893028925
909,2.3533645403780277
910,1.8813464644496647
911,1.6063639056507968
912,1.6269234734987728
913,1.8089981193814022
914,1.7521730531519208
915,2.4393645555290084
916,2.767226718821906
917,2.8459706862571346
918,3.2317075975705
919,3.597253084960801
920,3.6936357735566236
921,3.206297914205734
922,2.6219608421188036
923,2.6789265429783105
924,2.93158757966173
925,2.8596633538108
926,2.3649742816159853
927,2.7466648595954912
928,2.8842929555541827
929,3.480216418199431
930,2.8386098387340097
931,2.864276125534203
932,3.278485634417036
933,4.064402808449446
934,4.7891797318063185
935,5.112978860735542
936,4.9453338380671115
937,4.853978993393199
938,4.944894613440113
939,4.836514697264249
940,4.748724813948289
941,4.671479245346768
942,4.5928694168136035
943,4.6911669018708935
944,4.632551673962404
945,4.698458236463149
946,4.579637126059015
947,4.607689221515212
948,4.400529075194338
949,4.588143626231908
950,4.69652290722655
951,4.518533955197939
952,4.7975939525092235
953,4.806509507348723
954,4.741993779798522
955,4.8309773421595965
956,4.801957075214948
957,4.872490824868912
958,4.860370180917256
959,4.884173217837007
960,4.794087187431682
961,4.760940991281399
962,4.753710847080287
963,4.310286965069273
964,4.772156057661053
965,4.50972665644683
966,4.235093223284715
967,4.598604376665113
968,4.666344351721562
969,4.110205257365334
970,4.148083460762477
971,3.977127511978843
972,3.9026379202769133
973,3.804962466626649
974,3.7279372634614627
975,3.9724985938088553
976,3.6799645190396366
977,3.800598301373786
978,4.057736330778605
979,4.227361398906605
980,4.709775354765522
981,4.754904855123233
982,4.8301222392595005
983,4.932964257434641
984,4.834996835142295
985,4.843842035529957
986,4.78452429814248
987,4.711042602624958
988,4.6511397390601035
989,4.6478293839734635
990,4.6959845341369
991,4.689660312599373
992,4.605746258050841
993,4.5419693073488485
994,4.509536582937249
995,4.58371558905376
996,4.612413325011351
997,4.710486875532199
998,4.786348366599962
999,4.6098639509332715
1000,4.474310610610808
1001,4.501541032720628
1002,4.6282470528913935
1003,4.556065935353683
1004,4.42071052927081
1005,4.608986236077407
1006,4.565841010520333
1007,4.75470380168078
1008,4.763994365558342
1009,4.844429114648372
1010,4.714849480519924
1011,4.723270512400284
1012,4.699536827278404
1013,4.746083215377169
1014,4.107205002774464
1015,4.300564065356292
1016,4.146859314998063
1017,4.034979967037149
1018,4.127765554521629
1019,4.270520671487945
1020,4.523631534735661
1021,4.181797249129595
1022,3.9540445214966504
1023,4.098579562589308
1024,3.8966008237155805
1025,3.21939715761174
1026,3.2058579267377905
1027,3.1756252483605247
1028,3.177391573062226
1029,3.0296745833580148
1030,2.4664621113828775
1031,3.0090140411871547
1032,3.1252722380305507
1033,3.12473872725319
1034,2.9926991116334816
1035,2.514205062758272
1036,2.5110707436536748
1037,2.1016590536477304
1038,2.1879464367379104
1039,2.095049400470912
1040,2.0767104206448415
1041,2.1373402245696806
1042,2.0655895045999224
1043,2.0787591611809946
1044,2.2625504336154916
1045,2.38517952491231
1046,2.2726605681327507
1047,2.3934908168041265
1048,2.4567933668432858
1049,2.435884732924515
1050,2.4722980459705126
1051,2.3298019927182203
1052,2.5210639926299723
1053,2.493445051625916
1054,2.5913596041435993
1055,2.5394789477735538
1056,2.6446099950902457
1057,2.6094088256638135
1058,2.5133196350574583
1059,2.689593588161619
1060,2.8355295108858685
1061,2.7437206800896154
1062,2.4759397463891673
1063,2.425126955858826
1064,2.286835894018972
1065,2.2941536228372463
1066,2.4428407109582304
1067,2.4140784370091826
1068,2.333272620027021
1069,2.2919410052593325
1070,2.6040478105232934
1071,2.432669444755588
1072,2.7032911951787746
1073,2.640881489532174
1074,2.6868666675405617
1075,3.437795778878984
1076,3.475981989838814
1077,3.5412632372103223
1078,3.5876355472004673
1079,3.6273403878579518
1080,4.098025613491929
1081,4.233443714671544
1082,4.121539184152912
1083,4.188229928697319
1084,4.364342407417239
1085,4.551959803371695
1086,4.082724008247422
1087,4.171425396749801
1088,4.638420676397516
1089,5.666948492445429
1090,6.0362411965036475
1091,6.137455479278026
1092,6.137455479278026
1093,6.200335550910021
1094,6.137455479278026
1095,6.164171057659048
1096,6.14799231629986
1097,4.6508319325379786
1098,6.14799231629986
1099,6.1841568095508315
1100,6.227236332499253
1101,6.227236332499253
1102,6.200335550910021
1103,5.6546477063658385
1104,5.5598034677254455
1105,5.0327187811509715
1106,5.2894173120169
1107,4.760842289165227
1108,4.463519347822417
1109,4.45210121151567
1110,4.45210121151567
1111,4.4637655449280205
1112,4.393197889700671
1113,3.9250925180275105
1114,4.177003284569014
1115,3.8185136712570773
1116,3.724966753637372
1117,3.4806889737021964
1118,3.5392740818824313
1119,3.514352358751911
1120,3.4670597024453307
1121,3.1224112617952318
1122,2.98679366761407
1123,3.092173441593852
1124,2.9060415288190784
1125,2.850179349068388
1126,2.844077774770561
1127,2.4353100463663635
1128,2.8492162762578315
1129,2.441604348770819
1130,2.6427563573668373
1131,2.59158101960614
1132,2.442737579480435
1133,2.4154501623694897
1134,2.4184689858979898
1135,2.4257432746449377
1136,2.431317768387601
1137,2.486660519472401
1138,2.4724302846429835
1139,3.1909261554954913
1140,3.2203648901153703
1141,2.5907749361985086
1142,2.411915365588667
1143,2.9978022858171913
1144,2.4982343024704114
1145,2.4207588022910964
1146,2.4952780860408916
1147,2.562347075794145
1148,3.199505305223111
1149,3.1284763367513393
1150,3.121898401855649
1151,3.250501376630941
1152,3.2205204156248843
1153,3.2271668511263094
1154,3.316341060306898
1155,3.610201804306632
1156,3.5509616554892744
1157,3.592197767053014
1158,3.629523930489606
1159,3.656441671126542
1160,3.4296163054276176
1161,3.4522193771726037
1162,3.5732687539895136
1163,3.5357857345333685
1164,3.550716056619532
1165,3.4421181785928154
1166,3.1298274422383936
1167,3.064580282248408
1168,3.024826352953183
1169,3.165890429450109
1170,3.0460421356248086
1171,3.206479020050814
1172,3.3254065478892287
1173,3.4163023962856416
1174,3.443333871412107
1175,3.159788653664961
1176,3.164207370068847
1177,3.1320863365524283
1178,3.070534096092982
1179,3.1985953158755036
1180,3.14599014208953
1181,3.0922359569769373
1182,3.1703281488343475
1183,3.1276886010981193
1184,3.115323225538914
1185,3.0312927568787997
1186,3.0796292717228697
1187,2.657267229236931
1188,2.6550393542898107
1189,2.8076665418544096
1190,3.222090472495867
1191,3.3038718092613246
1192,3.0699382570302247
1193,2.682184702834036
1194,2.629869066839781
1195,3.2170665970323022
1196,3.257442251526887
1197,3.1959115446346638
1198,3.115854263680434
1199,2.7013838509919177
1200,3.036871899131273
1201,3.2006973322232035
1202,2.6159532426313836
1203,3.1197026734870112
1204,2.690926226568482
1205,3.0595850135156266
1206,2.41806946578025
1207,2.680543789541933
1208,2.6115604274598936
1209,2.6115604274598936
1210,2.7001774283767523
1211,2.3736138042542096
1212,2.765523359504646
1213,2.5769466490574198
1214,2.4351795289657625
1215,2.722869279524124
1216,2.7697341553270776
1217,2.6642256993429765
1218,3.2114408346033394
1219,2.671011925414721
1220,2.7440613541087244
1221,2.487503514347592
1222,2.795724399776132
1223,2.9144249151302764
1224,2.807032942957435
1225,2.8009147622287793
1226,2.724300244127894
1227,3.114507234246983
1228,2.6251768791731735
1229,2.6744348884269047
1230,2.554234837227463
1231,2.996442932396275
1232,2.592472443127823
1233,3.025310429097367
1234,3.65189810148711
1235,3.77187765583289
1236,3.676928155906144
1237,3.6825275249919267
1238,3.6655292771842416
1239,3.547081310476194
1240,3.44820585918733
1241,3.3420241132981308
1242,3.230169843256296
1243,3.248523586653881
1244,3.30349876190911
1245,3.258650649852973
1246,3.2392430661074645
1247,3.34125432938987
1248,3.585277850309784
1249,3.715823421615526
1250,4.284786071615758
1251,4.626259008117849
1252,5.2896114757540476
1253,6.0324759824384095
1254,5.1359453478408446
1255,5.18752792128413
1256,5.101971706915154
1257,4.882266077837654
1258,4.720977482248545
1259,4.802844990793157
1260,4.767421659273254
1261,6.022884196102136
1262,6.116514960320472
1263,6.116514960320472
1264,6.0255172174057465
1265,5.2520032090424404
1266,5.93988422019581
1267,4.542484233596325
1268,4.654693183212541
1269,4.380903920651079
1270,4.358876375698001
1271,4.3412977575076805
1272,4.3412977575076805
1273,4.3412977575076805
1274,4.3412977575076805
1275,4.098655460516134
1276,4.098655460516134
1277,4.098655460516134
1278,4.025857213853522
1279,4.410101289979811
1280,4.362144606920924
1281,4.371014974170416
1282,4.542582677212007
1283,3.4306520174717234
1284,4.8119562058160215
1285,4.515436606688721
1286,4.385824048488861
1287,4.363834910251151
1288,3.4405458769371706
1289,3.277345879219115
1290,3.3889825282937407
1291,3.3425309653384203
1292,3.3714306477976583
1293,3.2859792635552822
1294,3.184406146389641
1295,3.211377581815285
1296,3.2839079808394613
1297,3.3908654772307147
1298,3.1747590928785376
1299,3.3681609674459727
1300,3.4063136831873484
1301,3.9644020028677285
1302,3.708684096951519
1303,3.483452410340842
1304,4.687293527970998
1305,4.435806313819637
1306,4.815086284292248
1307,4.757673092555834
1308,4.469917857151641
1309,4.417241591382644
1310,3.580502843386121
1311,3.511024918696678
1312,3.4593570102254416
1313,3.3518169672422276
1314,3.210365952371825
1315,3.294671323950586
1316,3.520971901982886
1317,3.3043805487485582
1318,3.230411531856731
1319,3.2085255653619993
1320,2.943144166072523
1321,2.805590213234831
1322,2.8118750039458353
1323,2.8276401159130224
1324,2.8710392472440356
1325,2.8312512162130368
1326,2.6670492278618623
1327,2.6482451659259896
1328,2.6670492278618623
1329,2.6482451659259896
1330,2.724062487578584
1331,2.6039752954013524
1332,2.907490591359479
1333,2.679486855727501
1334,2.6494580984830676
1335,2.605699008069921
1336,2.4241281103350114
1337,2.5740656971831277
1338,2.0645230647065067
1339,2.562274239396889
1340,2.3750047994026118
1341,2.5438211280248724
1342,2.5428144298373234
1343,2.595864475128316
1344,2.620031618085628
1345,2.4223080622175144
1346,2.574930901259167
1347,2.0671056542911312
1348,2.057886391982171
1349,2.0685353283311825
1350,2.0513722676197172
1351,2.4112319478379125
1352,2.0727169470536926
1353,2.4025036952904357
1354,2.0688115803174396
1355,2.066854043181779
1356,2.087607678155996
1357,2.3871951896337826
1358,2.335143226270729
1359,2.661275098932884
1360,2.6560612067413976
1361,2.7436685980777886
1362,2.639636819853665
1363,2.680946293767289
1364,2.808182805206015
1365,3.13309155047413
1366,3.7612248722148127
1367,4.249960072111838
1368,4.249960072111838
1369,4.585790951916801
1370,4.6447011405411525
1371,4.659081365310701
1372,4.912001658638455
1373,4.310083927424236
1374,4.202599210706768
1375,3.766462619555037
1376,3.6789113307040475
1377,3.437906686649773
1378,3.551693616643556
1379,3.1742640352702933
1380,3.439156118675404
1381,3.0987524856485367
1382,3.361610103413136
1383,3.297009106765548
1384,3.320153517769915
1385,3.420449352381282
1386,3.2676195997255397
1387,3.454877842831837
1388,3.44778402054317
1389,3.573698391187502
1390,3.528479308591847
1391,3.5974099023347614
1392,3.5605396257036404
1393,3.8120825997346586
1394,4.023477288155453
1395,3.9969311139285026
1396,4.52435271552041
1397,4.1484379716500905
1398,4.497484604968962
1399,4.475094483598928
1400,4.053315680136943
1401,4.057611958688178
1402,3.5868271090557133
1403,3.460268184708705
1404,3.6675027171534746
1405,3.374826030287442
1406,3.416177693717555
1407,4.227030087714013
1408,3.7908583284263866
1409,3.7120873970204085
1410,3.3264512813311433
1411,3.575481883264118
1412,3.703720058690944
1413,4.366186486829011
1414,4.305233529964724
1415,4.383035835819467
1416,4.342652614082196
1417,4.355457422913748
1418,3.801279598918668
1419,3.460341338837467
1420,3.1768113308118986
1421,3.325441704631909
1422,3.3342437145690362
1423,3.2686767542507136
1424,3.2841191767686873
1425,4.060479668467718
1426,3.324845193266396
1427,3.4131000050497646
1428,3.3466571580255513
1429,3.3796392927138266
1430,3.337625668815917
1431,3.4192400957191866
1432,3.7419039174942026
1433,3.5471419331091
1434,3.6224073203611407
1435,3.54943375967232
1436,3.6409781869015188
1437,3.4175532545119
1438,3.3688823917136497
1439,3.3369480664182394
1440,3.4532725213959186
1441,3.2766859991497923
1442,3.2986160595762435
1443,3.3419455575474992
1444,3.1629813783450627
1445,3.359931567196659
1446,3.15050193755978
1447,3.0105953843505695
1448,2.560790756668144
1449,2.46324019701364
1450,2.578128002032602
1451,2.464818804709738
1452,2.2836609633103966
1453,2.0489455484854258
1454,2.1268035450257394
1455,2.052855507877417
1456,2.2910610738959982
1457,2.0826747852729826
1458,2.0508308772659523
1459,2.2883732094414238
1460,2.031976548709841
1461,1.9597111361003245
1462,1.9278985443285097
1463,2.4445603654639076
1464,2.4289374895667346
1465,2.3826559408774286
1466,2.8618350925420692
1467,2.729331509456962
1468,2.700961337474201
1469,2.677689219325423
1470,2.7290128689780646
1471,2.731481398598209
1472,2.6714180135951526
1473,2.7263932536200515
1474,2.6852772460432632
1475,3.227061555053305
1476,3.117192126967787
1477,2.6776696659942476
1478,3.0389670696937916
1479,3.099881054191847
1480,3.184617268396243
1481,3.075363155800239
1482,3.0796258168480395
1483,3.099631540872166
1484,3.1208064152863577
1485,3.4510356457323272
1486,2.708584821373037
1487,2.668021804275784
1488,3.1591237322862713
1489,2.7247278174598932
1490,2.4936607290922455
1491,2.1571899824482497
1492,2.091212487667197
1493,2.112093173854429
1494,2.0982656069135697
1495,2.1061591505332684
1496,2.0655245418922377
1497,2.288284082630832
1498,2.618334804364583
1499,2.7099082069600358
1500,2.5386920918721727
1501,2.19064897019504
1502,2.0624900267598774
1503,2.4325095410396096
1504,2.0718721549270542
1505,2.2405431625693
1506,2.304277905520903
1507,2.241026794641342
1508,2.5040532735335024
1509,2.5948147920438664
1510,3.0159578004592897
1511,3.538727497857107
1512,3.7650990362178756
1513,3.7362348517579775
1514,3.803847331608774
1515,3.803847331608774
1516,4.159186804370918
1517,4.178655754353167
1518,4.465939551226062
1519,4.471663096433717
1520,4.796574862986981
1521,4.625200151722639
1522,5.470500654324709
1523,5.567726349855575
1524,5.857814453868738
1525,5.893988359550375
1526,5.92645852502013
1527,6.022639402821721
1528,6.036497120798094
1529,6.089799381939449
1530,6.089799381939449
1531,6.089799381939449
1532,6.089799381939449
1533,6.089799381939449
1534,6.100336218961282
1535,6.100336218961282
1536,6.100336218961282
1537,6.100336218961282
1538,5.206301989456567
1539,5.083898792264619
1540,5.156349966944456
1541,5.201165807873512
1542,5.910176613403851
1543,5.179598493678863
1544,5.703044298172745
1545,6.01719156248483
1546,5.98337159353037
1547,5.205565376195052
1548,5.99860535803115
1549,5.550722249400045
1550,5.99860535803115
1551,6.067581963642133
1552,6.100336218961282
1553,6.042092731365708
1554,6.073632723183578
1555,6.100336218961282
1556,6.100336218961282
1557,6.100336218961282
1558,6.100336218961282
1559,6.100336218961282
1560,6.100336218961282
1561,5.1666646649513615
1562,5.93988422019581
1563,5.1666646649513615
1564,5.083898792264619
1565,4.5198148838001835
1566,4.698409331220585
1567,4.467992065658125
1568,4.358876375698001
1569,4.358876375698001
1570,4.116300850587056
1571,4.0603687750394215
1572,4.116300850587056
1573,4.098655460516134
1574,3.73564197128785
1575,4.098655460516134
1576,4.089783879969021
1577,4.059117811171476
1578,4.141657080162023
1579,4.290977837843382
1580,3.184493883138843
1581,3.5430211792248456
1582,3.204185277570832
1583,3.2294629128593324
1584,3.276570340533999
1585,3.3651434860530234
1586,3.263094279806285
1587,3.239762364912668
1588,3.2851657590666736
1589,3.4874593609292286
1590,3.4145754892667632
1591,3.3868457672921206
1592,3.314408262874996
1593,3.553687148736768
1594,3.4891472552431524
1595,3.4820007392656653
1596,3.4341782614556626
1597,3.436609091911452
1598,3.356752079328663
1599,3.369535066551292
1600,3.4854549220506583
1601,3.4704510278490805
1602,3.302473373747142
1603,3.493199326807055
1604,3.4522310161770178
1605,3.599863204979874
1606,3.523396158267717
1607,3.3239977240163268
1608,3.4053792689613127
1609,3.496629681127642
1610,3.4386298548307215
1611,3.456865195052762
1612,3.15774199257278
1613,3.0301846314555774
1614,2.965567559791928
1615,2.615200901342325
1616,2.5943339162364767
1617,2.2555695501014466
1618,2.59832396771042
1619,2.190488129306485
1620,2.0946871785833747
1621,2.0217248808112442
1622,1.8255263943003144
1623,1.7470956231530836
1624,1.7220251585433788
1625,1.6718606721305183
1626,1.613833711743346
1627,1.5714631393620344
1628,1.5519473179735912
1629,1.5440504528570598
1630,1.5216659717807877
1631,1.5109942847340405
1632,1.5063336748471876
1633,1.436174066305236
1634,1.5586238592389436
1635,1.4142219947136152
1636,1.6228796092350841
1637,1.6843327235990515
1638,1.8858840634118526
1639,2.0874937573341272
1640,2.2046458094891195
1641,2.6656027438975425
1642,2.6934129569767635
1643,2.68761442378844
1644,3.1806759893306467
1645,2.2709322348648393
1646,2.5019206492353696
1647,2.6849444317689795
1648,2.6948616050212597
1649,2.777014450178017
1650,2.799016871241935
1651,2.7222969538430206
1652,3.190980786946496
1653,2.8209663168525383
1654,3.1833287931777337
1655,3.1974358811755907
1656,3.190692500515909
1657,3.180463696106247
1658,3.1004153970019304
1659,3.065282586667888
1660,2.4552809542651235
1661,2.7537927213525766
1662,2.7374524400703533
1663,2.7368663198446526
1664,2.5641001300933732
1665,3.0400500582924197
1666,2.607478761945787
1667,2.859947156247854
1668,2.889196067439302
1669,3.1625953103172444
1670,2.722332792049645
1671,3.2241601743477437
1672,3.208008863952617
1673,3.217345898858288
1674,2.7489232531176415
1675,2.6705167823916622
1676,2.6313798966737765
1677,2.7156608246647314
1678,2.620109518476381
1679,2.267301021746762
1680,2.300212352962193
1681,2.120344789683953
1682,2.275129846010506
1683,2.1486710107090907
1684,2.085609585191582
1685,2.1465398826912834
1686,2.012998846879363
1687,1.9272866065510972
1688,2.2410007452251834
1689,2.054992429448134
1690,2.004757684545595
1691,2.090124046798619
1692,2.0925289690402424
1693,2.0098947098057063
1694,2.0770108568057046
1695,2.010152269111138
1696,2.1032557099132094
1697,1.828942729848034
1698,1.7085028085772127
1699,1.8605047765468146
1700,1.672858313868197
1701,1.7760863415969521
1702,1.7663396619051115
1703,1.902674580926892
1704,1.9353542712845984
1705,1.9136726425352126
1706,1.8485836602222072
1707,1.6578772356261613
1708,1.552846532605872
1709,1.6216096515499463
1710,1.6365213223559414
1711,1.6735557752179449
1712,1.708351410529222
1713,1.7112137420776965
1714,1.634939835461794
1715,2.3535734499288923
1716,1.9561441551162833
1717,2.67290726654619
1718,2.514675775339376
1719,2.7358727825773133
1720,2.666310392187178
1721,2.5491734398575328
1722,2.6554833484854745
1723,3.496256488364636
1724,3.727782724291464
1725,3.7772812826489317
1726,3.791382602166729
1727,3.7995572673519074
1728,4.219663546543165
1729,4.429280327865605
1730,4.249420691350483
1731,4.669650714341667
1732,4.063648560969729
1733,4.126315771121678
1734,3.8036583080839463
1735,4.0526487280142325
1736,4.732404922030029
1737,4.537668499250878
1738,4.737818105878642
1739,4.8988151999134635
1740,5.931101382620323
1741,5.598021784633097
1742,5.977579576412346
1743,6.076953604138119
1744,5.066548828543818
1745,4.4549156344945935
1746,4.2588635186610295
1747,4.227469142613172
