,0
0,5.710336698101595
1,5.672346630403815
2,5.672346630403815
3,5.674924959948622
4,5.713154753781865
5,5.679330501822208
6,5.679330501822208
7,5.679330501822208
8,5.679330501822208
9,5.745692216319327
10,5.679330501822208
11,5.745692216319327
12,4.920870389714166
13,4.486172998150087
14,4.287057101838976
15,4.706325827328216
16,4.541560826853745
17,4.527464284877545
18,4.50049628858812
19,4.564200478868397
20,4.438060771091432
21,4.442389115366205
22,3.9516845651186503
23,3.9516845651186503
24,3.381945794334571
25,3.9516845651186503
26,3.9247392107057
27,3.2095979685660025
28,3.2594754776932877
29,3.0420314404911664
30,2.781729055004128
31,2.9686956243397313
32,3.2391051392460626
33,2.817234294826993
34,3.3701235848068385
35,2.9315839152974608
36,2.9178891799946243
37,3.0986166962310535
38,2.8245138454599985
39,3.2995446114559326
40,3.576697873254356
41,3.7413973457751886
42,4.115402888258972
43,4.205506231462094
44,5.3101550893233265
45,5.666548694438592
46,5.710336698101595
47,5.710336698101595
48,5.710336698101595
49,5.710336698101595
50,5.672346630403815
51,5.672346630403815
52,5.3142448973258265
53,5.037986703227043
54,5.150060547698681
55,4.6335412741268
56,5.199438986499956
57,5.188821564386364
58,4.609686583198938
59,4.508751882411321
60,4.428728469134614
61,4.638108347219467
62,4.467208874995589
63,4.491063565923451
64,4.531238946987246
65,3.9247392107057
66,3.946861829171748
67,3.6867267959829424
68,3.433571440725405
69,3.9247392107057
70,3.9247392107057
71,3.5049642273926027
72,3.946861829171748
73,3.55166096688655
74,3.5709740288856193
75,3.5543308766515813
76,3.5963297802465686
77,3.603859713393591
78,3.2898179529139613
79,3.62129190145869
80,3.572540797567632
81,3.5975029187797536
82,3.989197593407512
83,3.5956696529604995
84,3.9629269873148143
85,4.53719421567689
86,4.324557654126421
87,4.635658267826256
88,5.402263584204874
89,5.490101498741318
90,5.772154754255203
91,5.815942757918207
92,5.4097630779028965
93,4.6737529100100526
94,4.659555382801265
95,5.402263584204874
96,5.452111431043536
97,4.694990642700679
98,4.621023938202487
99,4.540565681729166
100,4.5417545082082675
101,4.547948355837627
102,3.964961829171748
103,3.964961829171748
104,3.447828539791093
105,3.4151738659039994
106,3.358359545217968
107,3.329326787810065
108,3.157953452287722
109,3.293803472498461
110,3.3248594188694818
111,3.4048330095628008
112,3.4081120048917954
113,3.396253026868668
114,3.2125979478832445
115,3.469797135081901
116,3.504508925582583
117,3.4498071366901994
118,3.5996480285830317
119,3.6855671456888635
120,3.5996480285830317
121,3.6443444184161367
122,3.6443444184161367
123,3.6855671456888635
124,3.687288400044264
125,3.972560193055423
126,4.066792689388922
127,4.5742063776528745
128,5.111303114436913
129,5.340707435261702
130,5.384495438924706
131,5.710336698101595
132,5.745175501547502
133,5.748566491934837
134,5.742874160639058
135,5.742874160639058
136,5.704884092941277
137,5.7071854338497205
138,5.745692216319327
139,5.745692216319327
140,5.745692216319327
141,5.745692216319327
142,5.745692216319327
143,5.745692216319327
144,5.745692216319327
145,5.745692216319327
146,5.745692216319327
147,5.679330501822208
148,5.679330501822208
149,5.679330501822208
150,5.679330501822208
151,5.679330501822208
152,5.679330501822208
153,5.098851674796941
154,4.821369312303682
155,4.821103284214125
156,4.593232738009596
157,4.331365024037453
158,4.287057101838976
159,4.526642416983106
160,3.9247392107057
161,3.470638108674778
162,3.328331949315227
163,3.294699804159867
164,3.326668237724279
165,3.2158005010027826
166,3.010062910374699
167,3.005307086797294
168,2.822610289963519
169,2.9115290619423084
170,2.5259149105979097
171,2.8847852014014235
172,2.9115290619423084
173,2.751444534736782
174,2.5169844298788453
175,2.446558891965794
176,2.6769345032511023
177,2.879221082057963
178,2.3131583331192935
179,2.2081061173845056
180,2.1312031841415253
181,2.2467009323548837
182,2.3139872531417174
183,2.2429578243406403
184,2.5190092560536406
185,2.5036146985814325
186,2.529589097619055
187,2.600147470801318
188,2.3973453392026163
189,2.383226321208456
190,2.5628345876569436
191,2.694428442872676
192,2.680086703032225
193,2.6906244393785057
194,2.987037978763802
195,2.9665439689313353
196,3.041483816331252
197,2.9437460680292515
198,3.1153350649582237
199,3.2992275690144686
200,3.191232336079387
201,3.1940893521728615
202,3.188070639032422
203,3.0142025133817483
204,2.7104927419135563
205,2.7004193708200694
206,2.7004193708200694
207,2.7004193708200694
208,2.5039254973829337
209,3.298198744264748
210,2.7101018621937376
211,3.2098922980988043
212,3.355318379033352
213,3.313187607474885
214,3.4015602508562512
215,3.1644336177295527
216,3.2852620643700132
217,3.1233614499433537
218,2.783142142658374
219,3.0607510392780153
220,2.9006137833362935
221,2.740340437019358
222,2.8214630288423304
223,2.4746357667061694
224,2.1195008429515942
225,2.1872159098463104
226,2.1130177741685254
227,2.1195008429515942
228,1.9895022411928782
229,1.9699066677360149
230,1.9183720039077372
231,2.0832067120459854
232,2.088577449675381
233,1.982801370965834
234,1.9714667247001163
235,2.112430496270363
236,1.9633244049356515
237,1.902330151280093
238,1.887460150831401
239,1.8515685563577398
240,1.8040309797449605
241,1.7467737531318532
242,1.7364550863810169
243,1.7467737531318532
244,1.5480953005621996
245,1.7124862290196232
246,1.6509461727689152
247,1.8146881215278394
248,1.666990063104108
249,2.0160661730108105
250,1.8627625865905904
251,1.6158058374831712
252,1.8117574164441554
253,1.619261762710405
254,1.6072462527086298
255,1.5688768705655456
256,1.6159733592307075
257,1.9459125516154756
258,1.8257129961269285
259,1.8678032561873679
260,1.7022590443567076
261,1.7173788219868766
262,1.8740500513378968
263,1.8342483786413821
264,1.9252415516534696
265,1.9731229130694743
266,1.948599282951872
267,1.751817773177623
268,1.6415744807788917
269,1.5127315571965765
270,1.5313062121904795
271,1.5089744690418427
272,1.48483987273402
273,1.454121069870575
274,1.4544517944221187
275,1.406289783404947
276,1.4284085759789769
277,1.3737379569922064
278,1.383996370764935
279,1.4247606033517946
280,1.4311232901433424
281,1.5098715074425122
282,1.3793536743303647
283,1.447067078714195
284,1.380433710741007
285,1.4640684689759644
286,1.1675106923365681
287,1.2487184208318467
288,1.267692331175822
289,1.1583719639988037
290,1.1183596226870824
291,1.0605363134155235
292,1.1745802717755212
293,1.3717633605488158
294,1.7661929690982598
295,1.7340382721123042
296,1.5331934743154894
297,1.5218244902469833
298,1.6518840370656391
299,1.8243721563189368
300,1.9893155754966674
301,2.3532131808350636
302,2.4668746807464785
303,2.3565871631357385
304,2.3565871631357385
305,2.392086420340656
306,2.3022297869146104
307,1.9178323320739104
308,1.8596764083335853
309,2.003337184836333
310,2.060811569283866
311,1.8798380344541683
312,2.171253130441341
313,2.189675212567536
314,2.2216306214938752
315,2.2330703486564936
316,2.2264318087322135
317,2.055476962212448
318,1.9962697265589682
319,2.091412387480358
320,2.083273286824649
321,2.0010693852425807
322,2.084651674728601
323,2.4759571337841333
324,2.309693360759353
325,2.2642627242566262
326,2.0353805185551788
327,1.9125556046278431
328,1.736045650930946
329,1.8524897272208845
330,1.9293864392979871
331,1.9009896424513355
332,1.7253154640099326
333,1.869673964065607
334,1.8517591568113654
335,1.6529328132692211
336,2.0254754505149157
337,2.1700132342504856
338,2.0722215594501856
339,2.066187710800646
340,2.3747498729051904
341,2.4547057910724037
342,3.032917838827485
343,3.032917838827485
344,3.032917838827485
345,2.6653267469620636
346,3.0383640640567493
347,3.066333294584091
348,2.962188500510961
349,2.6847429329447756
350,2.647152768449217
351,2.6083361500475504
352,2.3535615581629243
353,2.8788091185364966
354,2.619916867328745
355,2.5960077673327087
356,2.603261417518586
357,2.6179157761787355
358,2.8624255928071607
359,2.9795107080725747
360,2.809711213522515
361,2.8255715236869583
362,2.9113254021205424
363,3.141407295012527
364,2.8406672251471567
365,3.2285120451268936
366,3.3137932372127255
367,3.1515792781874254
368,2.8680269645472483
369,3.131306740381931
370,3.2326348650132952
371,3.2011888512295807
372,3.2227200831555494
373,3.168418848593228
374,2.784410825771812
375,3.3951964496865026
376,3.779243416427879
377,3.484246018371105
378,3.944799297271469
379,3.8454978012587344
380,3.8454978012587344
381,3.8454978012587344
382,3.8454978012587344
383,3.3593492068628645
384,3.2979223644555185
385,3.173595282563228
386,2.969319249025973
387,2.969319249025973
388,2.917809452610735
389,2.8805095730315746
390,3.329895515740935
391,3.3092630111203345
392,3.048225858822538
393,2.933189178698009
394,3.370763598050323
395,3.2228340533979627
396,3.1063557138983895
397,3.1772377814710158
398,2.957800427376943
399,2.7757569029322444
400,2.6744253818815475
401,2.6416346155750254
402,2.657064457472259
403,2.5747840053222824
404,2.718428111858552
405,2.689855223778781
406,2.5494318688737305
407,2.6341256308490593
408,2.7700570830901854
409,2.5532459208379716
410,2.4646768734292595
411,2.681953042900956
412,2.3439571921400986
413,2.3093856532458163
414,2.219811939558639
415,2.2832151558798977
416,2.2685759719749696
417,2.0471841905438195
418,2.038589554048498
419,2.187303567963967
420,2.090252243706712
421,1.9035218157702711
422,1.8358730942804937
423,1.8291862353945152
424,1.7516076584572726
425,1.8166039344305318
426,1.8492753814149046
427,1.8806911675491669
428,1.900359444780194
429,1.6794056652207747
430,1.7009361667573473
431,1.6575157752575493
432,1.4747680320412566
433,1.5202123045202065
434,1.4482634421929126
435,1.347611734377594
436,1.4514244232715245
437,1.3413216627934048
438,1.3407436092589733
439,1.3539709941606335
440,1.3244868418722326
441,1.2466327568570843
442,1.288819957569379
443,1.3477087880430374
444,1.3432102427636974
445,1.357496968926966
446,1.58160004849153
447,1.7100729959266066
448,1.8693556056341638
449,2.0080350675696046
450,1.8612595007925181
451,2.0854356099603097
452,2.1976462034747697
453,2.4630795519008406
454,2.4625517770810372
455,2.4773006311681267
456,3.000564396643035
457,3.145159774985477
458,3.770885600680292
459,3.7517447880626507
460,3.7517447880626507
461,4.143988791260538
462,4.63440768067322
463,4.844386844749468
464,4.659706714972255
465,4.662840585084985
466,4.708489761114152
467,4.2478665705342475
468,4.660551074800465
469,3.891856183960546
470,3.59763968045598
471,3.4424078846124364
472,3.867620419724782
473,3.411932373449526
474,3.3736639649821227
475,3.296508158900409
476,3.001874290459068
477,2.9900180113393944
478,2.5226579016859687
479,2.4912803377574497
480,2.4326193846832926
481,2.285037985768
482,2.280463260381853
483,2.254178041882704
484,2.3004774113655304
485,2.7349569351352336
486,2.950743615947992
487,2.929976933691291
488,2.7561877375850434
489,2.913099718459279
490,3.519704879845885
491,3.9677497232617194
492,4.478005542780012
493,4.011773643231134
494,4.013159986425046
495,3.48062223947763
496,3.393555082990055
497,3.304167111392819
498,3.1202071542040892
499,2.72334341980873
500,2.792190736610483
501,3.377204845543381
502,2.7732771016901356
503,2.731941552705296
504,2.8929474737009837
505,2.666650948867753
506,2.769885892248028
507,2.7155319941254246
508,2.5207314781574524
509,2.2624971222471633
510,2.237521331119651
511,2.42557656581207
512,2.250015153408523
513,2.0951898180419763
514,2.0731124899521025
515,1.9356575746016693
516,1.6616874279569158
517,1.8035425346749854
518,1.7921678258829659
519,1.6616874279569158
520,1.5787569073272982
521,1.753070806788818
522,1.672682085218842
523,1.5485105364510785
524,1.5864038142428194
525,1.5111378171965795
526,1.4736206252373225
527,1.4503706713690998
528,1.5418781254320622
529,1.642895024269642
530,1.541687102299739
531,1.7850605634108032
532,2.0612928130770167
533,2.0498724834066873
534,1.8607889592821307
535,2.0568503826875832
536,2.1976462034747697
537,2.392086420340656
538,2.392086420340656
539,2.4498577181172707
540,2.6503521683492655
541,2.686729398656104
542,3.0235868982977867
543,3.7441267720746962
544,3.556378954824619
545,3.7688475869740823
546,3.7441267720746962
547,3.7420509578746812
548,4.1543094383899035
549,3.964594876025925
550,3.897660486262806
551,3.5663361754471117
552,3.5057271509263925
553,3.8697335654944993
554,3.59956347117938
555,3.8697335654944993
556,4.289941372264623
557,3.8697335654944993
558,3.6128825418482045
559,3.5012012541966198
560,3.8454978012587344
561,3.8779041715871956
562,3.871768407351431
563,4.158252186224175
564,4.427552976063219
565,4.547788025223178
566,4.490881033804878
567,4.436116588299442
568,3.9247392107057
569,4.331404007323557
570,4.5636053594357895
571,4.566264741720172
572,4.327734069959408
573,4.554990708461764
574,5.214098258257567
575,4.65992230089769
576,4.516358804018688
577,4.042532561069271
578,4.567398984809373
579,4.711250847120934
580,4.557650090746146
581,4.830605549051715
582,5.027829646754955
583,5.446313495078314
584,5.772154754255203
585,5.815942757918207
586,5.331715085079393
587,4.682367560984078
588,3.964961829171748
589,3.964961829171748
590,3.5205931557610053
591,3.964961829171748
592,3.4603435345488838
593,3.436494475778381
594,3.421552314582106
595,3.421552314582106
596,3.3291266278325002
597,3.2849660921623745
598,2.9643631726297164
599,2.9150485147254317
600,3.1374170588565913
601,2.3181017639405277
602,2.324299009209382
603,2.302189721178604
604,2.3135222493589582
605,2.3150462794747715
606,2.410314741428224
607,2.3522753077106455
608,2.3044646345872493
609,2.2834690496752983
610,2.101616263726541
611,2.2514461959737773
612,2.258627897549249
613,2.4630715702275214
614,2.4413040679500404
615,2.283474131556613
616,2.487964308109457
617,2.5386996135185678
618,2.327661098075118
619,2.44029298002454
620,2.2540573975901235
621,2.5075747861442763
622,2.5457101785155665
623,2.5134059616983744
624,2.506253606752285
625,2.4297583396011646
626,2.5270720074788326
627,2.7672026167311876
628,2.83843592037672
629,2.8485443307369116
630,3.138453510570854
631,3.5875721560634597
632,3.5256961999216347
633,3.1428417493557466
634,3.170849494216838
635,3.2947254039133247
636,2.7511415860851365
637,2.98197365766713
638,2.713652239528582
639,2.668408734884257
640,2.498327726152554
641,2.4190924387903636
642,2.368269635434054
643,2.313490243035029
644,2.298224704559505
645,2.273862119352527
646,2.049805300185708
647,2.0994856939724453
648,2.092870029241241
649,2.0446385321363496
650,2.0736081362113308
651,2.0702096015966958
652,2.0532058687457906
653,2.0391797841427697
654,1.932841185070575
655,1.982313565908611
656,1.9978399561044837
657,2.046424191215209
658,2.046424191215209
659,1.9782723191125628
660,2.0289889805924988
661,2.0289889805924988
662,2.052789769119686
663,2.052789769119686
664,2.0350038615448796
665,2.0289889805924988
666,2.024204541846958
667,2.0333316501945857
668,2.142451114947367
669,2.345871947967042
670,2.1703108021945856
671,2.225198912864385
672,2.1703108021945856
673,2.1703108021945856
674,2.3405846309355214
675,2.757593213253704
676,2.9772102288510083
677,3.5657150544022858
678,3.705615787282011
679,3.705615787282011
680,3.7517447880626507
681,3.8697335654944993
682,4.1720120133574
683,4.410094132557573
684,4.712199309545904
685,4.832354187936741
686,4.737498343844938
687,4.582428787167526
688,4.533486895725633
689,3.891856183960546
690,4.430724916643954
691,3.4851842329135794
692,3.867620419724782
693,3.454788921668763
694,3.394564374572827
695,3.306802449300514
696,3.0775886643326023
697,3.416039402354035
698,2.772934652640993
699,3.0286300785366107
700,2.7483291765888396
701,2.650777156272557
702,2.6416346155750254
703,2.667866807537257
704,2.6416346155750254
705,2.5347327624409473
706,2.5086780414801004
707,2.476315152618836
708,2.49073820246535
709,2.474663296214156
710,2.2328306355452106
711,2.2640516438773273
712,2.330605275274529
713,2.2670506685474363
714,2.2868438363761356
715,2.3110595394715143
716,2.120138846029465
717,2.132686389388361
718,2.2475660358905816
719,2.3241325152503243
720,2.6753471604102526
721,2.9166423783987754
722,3.022356212065861
723,3.004427682691203
724,3.3379345535584255
725,3.0306424759487176
726,3.447009448571163
727,3.364872180482109
728,3.7875546261852313
729,4.063241534366959
730,3.710486099722184
731,3.8697335654944993
732,3.8372201201163474
733,3.6347760242362086
734,3.6102226333785468
735,3.6478626973663846
736,3.5709075814557627
737,3.5532966139918547
738,3.5878918609826886
739,3.3528808225700644
740,3.357772083128869
741,3.3966158940909152
742,3.5995843057034755
743,3.1038162433091947
744,3.2880228075831015
745,3.4075451762515403
746,3.039216040215032
747,3.2560347408589636
748,3.364724731585026
749,3.2783649863396267
750,3.6394973688308236
751,3.248871489533288
752,3.1745235665656577
753,3.120522741139287
754,3.6474504621002994
755,2.9235971470982305
756,2.5246656102602896
757,2.4659640621258587
758,2.1311963876689073
759,2.0989707667138715
760,2.2376349654928234
761,2.010788627979266
762,2.107128504265547
763,2.1844227047089273
764,2.2189177927012853
765,2.306127472384625
766,2.206454978287894
767,2.2242822873241566
768,2.284484600576428
769,2.24257902517799
770,2.410427962985665
771,2.2401831508368404
772,2.402738392366869
773,2.7079609536292706
774,2.5266668628511377
775,2.8238743616773556
776,2.5469181517987134
777,2.3079593554157007
778,2.4530326362210957
779,2.4993205538171255
780,2.512807122093551
781,2.470816778917454
782,2.5717187456000437
783,2.544987727667236
784,2.1796712346177864
785,2.3048627966272806
786,2.0784272884375667
787,1.9249235073694881
788,1.8729801577543175
789,1.8732999304123767
790,1.9255503807879517
791,1.8334853951546117
792,1.885915058272543
793,1.811627069938812
794,1.729899985604373
795,1.7523749351070925
796,1.7438810978632553
797,1.7543489116220774
798,1.8254926229010138
799,1.8357099162159025
800,1.765404787394034
801,2.066187710800646
802,2.066187710800646
803,2.054848453566652
804,2.2582218110697507
805,2.349255178617793
806,2.4200267513517386
807,2.1549675448816465
808,2.142451114947367
809,2.3316279320825046
810,2.3698089969193075
811,2.1842482617938095
812,2.1563885745465914
813,1.9687674279526957
814,2.1012374499820456
815,1.9417391698609825
816,1.9214263262025948
817,2.00837326137527
818,2.024671512842303
819,2.1227322260977375
820,1.725998574484272
821,1.8847116599525755
822,1.7475468599708848
823,1.610938053897962
824,1.7591264583259896
825,1.598092882582772
826,1.5910989395515276
827,1.5519867963365777
828,1.4718012396490097
829,1.5157501398444744
830,1.4816126920269512
831,1.2809991078357408
832,1.3626321353521522
833,1.3970298024513077
834,1.2689299769096396
835,1.3382789801353885
836,1.3583946976736412
837,1.1704309466820575
838,1.0291483477174863
839,1.0360713354125175
840,1.1080388382974116
841,0.9651488243750963
842,0.9765491786237676
843,1.0151712234230625
844,0.9578268657304585
845,0.9403544904452273
846,1.0003442488926768
847,0.9358840705868514
848,1.0509039483202414
849,1.3147234871849156
850,1.38192947994738
851,1.712437784854882
852,1.6735944111417604
853,1.7676566525148945
854,2.0498724834066873
855,2.150457646481886
856,2.4331101657979852
857,2.464078797384557
858,2.508400824967258
859,2.789925547242008
860,3.2586858288642024
861,3.6192354608841812
862,3.779698343917656
863,3.833610380686818
864,4.181254792802856
865,4.412061802423542
866,4.729255997751078
867,5.229816668484906
868,4.7851073779884885
869,4.758059581247842
870,4.2478665705342475
871,3.891856183960546
872,3.9875269158580697
873,3.447765606611309
874,3.414386670280433
875,3.4670769066069997
876,3.4991704123936445
877,3.8938910258174784
878,3.8567256315787892
879,3.8938910258174784
880,3.8938910258174784
881,4.482953876764408
882,3.485305655761004
883,3.871768407351431
884,3.5440987386454483
885,3.515381230073221
886,3.9165686046130035
887,3.5113210220064395
888,3.9428392107056993
889,3.909866142454008
890,4.350828260219118
891,3.991907183584698
892,3.989197593407512
893,3.5570745519230327
894,4.567398984809373
895,4.584083368134382
896,4.396870449028395
897,4.810933272531264
898,4.584083368134382
899,4.944479101775882
900,5.402263584204874
901,4.910238107188606
902,5.402263584204874
903,4.628341322839073
904,4.550377726692572
905,4.60793426910849
906,3.991101628417894
907,3.5007826796075623
908,3.4503730791410145
909,3.3872285525334087
910,3.4037973880026517
911,3.443570720495526
912,3.410078734719321
913,3.389695051108701
914,3.3042811157516274
915,3.861750378053163
916,2.9886218998811724
917,3.0236198365079057
918,3.221239986907635
919,3.317976008136604
920,3.2895456855184615
921,3.2779822807284678
922,3.2556923767622195
923,3.1134517613062043
924,3.219023297001733
925,2.9808066930044474
926,2.8060449006916017
927,3.167508680033509
928,3.330755419394884
929,2.789905083062422
930,3.330755419394884
931,2.9550506440847077
932,3.097793549026665
933,3.330755419394884
934,3.2136893946329286
935,2.751444534736782
936,2.7075496707128357
937,2.7075496707128357
938,2.9554653680163128
939,2.500158352086364
940,2.9131675174349647
941,2.751444534736782
942,2.480302909909493
943,2.4263145778004276
944,2.759556210332988
945,2.823407004560741
946,2.3240213626393813
947,2.4247491662899936
948,2.414371604316153
949,2.416961825749021
950,2.448157155548763
951,2.4299025752083323
952,2.401170207092959
953,2.711609685388719
954,2.4712888347718254
955,2.4491607316117827
956,2.437624101609951
957,2.6608887210047865
958,2.6570313910802374
959,2.7258116262333587
960,2.676399089777904
961,2.950283463196849
962,2.754200111567589
963,2.596520273841758
964,2.5281737469197947
965,2.4726800554751382
966,2.3327279880727456
967,2.4439686178771516
968,2.2537161228658436
969,2.444685143727862
970,2.493783700552426
971,2.6736395156635044
972,2.692600885459721
973,2.512693073099595
974,2.487780155477676
975,2.328112882839908
976,2.4732467667321902
977,2.2694451484149942
978,2.1972196366692835
979,2.0731124899521025
980,2.0707057393528507
981,1.9803140491881632
982,2.069233821918499
983,2.0318403889092926
984,1.8937533275449228
985,1.8915928350883477
986,1.816166523121172
987,1.7629446760788456
988,1.5750143320789445
989,1.5689899685080577
990,1.6772821791453805
991,1.5702745710201378
992,1.5754163231069633
993,1.5097524737819668
994,1.5414971468052336
995,1.4959936557071325
996,1.5037681531315086
997,1.45491360547284
998,1.4382333400353111
999,1.5113560515086417
1000,1.4162263672274393
1001,1.3509428845866884
1002,1.4256462290097824
1003,1.4696847607577814
1004,1.5474133854358554
1005,1.7793366756073246
1006,1.8988801309620316
1007,2.0027362707293905
1008,2.549345213053563
1009,2.5494667082024796
1010,2.335404917550627
1011,2.30337879188738
1012,2.2365531489143846
1013,2.306403894354563
1014,2.168038890097198
1015,2.1674919665012506
1016,2.035422924440669
1017,2.0224120923397275
1018,2.022084325602242
1019,2.026548781958851
1020,1.9177983893253934
1021,1.820525108564895
1022,1.8188858757714732
1023,1.6764785281911923
1024,1.6697851215977861
1025,1.5942252822999796
1026,1.6048587954574585
1027,1.5654202387716865
1028,1.4863972343666436
1029,1.5393700151371852
1030,1.4777968791669347
1031,1.5923654393398692
1032,1.6589256859439283
1033,1.4615368370569533
1034,1.4158879221408365
1035,1.470744906452132
1036,1.4037425581292182
1037,1.3820514017872274
1038,1.4080854866111985
1039,1.4535847358373295
1040,1.3217880267609032
1041,1.4541484346120206
1042,1.393768029290403
1043,1.6701723949922953
1044,1.6606990407603204
1045,1.9351571492443482
1046,2.074724332668658
1047,2.275602964113951
1048,2.2501128562669384
1049,2.3336805173442356
1050,2.3336805173442356
1051,2.483071377968376
1052,2.6716108606009943
1053,2.819015767131946
1054,2.539755596782063
1055,3.1754411207689626
1056,3.1298877314986044
1057,2.9878576003733612
1058,3.235712388111393
1059,2.7182187111877534
1060,2.315196693528435
1061,2.3670110448676587
1062,2.4069913169496266
1063,2.291635605972637
1064,2.1128545568408925
1065,2.1680266722921555
1066,2.1657988606153573
1067,2.118652205418213
1068,2.0637368714225683
1069,1.877132163650352
1070,1.979179812572497
1071,1.9129342537742424
1072,1.719210211328398
1073,1.620805711380039
1074,1.8700021392168682
1075,1.9197172448785742
1076,1.7030913775196144
1077,1.671420489035676
1078,1.5673965292089618
1079,1.8304940094759212
1080,1.8751868538312122
1081,1.627467409610139
1082,1.7200793594271766
1083,1.9106614882799624
1084,2.1034087403391926
1085,2.1222098436801358
1086,1.9224232652950732
1087,1.8887796677158921
1088,2.223099707281024
1089,2.408633508566342
1090,2.297341509321245
1091,2.2943583489239567
1092,1.9740178173177327
1093,2.107140288802407
1094,2.233230719682471
1095,2.1467284296863127
1096,2.368714682763383
1097,2.3049334564099753
1098,2.4967937859152953
1099,2.501308364815299
1100,2.5192618610212154
1101,2.419312221206317
1102,2.4048734592026313
1103,2.2962998673657
1104,2.2891854448075737
1105,2.041462894756189
1106,2.260276786966447
1107,2.112337465197027
1108,2.0900923535562175
1109,2.1676434418407786
1110,2.1081564068995844
1111,2.257927486996188
1112,2.271670906535256
1113,2.1157360797369447
1114,2.116431179565711
1115,2.121292590467663
1116,2.2013427687229785
1117,2.1067947343930666
1118,1.995317800900114
1119,2.1076265707999955
1120,2.4476045061258924
1121,2.2801346185627707
1122,2.4546282410116964
1123,2.5081558651076543
1124,2.869270146996661
1125,2.761940049452408
1126,3.1099367383879946
1127,3.1099367383879946
1128,3.0523992838838065
1129,3.153327475533593
1130,3.017869904624275
1131,3.153327475533593
1132,3.153327475533593
1133,2.841779239623894
1134,3.245283649100793
1135,2.8498480226926763
1136,3.2399814179379063
1137,3.252964356725073
1138,3.259310884767373
1139,3.1421730143887263
1140,3.103609906119255
1141,2.9983932193215512
1142,2.827018550534452
1143,3.0583851976759235
1144,3.1681975950637113
1145,3.0069184951290864
1146,2.500158352086364
1147,2.732788115957072
1148,2.826628080349028
1149,2.8008813943441813
1150,3.133974893474847
1151,3.306132971730894
1152,3.3343792664461085
1153,3.33024321202434
1154,3.4683617995840654
1155,3.1626623190471137
1156,3.670581953440112
1157,3.656356330862922
1158,3.651219095103463
1159,3.5471943330081634
1160,3.6855671456888635
1161,3.288787680168826
1162,3.405725936609094
1163,3.7576631480475147
1164,3.5373838705891933
1165,3.711984143518013
1166,3.93808784606171
1167,3.6231875444054458
1168,4.040331064573255
1169,3.603605965458077
1170,3.5861737773929776
1171,3.605327219813478
1172,3.898007622619785
1173,3.5861737773929776
1174,4.244080121050403
1175,3.898007622619785
1176,4.538362371957898
1177,4.629992414187556
1178,4.805562031644752
1179,4.805562031644752
1180,5.623017648921179
1181,5.815942757918207
1182,5.815942757918207
1183,5.815942757918207
1184,5.815942757918207
1185,5.815942757918207
1186,5.815942757918207
1187,5.711590975723305
1188,5.777952690220426
1189,5.745692216319327
1190,5.745692216319327
1191,5.552391185911353
1192,5.142635557580824
1193,5.7019042126563235
1194,5.294427624202975
1195,5.7019042126563235
1196,5.745692216319327
1197,5.783682284017108
1198,5.745692216319327
1199,5.815942757918207
1200,5.783682284017108
1201,5.815942757918207
1202,5.777952690220426
1203,5.815942757918207
1204,5.745692216319327
1205,5.452111431043536
1206,5.419850957142438
1207,5.297897972804048
1208,5.292100036838826
1209,5.309461512846854
1210,5.340707435261702
1211,5.584901681443097
1212,4.798795601469567
1213,4.710957686933122
1214,4.531257910251129
1215,4.442389115366205
1216,3.946861829171748
1217,4.408859207087152
1218,4.290694871820176
1219,4.465505823455959
1220,3.9056738164670097
1221,3.4383424953634236
1222,3.3735562790858378
1223,3.285664651777858
1224,3.340487534339489
1225,3.361567715897197
1226,3.3535458844400936
1227,3.2140290998331005
1228,3.3235213193890347
1229,3.3069340331766033
1230,3.121474869093562
1231,3.200269961290426
1232,2.90239473995471
1233,2.8714038418153907
1234,3.212277301812884
1235,3.002507293598288
1236,3.3958540964879935
1237,2.94829687982852
1238,3.1811620878017144
1239,3.292042327357847
1240,3.1288800095550617
1241,2.9268904915586185
1242,3.589726634325467
1243,4.134210808749326
1244,4.561726698975848
1245,5.317542161576471
1246,5.432348072402339
1247,5.710336698101595
1248,5.710336698101595
1249,5.710336698101595
1250,5.710336698101595
1251,5.710336698101595
1252,5.745175501547502
1253,5.678813787050382
1254,5.3475199227131744
1255,4.787101516220743
1256,4.408044928103602
1257,4.274064826750808
1258,3.5283777908302554
1259,4.153369926598232
1260,4.531715555894098
1261,3.414763521094465
1262,3.8938910258174784
1263,3.456648858966418
1264,3.8404777584239724
1265,3.4074068988668933
1266,3.343145018145451
1267,3.2114776546136983
1268,3.2207583162215396
1269,3.0307403844531113
1270,2.7583598964711498
1271,2.7706249572867034
1272,3.0291915578666693
1273,2.788189019428414
1274,3.383359190011013
1275,4.023635405856374
1276,4.2515306208956245
1277,4.480188476719136
1278,4.743509124571953
1279,5.3101550893233265
1280,5.340707435261702
1281,5.352972527873493
1282,5.340707435261702
1283,5.271194456512708
1284,5.064135692064742
1285,5.564775241788499
1286,5.330574619752246
1287,5.282721986274613
1288,5.330574619752246
1289,4.208977929958677
1290,4.536367744630013
1291,4.539134310989635
1292,4.587917357131533
1293,4.0230524242539065
1294,3.430565879428975
1295,3.4157782497212805
1296,3.404390903638784
1297,3.407863434084529
1298,3.514017247868959
1299,3.564995117216056
1300,3.3254327994017676
1301,3.117493409421819
1302,2.933505039711529
1303,3.1446690834638598
1304,2.9577292672990834
1305,3.027503729989329
1306,3.2738787452676923
1307,3.10368440756564
1308,3.4422974954326677
1309,3.5219090256398693
1310,4.156659575545776
1311,5.630897556654841
1312,5.783405295380744
1313,5.434510228900048
1314,5.408323427380533
1315,5.390722225237044
1316,4.885111258679047
1317,4.576772791091411
1318,5.383754503185387
1319,5.391479310343099
1320,4.442766677476097
1321,3.870793039353973
1322,3.8929156578200197
1323,3.4533383846711843
1324,3.628394890313326
1325,2.965808035636823
1326,3.287328756952449
1327,3.245385318208859
1328,3.172014581528559
1329,3.9629542357737884
1330,4.065276376223891
1331,3.3805355899743663
1332,3.9229446626307416
1333,3.9247392107057
1334,3.9247392107057
1335,3.9516845651186503
1336,3.925413959025955
1337,3.9516845651186503
1338,3.4153541783163877
1339,3.314584492374538
1340,3.3031234912084932
1341,3.0663475352429503
1342,3.0416051361731262
1343,2.903776580301586
1344,2.781216418325881
1345,2.7849733012777294
1346,2.5905698655871063
1347,2.3009896531123366
1348,2.3200996318393634
1349,2.3176301942999245
1350,2.258836790619906
1351,2.171002950169524
1352,2.539787689573818
1353,2.629324403946587
1354,2.6576007972748115
1355,3.038081640501395
1356,2.673421455591509
1357,3.0471740789775072
1358,3.0340539491073777
1359,3.340251219066575
1360,3.7698998121972758
1361,3.7976822297796935
1362,3.779698343917656
1363,3.919359716465085
1364,4.227628849928141
1365,4.489173426859566
1366,4.893585985798158
1367,5.596058753208935
1368,5.710336698101595
1369,5.710336698101595
1370,5.710336698101595
1371,5.710336698101595
1372,5.710336698101595
1373,5.7071854338497205
1374,5.745415227682963
1375,5.745692216319327
1376,5.651780110712042
1377,5.745692216319327
1378,5.745692216319327
1379,5.745692216319327
1380,4.985221959477326
1381,5.251674621767574
1382,5.423915586957067
1383,5.745692216319327
1384,5.745692216319327
1385,5.783682284017108
1386,5.745692216319327
1387,5.777952690220426
1388,5.745692216319327
1389,5.339512536304016
1390,5.143932466018861
1391,4.641076274256621
1392,4.944479101775882
1393,4.682367560984078
1394,4.638317650110638
1395,4.638317650110638
1396,4.638317650110638
1397,4.597026363383181
1398,3.964961829171748
1399,4.450460763661755
1400,3.964961829171748
1401,3.964961829171748
1402,3.964961829171748
1403,3.463830627979797
1404,3.3879681016861305
1405,3.4536458203687497
1406,3.2891925031107054
1407,3.307205708016002
1408,3.3753484723622527
1409,3.4575612161762255
1410,2.9582880895702193
1411,3.2840387321347406
1412,3.198255048047139
1413,3.1637161063532813
1414,3.128646528777762
1415,2.969922813448974
1416,3.0242173078695624
1417,2.823175785309042
1418,2.8762273605567255
1419,3.250877173819617
1420,2.885582668803594
1421,2.9243556300090265
1422,3.0405898760430703
1423,2.838204352367486
1424,2.7405908161253083
1425,2.8608287970529123
1426,2.503665171539744
1427,2.426930401636141
1428,2.8310806866976597
1429,3.0371926435970584
1430,3.6130690295869026
1431,4.021275654015422
1432,3.6447513663056523
1433,4.413406796743083
1434,3.9959804159201844
1435,3.4201174341537808
1436,3.331783888518584
1437,3.443909696391644
1438,3.3857720142057306
1439,2.8561260282394794
1440,2.5356589073767064
1441,2.8344974370985416
1442,2.727071746714953
1443,2.5092491462194957
1444,2.6520497029403187
1445,2.845707592719666
1446,3.3693257410950306
1447,3.7723561582441008
1448,4.270808974633253
1449,4.53357454758833
1450,4.548937042063416
1451,4.585183051793211
1452,4.567241942547118
1453,3.980779960568271
1454,3.4204570193142225
1455,4.111075139243868
1456,4.259344822435105
1457,4.51905626769087
1458,4.158359997432626
1459,4.13661067112108
1460,4.415395691780851
1461,4.441396414650644
1462,4.35356265413576
1463,4.379578582856391
1464,4.154325112813378
1465,4.110301192843964
1466,3.7014642494869205
1467,3.3715775690133944
1468,3.3075630500324587
1469,3.3468090490362674
1470,3.393422171699321
1471,3.401753197114365
1472,3.4506935871927977
1473,3.2727273629106404
1474,3.363446649629559
1475,3.9111413067612166
1476,3.343668783775352
1477,3.374618088085774
1478,3.0558380538319927
1479,3.10904572570657
1480,3.1396043784730714
1481,3.3245979340956406
1482,2.781729055004128
1483,3.088226204518879
1484,2.8145016523909545
1485,2.6850843342909103
1486,2.698171069716136
1487,2.7578856618563585
1488,2.528431110763811
1489,2.4781688637754153
1490,2.679222914196423
1491,2.7064895091665124
1492,2.3318950834409353
1493,2.443920956648752
1494,2.2343963710470938
1495,2.2393223683965204
1496,2.0884868111705117
1497,2.070870407626038
1498,1.9077703854434227
1499,1.7140742009685026
1500,1.7420587999464026
1501,2.055340036863813
1502,2.0712677807307163
1503,2.0370149137111038
1504,2.2262629934055647
1505,2.3440180997807043
1506,2.3440180997807043
1507,2.721927861539721
1508,3.032917838827485
1509,2.741890849500696
1510,3.1976099401998965
1511,3.7976822297796935
1512,3.833610380686818
1513,4.0736533308988125
1514,4.205506231462094
1515,4.674410848912292
1516,4.768813348081602
1517,4.778409722977974
1518,4.758059581247842
1519,4.75311068867894
1520,4.778409722977974
1521,4.918885020097193
1522,5.254563819482057
1523,4.716402455037876
1524,4.797316772970756
1525,4.503730174860407
1526,4.64933061278525
1527,4.211467091386369
1528,4.571985661673492
1529,4.419357173443933
1530,4.505399136850797
1531,4.594625313688144
1532,3.8938910258174784
1533,4.255375353108743
1534,3.939666591076509
1535,3.964961829171748
1536,3.3881923874201885
1537,3.3258542573643206
1538,2.8405838423854584
1539,3.016727152448603
1540,2.5543356472686467
1541,2.4585191972202476
1542,2.421838196510948
1543,2.3027702657285944
1544,2.268712194988876
1545,2.4430452976809525
1546,2.413129765061446
1547,2.718986586815123
1548,2.6776547505643444
1549,2.559175639063539
1550,2.340101436632024
1551,2.460959259905011
1552,2.08968352853732
1553,2.0899026389196163
1554,2.077008198140915
1555,1.9757306160422168
1556,1.9602387947557964
1557,1.8952326450559744
1558,1.8707798265450606
1559,1.8617579937859832
1560,1.8468171427172324
1561,1.9329855628753587
1562,1.9576446505247125
1563,1.8948762307188876
1564,1.8651707410055989
1565,1.915195402024234
1566,1.8940501752754002
1567,1.7369658397507086
1568,1.8483856021906682
1569,1.9734780079303036
1570,2.00890790865746
1571,1.9420719114637317
1572,2.0029358256528575
1573,2.0320646650664975
1574,2.0586987476238034
1575,1.919048506492893
1576,1.8518733012227517
1577,2.094115595409588
1578,2.060274579161444
1579,2.028724986690859
1580,2.1527202141968944
1581,2.0504351306473123
1582,2.026584054447315
1583,1.994184245150472
1584,1.8146292276416183
1585,1.9424159209487164
1586,2.153156043254215
1587,2.1548541587940058
1588,2.1676434418407786
1589,2.191496488435761
1590,2.0727910090957242
1591,2.2235643653209536
1592,2.1292212656341207
1593,2.237466508225877
1594,2.088996732563445
1595,2.455774422547654
1596,2.391698572637114
1597,2.269940656017241
1598,2.3405846309355214
1599,2.364318137110293
1600,2.3769119322040875
1601,2.642558583383536
1602,2.670925186373595
1603,2.697758096282204
1604,2.69788658758257
1605,2.700380514140536
1606,3.0335093746264974
1607,2.6849040092780267
1608,2.987037978763802
1609,2.965277774682169
1610,2.987037978763802
1611,3.0117491705448654
1612,3.0532131647139615
1613,3.15811379284262
1614,3.187152497056869
1615,3.187152497056869
1616,3.622488340888178
1617,3.645557604957442
1618,3.891856183960546
1619,4.642725165590628
1620,5.224189910706324
1621,5.446313495078314
1622,4.938210898545514
1623,4.772337147290846
1624,4.668024199889661
1625,4.749697495276193
1626,4.64538454787501
1627,4.6723525441644345
1628,4.776665491565618
1629,4.570728604375754
1630,3.867620419724782
1631,3.8938910258174784
1632,3.8567256315787892
1633,3.400118212842332
1634,3.0278312501660274
1635,2.760975530231748
1636,2.5015835366901196
1637,2.440986651327621
1638,2.3198615740274335
1639,2.423041855588151
1640,2.3056602507891966
1641,2.3185402290908965
1642,2.2833150610159003
1643,2.400237939644539
1644,2.5700130817050986
1645,2.6923340556369526
1646,2.6914393142438833
1647,3.2203524710194404
1648,3.413311389700117
1649,3.363418194947837
1650,3.3969110958696587
1651,3.451312857839726
1652,3.466607516816078
1653,3.4050152603786588
1654,3.505175125147391
1655,3.295277711129565
1656,3.1912667217333426
1657,3.495879002564501
1658,3.633566749062743
1659,4.18127046722633
1660,4.205506231462094
1661,4.2006834955151895
1662,4.542923262768847
1663,4.542923262768847
1664,4.602668980774215
1665,4.183001062530451
1666,3.893985004153737
1667,4.143778142962411
1668,4.174515710273148
1669,3.542160947984705
1670,3.3915591341066067
1671,3.3472465191260974
1672,2.95127288950825
1673,3.091829874543621
1674,3.105571145138238
1675,3.030505108344102
1676,2.71598236098028
1677,2.6720874969563324
1678,2.537157380429906
1679,2.4927796290755255
1680,2.443548162022153
1681,2.172071810989334
1682,2.4339568707344483
1683,2.1804579081080124
1684,2.3733665166610556
1685,2.1691914181511667
1686,2.1245030367306916
1687,1.9336463371527846
1688,2.0415065999754214
1689,1.9065704652066775
1690,2.0387961587627137
1691,2.0016954199765533
1692,1.9179504689447218
1693,2.030324711480645
1694,2.1872307464828653
1695,2.0383256820058606
1696,1.9078319042610217
1697,1.8757255088512779
1698,1.8355300696553938
1699,1.8647009931301697
1700,1.731974655087174
1701,1.7547472771877068
1702,1.5936755281023975
1703,1.616906041627676
1704,1.6085817340475008
1705,1.5827171439476362
1706,1.5651135060875196
1707,1.4950834548217686
1708,1.50901399687739
1709,1.4509834938365207
1710,1.457583720447077
1711,1.4731357696329586
1712,1.609912586953875
1713,2.2157303278157676
1714,2.9768583489035993
1715,4.18127046722633
1716,3.458994337135083
1717,3.5149401131051863
1718,3.531453783697687
1719,3.3796508582595597
1720,3.060900856677427
1721,2.7891014439567026
1722,2.954244353325397
1723,2.563334764793458
1724,2.4738591007368806
1725,2.3143798716164046
1726,2.4418373871396035
1727,2.3170639278810334
1728,2.18033703848337
1729,2.11855862904198
1730,2.2358479491302896
1731,2.124007515511226
1732,2.1221518182906123
1733,2.2862240732469656
1734,2.4005973818462936
1735,2.6213472113142915
1736,2.76999908399549
1737,3.247393500268176
1738,3.648239224939262
1739,3.7814164275073674
1740,4.205506231462094
1741,4.272979224812259
1742,4.674410848912292
1743,4.680029591715537
1744,4.715147679018218
1745,4.719937726287126
1746,5.198293757433694
