,0
0,2.8294853550941514
1,2.7656530515287017
2,2.456218611972851
3,2.3218220331633352
4,2.4498056851356917
5,2.293754343611245
6,2.2693573845294543
7,2.322361337047997
8,2.562808771633039
9,2.6422788673137347
10,2.7426660821811866
11,2.675351334982115
12,2.5345281763874388
13,2.534945214024849
14,2.4539653044947203
15,2.436293857734859
16,2.4248238551199606
17,2.2330177668542843
18,2.2889695803694887
19,2.1970116941176543
20,2.3582427206018677
21,2.2097684669195057
22,2.4423468956881647
23,2.103804175118201
24,1.9359502385688656
25,1.401559528605814
26,1.2359660941924722
27,1.3707145440916872
28,1.2417397898922884
29,1.3668598613631617
30,1.2457691848146357
31,1.3673656504650618
32,1.293594666525769
33,1.3054964732320509
34,1.8408759282654517
35,1.5092091116735857
36,1.5131274162704935
37,1.5727381153235154
38,2.006478732104247
39,1.7360862534129873
40,1.709085492797305
41,2.010950370255742
42,2.05504772969646
43,1.7861867905376825
44,1.9983135694009067
45,2.109804232489258
46,1.878914583996941
47,1.852755605164828
48,1.8242066137806805
49,1.82479678802918
50,1.7243177853891216
51,1.6806686885994473
52,1.5539043844898137
53,1.5989316665305413
54,1.5791984119419002
55,1.6171348143618156
56,1.5604835971797386
57,1.6128391451566022
58,1.5431400116231146
59,1.518620361298673
60,1.4005855808777319
61,1.5018934286326517
62,1.4152627642167865
63,1.4967288185229506
64,1.5743678672074266
65,1.3773035911975426
66,1.5345414648217914
67,1.3644758817430835
68,1.3648456883666225
69,1.3235937867332155
70,1.2972587698615972
71,1.2411303837316854
72,1.4255718898591212
73,1.3981111807695734
74,1.3922228943045987
75,1.4298656035826727
76,1.5461663589186936
77,1.642605224700951
78,1.9496820265546448
79,2.037543287846355
80,2.1700635170071516
81,2.1997707902329178
82,2.274025402794193
83,2.1712793036527613
84,2.4726396472506673
85,2.6206122062602595
86,2.8454321355537706
87,2.5651886247687354
88,2.5091190082050394
89,2.6869384155609324
90,2.8507427639907053
91,2.7686604486543236
92,2.970931904240275
93,3.1753882637216018
94,3.695043029899929
95,3.717938296341234
96,3.766984254359899
97,3.8937398596841613
98,3.9347269590299025
99,3.7987215657846094
100,3.7131564441647713
101,3.441746105210503
102,3.5080441911423392
103,3.324745816744263
104,3.2820841193426404
105,3.19322678004048
106,3.322933742714503
107,3.182176142662984
108,3.144572009689387
109,3.2037547631903687
110,3.223597942596521
111,3.183326199146594
112,3.0262120982489833
113,3.1470508508642068
114,3.095776689883475
115,3.1237992882213867
116,3.2408934621058583
117,3.1000325335483154
118,2.9982422634107055
119,2.9656633671644106
120,2.8856261284784903
121,3.018702502772039
122,2.905083882224463
123,2.9099236119143543
124,2.865363513655593
125,2.670679305947752
126,2.6317818802325097
127,2.6497263285565222
128,2.7306051668640374
129,2.69966867088339
130,2.588946474569289
131,2.4201930420891995
132,2.60038069855156
133,2.625581244117265
134,2.60910892697824
135,2.6645011933053224
136,2.735384513527625
137,2.5294106687151077
138,3.032451765997054
139,2.97429408371947
140,3.217993383825766
141,3.366860994937084
142,3.27368274957036
143,3.1186656945845184
144,3.103575384617705
145,3.1296563466396603
146,3.273022438608021
147,3.2546625025664486
148,3.620901093235726
149,2.848548602382901
150,2.9197755166835697
151,3.2857441956858793
152,3.5395239766793103
153,2.9011612479402236
154,3.5745105170910487
155,3.4447659825225827
156,3.4096424958942344
157,3.383393956730232
158,3.3601906370769696
159,3.199674850454289
160,3.2320220267551636
161,3.220368302754547
162,3.042398423063629
163,3.005310730488078
164,2.677267103687196
165,2.7659317690293452
166,2.834058627445629
167,2.765314274681303
168,2.7842675415298164
169,2.4593170919148535
170,2.1762785180088975
171,1.9858669257494939
172,1.8636814512317703
173,1.819978162377701
174,1.3669894768648663
175,1.279524146345389
176,1.2561576953819829
177,1.3247598402333036
178,1.2563635824041257
179,1.7173907888119808
180,1.806672673714466
181,1.5765002449081487
182,1.261277020063907
183,1.2465863764475902
184,1.197833845960481
185,1.2515036292757367
186,1.2647151734618314
187,1.2664207501080533
188,1.2518942443287984
189,1.2990579415313146
190,1.3262491506033875
191,1.5595477052574998
192,1.668473885276269
193,1.6617628299453813
194,1.7378795482688871
195,1.6802201594181063
196,1.7743086939818735
197,1.667345535649521
198,1.7605366640727296
199,1.7103264429042473
200,1.8231286988577624
201,1.98047220826251
202,2.0178351145134017
203,2.076117070025489
204,2.031522730915976
205,2.1052353134585364
206,2.0672604662799823
207,2.035196675061268
208,1.897628832246768
209,1.8463683711013323
210,2.0389397332744297
211,1.970795673164492
212,1.9538746004141478
213,1.8000771069169765
214,2.1595498153396697
215,2.1452318056617217
216,2.285188499078207
217,1.6206235436207161
218,2.2962246233780945
219,2.4699899322293946
220,2.515242389764466
221,2.555296415294924
222,2.4669272864657747
223,2.4050390946548688
224,2.6071769850016575
225,2.3309817425906676
226,2.45119724218551
227,2.4630833076828487
228,2.9494621592258783
229,3.1657876764701367
230,3.0577393576423573
231,3.247915069535002
232,3.5862260932028525
233,3.5390334383500694
234,2.993598061782706
235,2.8268291316417336
236,2.5418494174540514
237,2.6698845435558036
238,2.576604531458128
239,2.3048931584229115
240,1.9823475020065386
241,2.079887420186543
242,2.400540882788579
243,2.278180629691109
244,2.2511551262739773
245,2.2178384787760432
246,2.264540206950238
247,2.1221298056831137
248,2.1285809046320394
249,2.045186730455591
250,1.762028462173286
251,1.3461008102418317
252,1.3848699761474899
253,1.209266001826524
254,1.2683003184040662
255,1.2340148495629266
256,1.3116059003227283
257,1.3643415113049109
258,1.3992691709424698
259,1.3159443061065743
260,1.4103381174024119
261,1.4748365602968532
262,1.5436801721994942
263,1.7669036694770262
264,1.9821488262098514
265,1.500168744533133
266,1.4606320870095704
267,1.5173617893594973
268,1.7087412383278195
269,1.4959609519117205
270,1.4460840552811567
271,1.4789645306647319
272,1.4395896316763979
273,1.464288376256716
274,1.5254432881495585
275,1.4118126500963486
276,1.4424688672046229
277,1.3986919174038277
278,1.3176356553030693
279,1.3659906331061014
280,1.3643973216185694
281,1.3525171274444454
282,1.3453300453879575
283,1.4707149238321542
284,1.5051272772453739
285,1.4322205985908554
286,1.33581914289265
287,1.3775937256696533
288,1.3877166917844794
289,1.6390148731254113
290,1.6970985169279622
291,1.6575722627158003
292,1.696253614559319
293,1.7788471727548354
294,1.9506249996464664
295,2.135351304678779
296,1.9019481007025838
297,2.021378987409234
298,2.1774524833491484
299,2.3816218007976997
300,2.4035556170064147
301,2.5610131396648637
302,2.7936823453590374
303,2.686550980865586
304,2.7383254701102717
305,2.7337653636655297
306,3.4429070961407495
307,2.633071113909709
308,3.49630090265075
309,2.533755430027205
310,2.383445499999169
311,2.3141113427440896
312,2.3174952701365883
313,2.3076033649587826
314,2.3190234569302874
315,1.761328252621607
316,1.964981947510765
317,1.6986193783768344
318,1.6537696321985007
319,1.6750489973789224
320,1.7266068664379888
321,1.7278754707105564
322,1.623281812971193
323,1.8267240654804173
324,1.5771392382586598
325,1.5305089093892141
326,1.487873639489051
327,1.423411345794127
328,1.4087304348692187
329,1.419435384035257
330,1.4098381706368306
331,1.3187618546301187
332,1.2926893142418123
333,1.3115297327677031
334,1.3030506196717382
335,1.3783522482613295
336,1.3769783656228551
337,1.3161532785384167
338,1.2867179113574536
339,1.256650039096375
340,1.3693455034317692
341,1.3394145626933762
342,1.3656550045428708
343,1.3361316472067222
344,1.3913788728735
345,1.440896443380999
346,1.3990278842111517
347,1.4298836971926714
348,1.5441550762729337
349,1.658873276126235
350,1.7202620766518935
351,1.906010758660492
352,1.9524888945214935
353,2.1817492964157776
354,2.1682702067649338
355,2.170526663486289
356,2.1831068291845974
357,2.202574525239736
358,2.2243006200820004
359,2.0790370551011357
360,1.860641427458525
361,1.6574006999869237
362,1.5210209758132138
363,1.39821865575946
364,1.3078144231794517
365,1.2390247532195837
366,1.281614574961639
367,1.321121938117181
368,1.3505262899839618
369,1.3593277185338015
370,1.3863259321907584
371,1.38906626594986
372,1.399310094342864
373,1.3802553980390249
374,1.2733535415131543
375,1.1903191574008622
376,1.2275345198495242
377,1.2499776660023842
378,1.3132622003372134
379,1.5307783714362946
380,1.6951959254063944
381,1.7738356285332415
382,1.8561870312187274
383,1.9509809743252415
384,2.0608115671111062
385,2.0759625519222937
386,2.185155503169939
387,2.1728109067109025
388,2.157169118598219
389,2.2316322785879863
390,2.112064678454198
391,1.992029763946287
392,2.2097303398227157
393,2.1277338103658585
394,2.0779109570913574
395,2.046944528075667
396,2.05116227079738
397,1.958755633555371
398,1.9528776155649217
399,1.9233362437719694
400,1.9687950691749079
401,2.123244476843248
402,2.0739318110252873
403,2.4581129974194242
404,2.4734774755029583
405,2.5648528683931326
406,2.506410319331716
407,2.559910451784514
408,2.493081889682998
409,2.49170847765454
410,2.3862573447910256
411,2.331168515823384
412,2.2665736147520583
413,2.173873835048766
414,2.166518145568372
415,2.0257139511555122
416,1.9756133765773092
417,1.9018518661933732
418,1.8813021423573508
419,1.8461911721945532
420,1.808285497748964
421,1.9271505275046092
422,1.932892720362277
423,1.9187319569687518
424,1.9866639898572749
425,1.9525734822615037
426,1.9116001812629868
427,1.9284201870599513
428,1.8657166026119014
429,1.8783348000312372
430,1.9185360430836782
431,1.8199336431612168
432,2.007947394231531
433,1.9888894947444322
434,2.1354285947297886
435,2.135759991255767
436,2.1925822017834498
437,2.0859073159670176
438,1.9203067955070683
439,2.122825935230939
440,1.982406719378483
441,2.1611822781487673
442,1.9975927575679178
443,2.3508221888509113
444,2.2984542285366025
445,2.296621350874668
446,2.048747351359901
447,2.034326583615363
448,2.1694721824386707
449,2.014634539807446
450,2.18653303471069
451,2.0382805178896515
452,2.032800002801368
453,1.9554719509913714
454,2.127983576117113
455,2.1311617098333513
456,1.9962824060744881
457,2.0857020848625245
458,2.144447084797661
459,2.047857022591395
460,2.26131142248999
461,2.3213645671640735
462,2.331372581308847
463,2.2139242930296525
464,2.2455985133471557
465,2.223113901341406
466,2.2021213102124775
467,2.058813368682733
468,1.9632772514441197
469,1.8355697960082213
470,1.7083427311358848
471,1.7425388188581088
472,1.7315415297569552
473,1.7909139275411092
474,1.6529175855291633
475,1.1242471066056012
476,1.1692002778548047
477,1.2665322940947292
478,1.1835523688951182
479,1.1765523086362095
480,1.1778392427142579
481,1.1441569057357015
482,1.1204649709347034
483,1.128252198453015
484,1.1650057736792196
485,1.269305241470283
486,1.2935200521945407
487,1.3133893005364363
488,1.3384201901343775
489,1.1505819156543315
490,1.2482285955113765
491,1.3999282740520904
492,1.3721324531370147
493,1.5251786875062174
494,1.3991861938277048
495,1.3589409118310973
496,1.4074991359145685
497,1.5461730759102466
498,2.428060374583072
499,2.7312273050637197
500,2.5886321417226585
501,1.8337713407031937
502,2.0931085544329884
503,1.814239846976051
504,2.253335260877173
505,2.4790166493110113
506,2.4804824554697795
507,2.5034139071034227
508,2.573334430675834
509,2.5044601384212704
510,2.3164767140870905
511,2.1953349204612524
512,2.1113653771785117
513,2.3018536568410233
514,2.152326319868489
515,2.143982909233429
516,1.8332528327397781
517,2.0082358748804228
518,1.8833938235518533
519,1.8155243322987555
520,1.7810815343708484
521,1.8388267881885547
522,2.0969138928426068
523,1.9412720414240503
524,1.9856949469481284
525,2.1332196623651885
526,1.9638333158260457
527,2.178394068467817
528,2.191590129383487
529,2.3870442157268394
530,2.1914024458086385
531,2.047428864222609
532,2.1114765261946604
533,1.8199984177629056
534,1.833433377467003
535,1.9561032883734961
536,1.9889017183993931
537,1.9926164410017384
538,1.9900765898338435
539,1.840799521669336
540,2.2294839090349754
541,2.2878673187294996
542,2.255473911157745
543,2.3810902955060933
544,2.383942250949861
545,2.3150070288897653
546,2.3890959070274245
547,2.5562524905506723
548,2.5436616387989814
549,2.4491399864859935
550,2.465362087211163
551,2.4242295826313556
552,2.4196546817618345
553,2.327666466584024
554,2.451106258101032
555,2.338437042085849
556,2.4789631672713193
557,2.7375082188297344
558,2.508074665130198
559,2.504651798714394
560,2.288316953473976
561,2.5706063560238364
562,2.656825105088505
563,2.63957513492585
564,2.394036902995301
565,2.6772765174118005
566,2.5342849616846275
567,2.5158901301849226
568,2.549013775950568
569,2.504648507860484
570,2.5244532598465206
571,2.516713393040474
572,2.563769675090593
573,2.5850118089990097
574,2.5935477734674626
575,2.4659344702579316
576,2.731385259335422
577,2.5886118475498274
578,2.6809472970788857
579,2.5492896144707897
580,2.6035446127620245
581,2.531610655478148
582,2.592702073074074
583,2.530899731609441
584,2.559622495171641
585,2.413779122622766
586,2.432012520102541
587,2.607718427854831
588,2.713893637539888
589,2.7905528190395734
590,2.9323667232424775
591,2.981379285420357
592,3.015645792729761
593,3.0855631725601294
594,2.7552411778545363
595,2.841599676248898
596,3.267643607362928
597,3.381940456365117
598,3.302329475472971
599,3.2781929656769275
600,3.1006315025518405
601,2.7570553710643146
602,3.0927588781846067
603,3.321975378518831
604,3.366014073726367
605,3.2433062270648527
606,3.3398567437913607
607,3.1500631909710677
608,2.942014126422152
609,2.737508714176639
610,2.7999859778354788
611,3.4552993953009934
612,3.2987926324359655
613,3.481919540225407
614,3.2809971262757696
615,3.5046625596637333
616,3.659667551583118
617,3.6937224083167663
618,3.7411284684754893
619,3.784280579541389
620,3.6779144417140994
621,3.6414246746698353
622,3.553545957321487
623,3.642499581246102
624,3.6333965840163915
625,3.4209311492321537
626,3.661068228740025
627,3.458467068727772
628,3.4137140285546526
629,3.4793390585135113
630,3.418751773376052
631,3.6595658766901353
632,3.6352673520526597
633,3.7158045159110897
634,3.5809631096437853
635,3.6283930576234042
636,3.7967367624016686
637,3.887861372769238
638,3.8570518439351327
639,3.8223075201521675
640,3.8624326057951563
641,3.4738573088166227
642,3.43466020886023
643,3.779855225354705
644,3.682779480148371
645,3.5520129504825166
646,3.338992872428227
647,3.476953369769157
648,3.541997196451298
649,3.3816318219479578
650,3.340152984269819
651,3.1741309610504738
652,3.147891061578234
653,3.175305734868511
654,3.3210620487817986
655,3.375513967518852
656,3.3109849680396475
657,3.208357999059985
658,3.1297014383823214
659,3.067609436135983
660,3.086161095298533
661,2.9685787969613977
662,3.020381972743375
663,3.062658061631247
664,2.94528851074583
665,2.841838666179924
666,2.991103501439141
667,2.910036615876786
668,2.979073066433029
669,2.759773490613023
670,2.9883700931559947
671,3.0016927887048617
672,3.1114951922284066
673,3.223049221979736
674,3.3482098738870762
675,3.430492784119103
676,3.3070561069386692
677,3.4321691284983826
678,3.265842080938126
679,3.2443825493096727
680,3.0519303220469083
681,2.9257455100285465
682,2.944165916058821
683,2.8995411874798553
684,2.898151363806352
685,2.785910348608916
686,2.4529330617248966
687,2.1938313340421725
688,2.215953207216058
689,2.1299943416048803
690,2.0718720748844897
691,2.4609813037772112
692,2.337274100949688
693,2.7819635103450318
694,2.746760925960685
695,2.5587964924967874
696,2.4582019639092354
697,2.4296581862568547
698,1.9371527320503457
699,2.4015772344466475
700,2.6603816863608905
701,2.931641383548487
702,2.606050561389523
703,2.6481959712877536
704,1.894013034828242
705,2.436856589655641
706,2.322098486784643
707,2.3545160929827387
708,2.202419041183519
709,2.2451918001187923
710,2.302828480356356
711,2.345364921148927
712,2.4767315240055936
713,2.310246706663621
714,2.3961101359416253
715,2.249039606025473
716,2.195614457801388
717,2.2243519231058664
718,2.197569164977401
719,2.245203316032406
720,1.9598614658668987
721,2.3373347333238894
722,2.2809958405656827
723,2.206492221031433
724,2.276440925364695
725,2.182932154453157
726,2.3277457027696427
727,2.230442221204633
728,1.9156212240604051
729,1.900727294001666
730,1.8438919719826905
731,2.174777679722364
732,1.9653132490298615
733,2.033835872641345
734,1.98200260688469
735,2.0610157122470913
736,2.2440941024745094
737,2.2738281793401933
738,1.9691231212649785
739,2.167608797041062
740,2.149769132809044
741,2.6018966065854925
742,2.322545876805405
743,2.7360069649502403
744,2.6507117466368815
745,2.8810990805291854
746,2.8869881863634044
747,2.8680847153502853
748,2.813395283711759
749,2.489841102179298
750,2.31729382447264
751,2.54233996909438
752,3.0554716785030682
753,3.2881004162289234
754,3.3484572612394787
755,3.3413871084078477
756,3.333078936449964
757,3.213353972143493
758,3.508695519132936
759,3.918341813873702
760,3.897378539784302
761,3.7741507198770914
762,3.6247544694649863
763,3.5996678253614762
764,3.495923997785059
765,3.411056296678501
766,3.388277678029164
767,3.216390372182336
768,3.165869304847144
769,2.95176895357132
770,3.333579858302273
771,3.3873760704217157
772,3.230853295069162
773,3.4008464824508735
774,3.286204187738195
775,3.0283811064123514
776,3.1437005949806256
777,3.117922978504258
778,3.1769177908643043
779,3.1575563480782343
780,3.1935844138308704
781,2.968726124680083
782,3.0947418516763916
783,3.015036986957116
784,2.999337331626986
785,3.0427215301125927
786,3.1451580542429074
787,3.1371660964699077
788,3.19462679359252
789,3.481684110183865
790,3.2975045308762705
791,3.2776940835428747
792,3.1006501148861023
793,3.002668673780453
794,2.847231771565214
795,3.195074351660843
796,3.2006817203050737
797,2.950604068974554
798,2.8804913266307257
799,2.906177132992209
800,2.9182744546086004
801,2.9618242127594976
802,3.0188003978277824
803,3.1017708495273917
804,3.17005375218762
805,3.218748818546269
806,3.3564329033367395
807,3.374123176477309
808,3.3645467734536183
809,3.293677907273448
810,3.2047884058354237
811,3.3279096815770437
812,3.212546990157595
813,3.253845516710894
814,3.243948344826294
815,3.3331352955226996
816,3.1858268890085357
817,3.1501519254919135
818,3.26819423781672
819,2.975683506224679
820,2.989596959136155
821,3.4312186936308655
822,3.319381992424444
823,3.235422957740892
824,3.293777354477759
825,3.3671400947588297
826,3.172988436668306
827,3.1397394500452904
828,3.2662619868767466
829,3.308945701528104
830,3.0142541239028544
831,3.171495082268985
832,3.1627037632899953
833,2.972410301100795
834,2.9324670556901173
835,3.064112796558142
836,2.9946207975478893
837,2.7861796499993314
838,2.63854266116728
839,2.569095447298582
840,2.564495024129965
841,2.6827725349426306
842,2.7803943694241307
843,2.7457082238771013
844,2.7478538724186685
845,3.0268505205682525
846,3.0582715093318122
847,3.1175265410961193
848,3.242272053805127
849,3.3106619177854353
850,3.291270797305937
851,3.4838285376066453
852,3.3860492184049416
853,3.6393264743063343
854,3.8016728566849367
855,3.7343843319088266
856,3.6253619319394903
857,3.518348378444291
858,3.2544651133705838
859,3.2708227622075556
860,2.979094622021258
861,2.683954378611905
862,2.576260411225505
863,2.6093505448669587
864,2.514919676276141
865,2.397649075508339
866,2.2587311690278145
867,2.243802162798283
868,2.2219907942224797
869,2.178311195971215
870,2.186093612163139
871,2.163313308257203
872,2.152991942005154
873,2.2667397148876662
874,2.1960077980543993
875,2.228248548429045
876,2.4180519855766147
877,2.4271956562484718
878,2.5522661258653345
879,2.552373449026507
880,2.5026455356876034
881,2.5958235719392637
882,2.575939315809967
883,2.575804134359792
884,2.601370322845466
885,2.6542598319538264
886,2.667716188020045
887,2.265502773791483
888,2.327445809354169
889,2.479335262102492
890,2.655174436079575
891,2.6533389470339794
892,2.7741380302790004
893,2.7247529955573544
894,2.8373692916520477
895,2.786222477663119
896,2.7797034756050194
897,2.7641872748356127
898,2.7951064915792805
899,2.7956507696450714
900,2.768333435426652
901,2.659017604102351
902,2.674391222787894
903,2.4678848668471343
904,2.501465238656232
905,2.562250227706443
906,2.6824344519421595
907,2.746412984535585
908,2.4809380164254833
909,2.112068256482673
910,2.2996396030148984
911,2.016208426938304
912,1.8691543118485057
913,1.7628206531625912
914,1.8470886295275752
915,1.4326894981784883
916,1.6508481491254274
917,1.6004457698028967
918,1.5317311619576592
919,1.7135942213460538
920,1.6856174380347129
921,2.195872595064849
922,2.4188939968781065
923,1.6874803668356537
924,1.6759550140284778
925,1.3911896439080516
926,1.2895697956128984
927,1.2920525023873637
928,1.335214115348775
929,1.2723355757759844
930,1.302054920045246
931,1.2620581088090617
932,1.3041417816602934
933,1.6144229851688598
934,1.4700790296664088
935,1.4030398572101466
936,1.4944680791120382
937,1.3774470817416498
938,1.3776083486594621
939,1.2664952723760678
940,1.2841014557545032
941,1.2102081957098065
942,1.262865100495839
943,1.1971131029327151
944,1.1233667464591433
945,1.1179773202280545
946,1.1030566768637438
947,1.2607992155267094
948,1.309645066976426
949,1.3117820846021846
950,1.549928719068099
951,1.425921979266533
952,1.3624606582593437
953,1.3332272945586792
954,1.394174381363525
955,1.3908177414657559
956,1.4400200571431938
957,1.5233666735130305
958,1.6619317687157051
959,1.5862887220285002
960,1.6588562216455005
961,1.721937726330284
962,2.3459313239431796
963,2.6673162489693016
964,2.6013416147734914
965,2.90429266803461
966,3.0580650781471004
967,2.920632831144825
968,2.6845899224661323
969,2.4895581312674113
970,2.597004971134483
971,2.5781986612978844
972,2.6283919777617655
973,2.825845992206689
974,2.8059181874318697
975,2.5771650659681207
976,2.4639596876250605
977,2.5694014198980386
978,2.7678951590013243
979,2.8579940894451212
980,2.7381058564774103
981,2.7927548109556346
982,2.813017855234763
983,2.7665944158742395
984,2.9698578863976586
985,2.9315508376693424
986,2.7753761182932077
987,3.024394038730251
988,3.1176316285505923
989,3.0443505485418276
990,3.081321799479729
991,3.0281611464398313
992,3.0781273468314625
993,2.946851406216163
994,2.9047597357467043
995,2.883394830917044
996,2.881066907014302
997,2.842143617296402
998,2.866094982945094
999,2.8448817948626686
1000,2.825269423829307
1001,3.036508425008921
1002,2.994908464751233
1003,2.7499093925017313
1004,2.7397546791651974
1005,2.7102059264289893
1006,2.92614560508055
1007,2.7911049631197837
1008,2.7373556676850295
1009,3.0342817794548957
1010,2.8125741557809847
1011,2.8642186262921085
1012,2.973178886382453
1013,3.048491118000288
1014,3.003952960242637
1015,2.846351474197391
1016,2.8122504850354186
1017,2.574271483215818
1018,2.521646370732782
1019,2.5827635758497727
1020,2.6558783733297555
1021,2.7270331938955183
1022,2.616937485134167
1023,2.463861221737007
1024,2.419895628171614
1025,2.425394432682338
1026,2.295145236909508
1027,2.112440221721267
1028,2.0876430541865014
1029,2.1363064336983406
1030,2.172554401037544
1031,1.8970088879987963
1032,1.942335400653713
1033,2.0241034025046547
1034,2.2239370885535097
1035,1.919998240509598
1036,2.1615414783946907
1037,2.5701976726876663
1038,2.4659860058620584
1039,2.753065644102144
1040,2.782442072370716
1041,2.5740687104851836
1042,2.468060375074887
1043,2.9873526346455215
1044,2.8694998598173513
1045,2.905696610952693
1046,2.3348818448268176
1047,2.7918330226390777
1048,2.8142481827443646
1049,3.009562233296209
1050,2.856244427371268
1051,2.8869050850887064
1052,3.120873849427918
1053,3.0687270865840817
1054,2.915520279814275
1055,2.8937595206553945
1056,2.9796337964130863
1057,3.1135310802086176
1058,3.371659879224026
1059,3.4865270329597036
1060,3.497522404444251
1061,3.4209446796514213
1062,3.1254625793516175
1063,2.9403367833350385
1064,2.8418776869203493
1065,2.667710334323404
1066,2.537536593357518
1067,2.5042325828416416
1068,2.3985811173402385
1069,2.3702716607892564
1070,2.367516280312859
1071,2.3712362984053894
1072,2.297106801025209
1073,2.4413218039236155
1074,2.4776805012614287
1075,2.4377220432101696
1076,2.536446982331371
1077,2.4833231570588916
1078,2.4796369701280967
1079,2.4242101504372524
1080,2.458847846537437
1081,2.571813199996978
1082,2.6517097207184754
1083,2.5990189241698807
1084,2.5000478767300445
1085,2.6504185376273677
1086,2.9021454242275246
1087,2.8844065185367045
1088,3.0051538893310785
1089,3.0944461754939137
1090,3.1517298299013117
1091,3.061810048028204
1092,3.1836275788216537
1093,3.0450074293004077
1094,3.059511671128937
1095,3.05920182401064
1096,3.245646194065961
1097,3.459733370968447
1098,3.246347874966379
1099,3.232408512824929
1100,3.0620142786289146
1101,2.9979785103764813
1102,2.945011506948671
1103,3.038556095670005
1104,3.024828589581267
1105,2.9945961687318663
1106,2.6903423979127137
1107,2.440279701780528
1108,2.485570410121242
1109,2.667998471155607
1110,2.475510456383805
1111,2.886499612313213
1112,2.573910491528382
1113,2.7348216069937488
1114,2.461395476688474
1115,1.9003316145482212
1116,2.0815156007331246
1117,2.1302908973447234
1118,2.2760312581620608
1119,2.005898515365385
1120,2.170970907103286
1121,2.4457682377748324
1122,2.355214010335966
1123,2.254389328093784
1124,2.6702126602400016
1125,2.7333947610659868
1126,2.3144186886849485
1127,2.6411508491906277
1128,2.2891315487188297
1129,3.355983504068663
1130,3.156010514597746
1131,2.834875768363067
1132,3.228586522092678
1133,2.7267147831251566
1134,2.863603947274518
1135,2.616271103107238
1136,2.8127988047795176
1137,2.5550261971842394
1138,2.5870089670968004
1139,2.5248244928220864
1140,2.487248403836789
1141,2.5058157349536843
1142,2.4487807065015432
1143,2.369812111053254
1144,2.066572994902725
1145,2.407672281352058
1146,1.900081295745251
1147,2.3101221970270562
1148,1.9928124566125225
1149,1.9709680678440955
1150,2.0724016349038976
1151,2.2115238642220216
1152,2.3309174816927767
1153,2.340553048364787
1154,2.566411617389681
1155,2.104497308434185
1156,2.3588722088796388
1157,2.5378693535618195
1158,2.6377143238647913
1159,2.6165486348503917
1160,2.510647047609484
1161,2.497349608131622
1162,2.4331128792007104
1163,2.305332063377698
1164,2.41977474215723
1165,2.37481359493713
1166,2.2892549137889886
1167,2.1043493757099454
1168,2.2181475814650344
1169,2.0985638143197884
1170,2.048887655505381
1171,1.9485036178747541
1172,1.7736417702608038
1173,2.142976829900149
1174,2.313327058554073
1175,1.8201085527495695
1176,2.2102971129911357
1177,2.2342802416789147
1178,1.6219093103337674
1179,2.153530894826953
1180,1.6333257406294326
1181,1.7350262595902763
1182,1.803477884490785
1183,1.7085755119309842
1184,1.6551342554061446
1185,2.176894923307937
1186,1.72944273904571
1187,2.289525124928342
1188,2.1347695096141104
1189,1.6524996668328693
1190,1.7057516471887757
1191,1.8354336728957201
1192,2.198131233096559
1193,2.3063297919214185
1194,2.380391023187869
1195,2.356064100475128
1196,1.9525860806136932
1197,2.313023951215709
1198,2.4202001663942805
1199,2.4276944923026416
1200,2.4212693060744725
1201,2.511517772885289
1202,2.523516422702761
1203,2.5661569608329544
1204,2.801706192601335
1205,2.573345363204289
1206,3.561812416023932
1207,3.2391550573812187
1208,3.5694306576036263
1209,3.7845738494729657
1210,3.4633159530118225
1211,3.506212424973891
1212,3.4496916623792475
1213,3.228989073439725
1214,3.1127957120863567
1215,3.094304275015424
1216,2.9478628359545676
1217,2.960193070751378
1218,3.0267481361821016
1219,3.004950511274723
1220,2.9981794415905854
1221,3.02077058537397
1222,3.096485872705998
1223,3.0320093730379605
1224,2.9883527265014287
1225,2.9422239498264395
1226,3.03182245129165
1227,3.1051394747604477
1228,3.0672440849444333
1229,3.0742939142014087
1230,3.258502126466929
1231,3.3310891484131946
1232,3.517252213879556
1233,3.5819003531061333
1234,3.589728570822027
1235,3.663758483391772
1236,3.630761623021129
1237,3.7098044184599295
1238,3.6761581167250346
1239,3.72508521656573
1240,3.7304475545581144
1241,3.6165739515895665
1242,3.593052754828992
1243,3.601245697012623
1244,3.4151309408416863
1245,3.4121914160914475
1246,3.4146519912246887
1247,3.616834627215042
1248,3.598961636876709
1249,3.3689599355533923
1250,3.603187480284264
1251,3.4668095962873164
1252,3.5842339836760924
1253,3.74845434435552
1254,3.6946100266013358
1255,3.7363754774797138
1256,3.8485716633594356
1257,3.7622933631018642
1258,3.7474807529961933
1259,3.608024263082319
1260,3.6842042266051216
1261,3.5479176381519317
1262,3.4576351928647386
1263,3.375663317593391
1264,3.3949761876723223
1265,3.289892631051964
1266,3.208869089855448
1267,3.1458273830065164
1268,3.2943707700781437
1269,3.294411745656262
1270,3.4431082077037796
1271,3.378591052631856
1272,3.376491855208099
1273,3.219369249570481
1274,3.1608019001312258
1275,3.318202054837686
1276,3.2290131488914517
1277,3.1523737209841847
1278,3.1726031349972654
1279,3.324210970239103
1280,3.1374812262398915
1281,3.10581601029323
1282,3.0829418037137044
1283,2.8916584268281786
1284,3.134800256920737
1285,3.108236046813469
1286,3.3511031817191945
1287,3.4564898023950166
1288,3.488438637841701
1289,3.4980776692945543
1290,3.4780537306423316
1291,3.4686043115497482
1292,3.4962616204081294
1293,3.523499050042773
1294,3.3498378228522228
1295,3.1996173160059476
1296,3.2230060462455805
1297,3.073337658435599
1298,3.084008033658037
1299,3.1131595413977897
1300,3.1937122516991203
1301,3.461951330847265
1302,3.3804167732924775
1303,3.2992322608264
1304,3.3421666897061257
1305,3.451232872376769
1306,3.4469098654467283
1307,3.66838610379273
1308,3.6875720524300575
1309,3.6492973841700955
1310,3.712413737656536
1311,3.5186399573562506
1312,3.620996160018713
1313,3.634799736701765
1314,3.626259824049604
1315,3.589812529532784
1316,3.4965704370501465
1317,3.4395225778647895
1318,3.4595855130425237
1319,3.542978115734272
1320,3.607598425984258
1321,3.5834031015913994
1322,3.6403625585495996
1323,3.57681417087677
1324,3.634567160730853
1325,3.5291814826039443
1326,3.5293523372275613
1327,3.8170799527316284
1328,3.648137973783377
1329,3.561365044428675
1330,3.8213967615882924
1331,3.792076522347441
1332,3.6373913659343216
1333,3.6847415478260075
1334,3.6917579231976414
1335,3.5898906608827
1336,3.585801708274204
1337,3.5161216682965715
1338,3.5783661116726084
1339,3.4777932093371
1340,3.775106702835072
1341,3.876127040356195
1342,3.476931365199398
1343,3.1840242718292835
1344,3.6679694112683547
1345,3.3033592005152825
1346,2.5920114203005578
1347,2.74592964640196
1348,2.515880418643579
1349,2.5405889925605942
1350,2.7636632451952203
1351,3.100685680328262
1352,2.826114355033768
1353,3.332518292868449
1354,3.2448869843164054
1355,3.2062002243011425
1356,3.0367900055651798
1357,2.9396719701868035
1358,2.928149038516002
1359,3.0248057230595897
1360,2.9379290958951843
1361,2.9796284499634123
1362,2.9604439273470247
1363,3.167217232174039
1364,3.073360591701503
1365,3.106630733752189
1366,2.889908406782075
1367,2.7926440130075347
1368,2.9194440671570487
1369,2.686520486113835
1370,2.9353488201394455
1371,2.9316741514616558
1372,2.7786764723105266
1373,2.724120490086733
1374,2.750704937717251
1375,2.754861283038065
1376,2.7496078523974483
1377,2.855759823568631
1378,2.7836821591702687
1379,2.9650880697078406
1380,2.9623260225975887
1381,3.2418852781304133
1382,3.092933107563549
1383,3.3299948678013886
1384,3.3523394314710644
1385,3.383119547549926
1386,3.3948853905057
1387,3.3193228526816374
1388,3.166048628881154
1389,3.0421695185989575
1390,2.9454175807818683
1391,2.8302315595348717
1392,2.760351109893721
1393,2.7134409031971147
1394,2.800011503830981
1395,2.6996679235195855
1396,2.652249398113406
1397,2.7855829922568973
1398,2.888322161349091
1399,2.7390707417279754
1400,2.863970275319386
1401,2.8396213693124137
1402,3.028913100406348
1403,3.0165230983244897
1404,3.0090338009546707
1405,2.98370783218179
1406,2.991297329472015
1407,2.9340441313007797
1408,2.9917567675500822
1409,2.9540801568254564
1410,2.7496553278081173
1411,2.83155389428849
1412,2.983369567280108
1413,2.917372260041862
1414,2.882330410196696
1415,2.907286303796588
1416,2.9104590181992167
1417,2.689963878655065
1418,2.691867980541592
1419,3.043707068187909
1420,3.0114286238324808
1421,3.1315502861244147
1422,2.945132452464773
1423,2.7755444801815172
1424,2.7511077166959694
1425,2.7216013148786717
1426,2.7442313886824663
1427,2.834400408221762
1428,2.8666296748324354
1429,2.9371459029222673
1430,2.974897974350413
1431,2.913660922717982
1432,2.9597306719539267
1433,3.053746885884287
1434,3.0790131325873613
1435,3.1599333817816286
1436,3.177289117031724
1437,3.2213609398347693
1438,3.090901523091941
1439,3.365008259486412
1440,3.3231277322276225
1441,3.171535416574044
1442,2.9827377315583754
1443,2.996845688228802
1444,2.9066246370730604
1445,2.8381743090083096
1446,2.8558950397057536
1447,2.771613082913703
1448,2.727276472598854
1449,2.726410881365109
1450,2.7782074436178315
1451,2.701072879802749
1452,2.7244012114467213
1453,2.7300698763719367
1454,2.7607651707672436
1455,2.779842764568564
1456,2.967924236834276
1457,2.8925588409792096
1458,2.8606302533200316
1459,2.888212217539903
1460,2.814446318104681
1461,3.054797717173578
1462,2.9725308017321463
1463,2.9172782767454954
1464,2.939149359590553
1465,2.908769579455012
1466,2.9090899259062155
1467,2.858774159657753
1468,2.8259902902080807
1469,2.7819700781695373
1470,3.002172649554383
1471,2.717998496469877
1472,2.74848609780173
1473,2.7422033880525167
1474,2.888241922114227
1475,2.8807062371603362
1476,2.736995082977059
1477,2.6653172437296635
1478,2.717955239924819
1479,2.8515551644909247
1480,2.6412084728089673
1481,2.6610379864069067
1482,2.570407197213767
1483,2.663447405543086
1484,2.736439692195542
1485,2.750997256426732
1486,2.507231916839295
1487,2.6370557820752403
1488,2.647364026759861
1489,2.551210551401674
1490,2.6384224774802707
1491,2.607990390443836
1492,2.3995815031194345
1493,2.3902108314876673
1494,2.421323596305323
1495,2.3804128812254652
1496,2.413412033185886
1497,2.396584289757789
1498,2.425701762616468
1499,2.395502529675228
1500,2.1403985739263898
1501,2.2855596600966686
1502,2.343953228860702
1503,2.307607961329582
1504,2.2927804968496326
1505,2.321861602341545
1506,2.4126977066207522
1507,2.2615749881612475
1508,2.4373224651754124
1509,2.3327508821469807
1510,2.608065553899043
1511,2.6507070836605036
1512,2.652434523425454
1513,2.6243357163458008
1514,2.297389600544904
1515,1.7397866010015026
1516,1.7797776303789927
1517,1.6222577690533717
1518,1.6122325154841575
1519,1.4920101056045636
1520,1.4880972861265729
1521,1.460922130838654
1522,1.4689747663385166
1523,1.7143986237327045
1524,1.4059848055388307
1525,1.3855732665196927
1526,1.400373884073306
1527,1.3890318747002912
1528,1.5487772666013886
1529,1.6130840409409062
1530,1.4330400646122952
1531,1.4765751466706325
1532,1.517483118869942
1533,1.4709104859141775
1534,1.564481701673869
1535,1.929182725493601
1536,2.4942529468692145
1537,2.5974197936316954
1538,2.5897468236693406
1539,2.485103125786157
1540,2.547162414948056
1541,2.4711085552223055
1542,2.2616834631082234
1543,2.4718306036881663
1544,2.548769109794086
1545,2.4851266468236406
1546,3.174827234786384
1547,3.2076228327464293
1548,3.2532170927569055
1549,3.2786657539109756
1550,3.318626014238587
1551,3.1086899050131525
1552,3.038541989976597
1553,3.0049091016646545
1554,2.9880900587574954
1555,2.6381087229798625
1556,2.8247909183620656
1557,2.5907166911398796
1558,2.6843928291147363
1559,2.6760868474126878
1560,2.882007555649839
1561,2.422146350441525
1562,2.6905780567941044
1563,2.731900776115832
1564,2.9727256605398025
1565,2.6841453729531426
1566,2.880038157200109
1567,2.4696971387402606
1568,2.6826903089582523
1569,2.6066219597913554
1570,2.5172368720589025
1571,2.4185517495784126
1572,2.4458308487580895
1573,3.2320479442965078
1574,2.9639243506257187
1575,3.001503294925714
1576,3.0356980718898297
1577,2.908791965421795
1578,2.963525008985511
1579,2.8716783334258786
1580,2.941343849416465
1581,2.8479634877843925
1582,2.771403950901134
1583,2.7631872287303443
1584,2.8393270967217163
1585,2.7724508542461876
1586,2.7581541928042026
1587,2.9530632895775457
1588,2.7767060317183154
1589,2.9063806952661713
1590,3.0123369060067557
1591,2.873485973552261
1592,2.9684145665369948
1593,3.0019098198591125
1594,3.1649723030156798
1595,2.787969691285734
1596,3.4556256448006883
1597,3.4709739354466502
1598,3.2137173076125696
1599,3.26970204366663
1600,3.1047364721698054
1601,2.855498114024055
1602,2.9933130718056566
1603,2.819856523161021
1604,2.8778588272403507
1605,2.7502525017970503
1606,2.827264205387652
1607,2.737246301556646
1608,2.588376972128021
1609,2.6133990578229787
1610,2.6356616841977663
1611,2.759482457230254
1612,2.818730486483357
1613,2.831360743993272
1614,2.7796387863879572
1615,2.8867616682736488
1616,3.096058730425602
1617,3.212377117243418
1618,3.236925836684419
1619,3.369386311923566
1620,3.3706654212223426
1621,3.446737002744474
1622,3.6052874564277864
1623,3.675673348321599
1624,3.606566601839584
1625,3.772926140542633
1626,3.767612651566673
1627,3.8574278250725587
1628,3.7838128119972567
1629,3.6691410940004086
1630,3.717518741940537
1631,3.2426617545495118
1632,3.287801686619318
1633,3.5777519017271184
1634,3.69883465691318
1635,3.7392929678463522
1636,3.7777013540398947
1637,3.7555515056913045
1638,3.765287584623954
1639,3.7947041748319665
1640,3.8363157235975565
1641,3.771582582244509
1642,3.777464839992885
1643,3.573872078972157
1644,3.7126950645759327
1645,3.3907721302756806
1646,3.288539962979262
1647,3.44414827748071
1648,3.0947504266833734
1649,3.0073615772795406
1650,2.8069650336429763
1651,2.726856428840043
1652,2.5334444962808766
1653,2.475778784658414
1654,2.443209721673446
1655,2.334693261247183
1656,2.5721469896320945
1657,2.446531533519244
1658,2.466409529564167
1659,2.7267906377030378
1660,2.8441519979564083
1661,3.0795841992295654
1662,3.007106791439701
1663,3.03371612343971
1664,3.3544575965103434
1665,3.4876395271942577
1666,3.3974616642752435
1667,3.5667410226922267
1668,3.4902711066582994
1669,3.5411124691992253
1670,3.5497082261017296
1671,3.5348136094629417
1672,3.4807089849642754
1673,3.3592849096178634
1674,3.334160422347381
1675,3.016037358704354
1676,3.1820904570829605
1677,2.9855935341007056
1678,3.0433698572968515
1679,3.2336409393925805
1680,3.3722921338125915
1681,3.3292956087130205
1682,3.2594935347588936
1683,3.2554955798545993
1684,3.2971936992574116
1685,3.2501487682630485
1686,3.23785558869654
1687,3.072308420631342
1688,3.0864706536056508
1689,2.867649547982756
1690,2.778782331750923
1691,2.6378116397511087
1692,2.5644943627139885
1693,2.5523659377692685
1694,2.5735122561374237
1695,2.857181013320111
1696,2.966919562363096
1697,3.1520313082313307
1698,3.20197501022855
1699,3.210761427255527
1700,3.45700338158051
1701,3.5737316818781655
1702,3.8217039093494676
1703,3.8347623651245937
1704,3.8442488125439196
1705,3.578263993920898
1706,3.579396792816538
1707,3.1322021565313074
1708,3.2718938080638473
1709,3.162322999083219
1710,3.193061320729711
1711,3.0057001637316403
1712,2.8750465087303083
1713,3.3131257004904695
1714,3.067795717743409
1715,3.1550799018547084
1716,3.5451800716460697
1717,3.574504149102622
1718,3.6586202088383977
1719,3.6994293813857717
1720,3.679960309295812
1721,3.635856983980029
1722,3.5852680933023473
1723,3.553735704769251
1724,3.376443962510191
1725,3.224432067033095
1726,3.1459238824682423
1727,3.1679642094160134
1728,3.2170745710861315
1729,3.1067285981052364
1730,3.033627976425397
1731,2.9927825222897675
