,0
0,6.516460724994966
1,6.235623762951709
2,6.35945902928381
3,6.234016316003723
4,6.469093929628172
5,6.4970012655355065
6,5.894347146096839
7,5.600959689110886
8,5.885191105038358
9,5.88998006436952
10,5.701593268643382
11,4.932719842064274
12,4.554893580285829
13,4.283216522382571
14,4.806170250849714
15,4.777795461434505
16,4.829781947323918
17,4.846838786038041
18,4.803828132366743
19,4.547728585638631
20,4.350180150227072
21,4.002045166910394
22,3.9351265323337477
23,3.706287172866314
24,3.912969098196656
25,3.6998143290305694
26,3.270626999094871
27,3.4355289662660184
28,3.099664170791673
29,2.9017049885301955
30,2.869849280805869
31,3.19684217007625
32,2.887056995625158
33,3.1478241458664873
34,2.9900953633553744
35,2.958657346732627
36,2.9921531972825157
37,2.839452740729613
38,3.172786524293332
39,3.4491744737949595
40,3.6154511674177527
41,3.914983886307122
42,4.147222852483554
43,5.281241836538631
44,5.773483968006642
45,5.926798472572856
46,5.868185114806153
47,6.099352652086851
48,5.874097171602054
49,5.8882529741937795
50,5.580386905106419
51,5.451198179054948
52,5.23563740803155
53,5.251059767017818
54,4.7543344696096215
55,5.2000590865640035
56,5.217153966185663
57,4.74317487665261
58,4.72930287957567
59,4.574175573384755
60,4.681154215569238
61,4.589936161216777
62,4.501703157984806
63,4.312930231390873
64,4.119115851407958
65,3.9172691624235734
66,3.7541468239907774
67,3.648048576579355
68,4.083171225058245
69,4.222973706736836
70,3.7893947511825354
71,3.9751992856006386
72,3.8378517236158594
73,3.6241604908332645
74,3.677027269163554
75,3.780982198861194
76,3.6625798312513003
77,3.205333931035405
78,3.787791118489917
79,3.7831949810094514
80,3.8001030179282402
81,4.197356781388977
82,3.851315633179223
83,4.271821668433876
84,4.530139857082029
85,4.50383318656389
86,4.629605413821197
87,5.351217924648947
88,5.315724395287067
89,5.635735370053653
90,5.680574489945191
91,5.3731837623867404
92,4.717633991547753
93,4.689157583510665
94,5.307298037870465
95,5.39300207539824
96,4.645945767071866
97,4.631180308705014
98,4.5678029306599255
99,4.582087505192404
100,4.34904759370435
101,4.136356351656697
102,4.047572343923436
103,3.722074832891919
104,3.4178501103658747
105,3.3862960163700895
106,3.367629259494024
107,3.083951637400628
108,3.2961161130758727
109,3.4150221486059853
110,3.4552297531494105
111,3.4060199161480926
112,3.4216572055236045
113,3.2656211236006008
114,3.4652975065034375
115,3.455084228864004
116,3.4889753251380817
117,3.5773560191414284
118,3.5904669005782015
119,3.6284573478345212
120,3.6314445780403224
121,3.653054806256934
122,3.7086941822501305
123,3.760111946443806
124,3.9861133870874865
125,4.181134497295575
126,4.625381991405822
127,5.264049164377485
128,5.372080256269297
129,5.3896163679054085
130,5.871503599381939
131,5.925748373365713
132,6.462907773383847
133,6.546853026387267
134,6.366054726618637
135,5.9667631305802065
136,6.557538998073238
137,6.3351695153559975
138,6.582695368729609
139,6.56323590927015
140,5.939563427589734
141,5.859766880732319
142,5.897433876996875
143,6.026146148274362
144,5.941042001121248
145,5.988641429818237
146,5.935431582039425
147,5.864560894278493
148,5.489266778260563
149,5.804771164665235
150,5.2867745975879705
151,5.68501132381325
152,4.923199179821959
153,4.798597711576769
154,4.869433869920118
155,4.738287455793718
156,4.298347254974446
157,4.29390601407917
158,4.519672402977645
159,4.027589026338539
160,3.6956576455792978
161,3.4817412801028103
162,3.4944828456905963
163,3.519601780548691
164,3.1219226217593516
165,3.0755216390346636
166,2.9775920019998714
167,2.83399184352168
168,3.001608885937165
169,2.616437064787629
170,2.901378325378563
171,2.9777664974200557
172,2.830193143577242
173,2.5854832315918865
174,2.495337704559577
175,2.8122363897271816
176,2.8875905603418976
177,2.4352324099757574
178,2.2335894308019153
179,2.1128074749051127
180,2.240544173641762
181,2.2997044678484024
182,2.277066692524279
183,2.4348137123028892
184,2.475705475084125
185,2.544883727867111
186,2.4607122431602813
187,2.3801436853423623
188,2.3820944283167997
189,2.450683985557264
190,2.572374853188508
191,2.6005547533541518
192,2.6224766367331966
193,2.889989451671603
194,2.8792136228145853
195,3.1218754676049207
196,2.83379772748988
197,3.1196207115775536
198,3.199112826442882
199,3.226222648967927
200,3.1739188428566987
201,3.1562915174455024
202,3.1540864032182205
203,2.7363215552114895
204,2.720529596686605
205,2.7072725409676592
206,2.6884391571756465
207,2.555740577011864
208,3.537398166082535
209,2.9599397276360486
210,3.07518968879659
211,3.6543314429629064
212,3.36797084018024
213,3.496652619942106
214,3.2037257915656663
215,3.2437598924478066
216,3.098287045018389
217,2.7883938177715937
218,3.0068887234127417
219,3.0291785446136332
220,2.7984635471772004
221,2.7767054596114304
222,2.5013595510210247
223,2.1484222374682522
224,2.190981184366236
225,2.112996270183267
226,2.1495057904485044
227,2.007710692642986
228,2.0228546359839106
229,1.9526399177651135
230,2.0677334364836684
231,2.098377601957596
232,1.9834146561795716
233,1.9662269785230437
234,2.062832153291516
235,1.9901207180307803
236,1.9222098864602988
237,1.927984528269015
238,1.8274664050039615
239,1.8049175342431891
240,1.7856299756300105
241,1.7960502149915658
242,1.7835208327278451
243,1.5770587862920311
244,1.7281709829570955
245,1.6533720764042776
246,1.829181254631515
247,1.6666404557868701
248,1.9111318413421685
249,1.8640678142064662
250,1.652162427992704
251,1.8422598313549743
252,1.6353984539002595
253,1.6183808676894433
254,1.5920863360964121
255,1.6453272900041507
256,1.886111114740873
257,1.81571666900843
258,1.8241662189599848
259,1.7461270258823534
260,1.7229021298524922
261,1.8214526226806187
262,1.846042162824101
263,1.9057732553702778
264,1.963502634510964
265,1.9509154239743487
266,1.8412075378341524
267,1.639979956166424
268,1.5447390997101524
269,1.5482838645637498
270,1.50259548841345
271,1.4953837090430426
272,1.474764882818219
273,1.4558572145674613
274,1.4188839818945196
275,1.4295401254110292
276,1.3905561491875453
277,1.3921645541198504
278,1.430783944160246
279,1.3932593769020725
280,1.531825199263496
281,1.3946847801835076
282,1.43468725876145
283,1.4186986981986311
284,1.4766908229453903
285,1.2715590943998172
286,1.1973243986170206
287,1.2498781662436746
288,1.23393657536783
289,1.1336092443865646
290,1.0806833750779572
291,1.164761302400144
292,1.4057998585794598
293,1.6867529179756995
294,1.6128831862556716
295,1.5121068253537362
296,1.4978659284206708
297,1.6645071742707018
298,1.7982065515614383
299,1.9643245350303504
300,2.342701434311177
301,2.3607862670361963
302,2.387069407404257
303,2.3170590858708437
304,2.279273940329471
305,2.285715789873627
306,1.863902202821771
307,1.8373082404927852
308,1.976894182312614
309,2.004688162316047
310,1.861781614910213
311,2.063546474052125
312,2.191434557069597
313,2.2734046663182665
314,2.280304834637751
315,2.2694678653007823
316,2.085103434001187
317,2.064929690619737
318,2.1202804989520367
319,2.0373776949186926
320,2.016867781251477
321,2.14131269358614
322,2.5183481536319543
323,2.337552222936487
324,2.334757672681039
325,2.086800418568817
326,1.853175766028162
327,1.7595206103520995
328,1.8306967540154964
329,1.9428116178645725
330,1.9314348191461943
331,1.7737697783022213
332,1.875362714680003
333,1.8659791289883236
334,1.6536762197074666
335,1.916315461545688
336,2.10127585013895
337,2.0594572777137867
338,2.037731429590274
339,2.3923929703386424
340,2.4899425498346557
341,2.9572759658637584
342,2.9474272446534786
343,2.927569393073993
344,2.700787067137355
345,2.9764269985228022
346,3.06668819703475
347,2.8589824491435416
348,2.6753586716302378
349,2.606382801559033
350,2.470563487667643
351,2.332814809151747
352,2.7824332713068487
353,2.4907195974838157
354,2.670685429179108
355,2.614486797186847
356,2.6585700499877465
357,2.7749808589322127
358,3.0988522033731165
359,2.7649763991014247
360,2.78312568028305
361,3.056848286901238
362,3.1604215071066677
363,2.7982523601601716
364,3.148521132336753
365,3.2309634449591886
366,3.1472724641936733
367,3.015505062186912
368,3.034390371472257
369,3.1690986710752176
370,3.1521264251101937
371,3.1751094747589383
372,3.146721860700754
373,2.8593376610756374
374,3.5447342573345524
375,3.8090380913874884
376,3.8417732133479743
377,4.066704645567852
378,3.885882131390163
379,3.976215987650692
380,3.8733976466749023
381,3.8749006070106593
382,3.644218451856308
383,3.460467133234835
384,3.274536117593345
385,3.0747996333858723
386,3.0229752633163014
387,3.0027532474166545
388,3.0413708227069534
389,3.5057502979196253
390,3.4699158180359104
391,3.134164256060382
392,2.97267596754707
393,3.488339347958599
394,3.384469680692753
395,3.1373123578938866
396,3.2756807852377112
397,3.071877083426111
398,2.9878161682305997
399,2.807888612476558
400,2.753097204322693
401,2.738950017275105
402,2.6624346004561494
403,2.7899449547689152
404,2.7308160601732405
405,2.5429603395301448
406,2.7172583968066104
407,2.8594041559259904
408,2.5740003627482446
409,2.490011573748603
410,2.715292934909612
411,2.4508595915812452
412,2.3922477091894363
413,2.265328843192553
414,2.274610134394342
415,2.253204903819856
416,2.092747764590172
417,2.0570482830636525
418,2.1838415294691833
419,2.1497215933503186
420,1.98602018637555
421,1.973782911846166
422,1.9290119757310096
423,1.8201503941932748
424,1.8345405309880005
425,1.844301836366652
426,2.0010476827859285
427,1.9535952119244813
428,1.7402050300032492
429,1.7375959319883783
430,1.6745909921745894
431,1.4973678105456978
432,1.5280735921561195
433,1.4503794612320173
434,1.386819322342372
435,1.4433169186028192
436,1.38374748860127
437,1.3525218620588875
438,1.3490113901908152
439,1.3265045927507977
440,1.2329549669400788
441,1.2969454554139568
442,1.3394979372381197
443,1.3203991692750154
444,1.3231701668365532
445,1.5113761431840342
446,1.6652139572081532
447,1.7541492424969305
448,1.9005727609116365
449,1.791068677653078
450,1.997629571442836
451,2.113901592216344
452,2.3799805612357816
453,2.4432754233018894
454,2.4933028540041056
455,3.0525808362804647
456,3.0665011354431972
457,3.7731224150583635
458,3.814160978672438
459,3.8580869752460254
460,4.081372060477125
461,4.684699952654229
462,4.960343276284811
463,4.697068230254883
464,4.784921165091483
465,4.937175575491759
466,4.223090938034723
467,4.879675077594653
468,3.99611139472015
469,3.9421943776162403
470,3.6346742516158486
471,3.988202297460145
472,3.602755379385306
473,3.492203766387936
474,3.2993593770834564
475,3.001846288923221
476,2.9663849770518405
477,2.6698255566160083
478,2.629840248839513
479,2.4310123376404285
480,2.3194045553177793
481,2.266384719692685
482,2.3022799810576022
483,2.3577341657727366
484,2.7874039938359525
485,2.861081552640881
486,3.0025388262131387
487,2.8666887254874096
488,2.947509426300645
489,3.569666742171837
490,3.942416940425802
491,4.3253891002309395
492,4.00352372273906
493,4.0900880228222585
494,3.733225124907922
495,3.455745754303547
496,3.430629218557421
497,3.217843203152952
498,2.7794361205620954
499,2.8879806675873265
500,3.6243865668101916
501,3.020605449863363
502,2.7104675590850262
503,2.932472177596771
504,2.691296999383785
505,2.8375379259558042
506,2.76955367982396
507,2.5489245129191698
508,2.304427499234089
509,2.2473219177140376
510,2.4408581494344292
511,2.3090897006623825
512,2.1636837831802964
513,2.127655591087699
514,1.9923285012984475
515,1.758805122716138
516,1.8203080773293399
517,1.8032394988615348
518,1.6930772706705497
519,1.600723115926446
520,1.7758953132063102
521,1.686428116679633
522,1.611990224286033
523,1.5748094024416373
524,1.5564282079709557
525,1.4553920174580328
526,1.4524039451749904
527,1.5187482683760927
528,1.5625466736903817
529,1.5005538667347442
530,1.7278948251472404
531,1.942773147176454
532,1.9225430032864472
533,1.772587964287086
534,1.9448554879445281
535,2.0966115813782866
536,2.3125447395903427
537,2.3058750573593745
538,2.3143915669430943
539,2.50899039703951
540,2.647184024419782
541,3.122767804926627
542,3.861426552166878
543,3.4752423373265673
544,3.8046444456229676
545,3.742033477273165
546,3.810413739557265
547,4.015021821755506
548,3.968988240989997
549,3.97345092415816
550,3.8200426760372923
551,3.699201377051039
552,3.8614600561056545
553,3.761469752806767
554,3.8576213428806465
555,4.180210510405007
556,3.893830645997185
557,3.6903634462534214
558,3.5007160878151904
559,3.761632805933307
560,3.845787768769024
561,3.9551520848870716
562,4.151653785496825
563,4.410113618627792
564,4.573409874956722
565,4.3627263206587195
566,4.469365248178771
567,3.9495047668955996
568,4.22611862111836
569,4.632842184881341
570,4.658874600993164
571,4.278357689992211
572,4.619881617829682
573,5.309408505078903
574,4.672814748370523
575,4.564652964446185
576,4.139328962604059
577,4.5299685727880865
578,4.644422733102167
579,4.685389497485204
580,4.7135285499402135
581,4.962868809127466
582,5.361890789030461
583,5.615360789805296
584,5.890331839793259
585,5.339146110692443
586,4.713434397400792
587,4.174473114662485
588,4.044116681291449
589,3.7976252004083135
590,3.8962525318079964
591,3.7274957613817463
592,3.503563920800013
593,3.5178696991171843
594,3.592397100915189
595,3.4542944357835226
596,3.2983522945649213
597,3.026193233776632
598,3.03727261878482
599,3.1167323316110638
600,2.423559562219845
601,2.3560015684933386
602,2.34681713813649
603,2.3259238427173283
604,2.381937788344462
605,2.38506739333539
606,2.4046496012869163
607,2.3214553300623
608,2.31356308449591
609,2.0958523324267264
610,2.2197223991689414
611,2.290978540024597
612,2.447304879262454
613,2.486004930995568
614,2.326586816078979
615,2.4523955766939833
616,2.5202390546885685
617,2.34228332790464
618,2.385051685793772
619,2.3396151532226357
620,2.5125243949880054
621,2.496137197478565
622,2.5179989978594435
623,2.534493793717506
624,2.443990214476066
625,2.534640956729511
626,2.7735223481494122
627,2.8780528164258086
628,3.0051903378781035
629,3.1116312033784728
630,3.550875292422866
631,3.5993100271237064
632,3.196688763674158
633,3.1710514160361827
634,3.268929741892901
635,2.938532035718928
636,3.015093212721752
637,2.6846626427085862
638,2.6770036593946704
639,2.515429681738728
640,2.4062633573430876
641,2.3955493686595544
642,2.2627773492653884
643,2.3172627812871407
644,2.300697526289919
645,2.0957027054557225
646,2.027650642291794
647,2.1082034921437405
648,2.0022966368776656
649,2.0370714738031674
650,2.123341594163124
651,2.0758152354987254
652,2.0004642395550234
653,1.9085026951452173
654,1.8983183938373034
655,1.9069204932977635
656,1.9419391490457907
657,1.9478020475627174
658,1.906777819425057
659,1.902940372162953
660,1.9446513605657694
661,1.9823531463044588
662,1.9619200414036364
663,1.8706641857056414
664,1.8563715157014713
665,1.869578504864564
666,1.874166552481487
667,2.0751262353784683
668,2.1923358467182448
669,2.086133758214393
670,2.1382408153963457
671,2.106062482555206
672,2.0984616525981137
673,2.444427401472055
674,2.5404280002197646
675,2.9161447326400904
676,3.3749848034040344
677,3.8088177424924687
678,3.711053912402318
679,3.8503098862526945
680,3.936956212483286
681,4.247179722671355
682,4.244007790796198
683,4.843432105099529
684,4.885423734131612
685,4.856120023454776
686,4.626546624478003
687,4.623418707053963
688,4.108321271096695
689,4.3152386338425135
690,3.7401389226456434
691,4.004956124749411
692,3.6125116437697606
693,3.514152666372693
694,3.390031335309881
695,3.10887965915868
696,3.436585202673933
697,2.936624641024002
698,2.963872941401592
699,2.8413883421048705
700,2.791820841959334
701,2.7866612488270266
702,2.777950956193379
703,2.749461663572522
704,2.5607037830971517
705,2.5843787657207278
706,2.5453318579961084
707,2.5009709560053497
708,2.4807834417105985
709,2.233265932043298
710,2.2715215867405836
711,2.29196009912036
712,2.292086757393005
713,2.2855791494378384
714,2.2733384442585236
715,2.1465501254583095
716,2.1367844766538013
717,2.238397296951116
718,2.2829649408210915
719,2.540826878072435
720,2.8462454371243084
721,3.0290628420365344
722,3.0835140305120317
723,3.177395911479407
724,3.101365901773888
725,3.2115576337197647
726,3.3345456940083236
727,3.5535137298311605
728,3.9462787307647513
729,3.8193888475979336
730,3.9744981132568213
731,3.8736538454573313
732,3.6732647577680217
733,3.4898006387373735
734,3.5301910419088713
735,3.4654542918486824
736,3.5038479322527087
737,3.4483746182021227
738,3.3024012279927923
739,3.3147602600252313
740,3.373983444681958
741,3.4496239652913054
742,3.0705232151897546
743,3.233052982601929
744,3.316451980197857
745,3.0478089313383276
746,3.1887679378695157
747,3.276871358101144
748,3.302787473371666
749,3.4624778400117227
750,3.306219943967689
751,3.149584526105942
752,3.1002894225812554
753,3.5001278069003727
754,2.9911015864440484
755,2.585444875045786
756,2.5466760294772794
757,2.169166613275474
758,2.1325602169618465
759,2.218908499595544
760,2.105999336152669
761,2.119639330213288
762,2.1811079872912065
763,2.2110727274302064
764,2.2886012289606543
765,2.2678455839261247
766,2.267848447817575
767,2.310089895179317
768,2.2453813027397507
769,2.3812781638811655
770,2.344045858720338
771,2.4748909143147837
772,2.7822394888547786
773,2.5169153004844707
774,2.868850545361803
775,2.586524142083762
776,2.3772929512230565
777,2.5179178092350996
778,2.5012026189931618
779,2.4741178718425103
780,2.452179579957945
781,2.642590151744609
782,2.5359006316159065
783,2.2624562803213353
784,2.2625928183322714
785,2.137951635240025
786,1.9687618642016242
787,1.8442868915577915
788,1.9492041253414434
789,1.94723553126439
790,1.83670535666382
791,1.9017334037815525
792,1.8323014011648735
793,1.7808613742660484
794,1.7828268703040764
795,1.7651945894507877
796,1.770294847703546
797,1.7794792797870724
798,1.764536470189429
799,1.7000894632030317
800,2.0135140623830714
801,2.003679494162514
802,2.029708874929944
803,2.1920564692296662
804,2.219126617328786
805,2.2927923597929736
806,2.105252224254476
807,2.0794732379565546
808,2.145835486929706
809,2.1973330316160715
810,2.1063768248914374
811,2.081864593220456
812,1.9198696270908553
813,1.9982524293275266
814,1.9155019057989728
815,1.8648792724133885
816,2.0286103491694707
817,1.984821788622882
818,2.044882293568155
819,1.7662241116451998
820,1.9214075350511814
821,1.7384867627563343
822,1.6774466873286362
823,1.729225331084876
824,1.667565481314546
825,1.624860568905232
826,1.5553829456449813
827,1.4475073372130822
828,1.4924420838701153
829,1.4423601520537968
830,1.3432066818635995
831,1.3571875430917717
832,1.3755205512254831
833,1.308908551210734
834,1.3130238860119976
835,1.3392779624992561
836,1.2282948310945716
837,1.050299100588353
838,1.0323565841318412
839,1.1052571399162225
840,1.0036408298052961
841,0.9918626254687681
842,1.0224064428747677
843,0.9846505991894823
844,0.9275278987705156
845,0.99360153625943
846,0.9392599415665354
847,1.0405038290504645
848,1.3641016354794147
849,1.3805452078168385
850,1.734010399636803
851,1.7292347898642133
852,1.7299703816531946
853,1.9930076698656578
854,2.1293422597379137
855,2.4279941843749326
856,2.5247778983577382
857,2.5076981463670633
858,2.8739252046393493
859,3.2095273843918246
860,3.585189681854985
861,3.80898514327192
862,3.914737013087044
863,4.215985362607469
864,4.445536676039531
865,4.860721555060139
866,5.23994339584236
867,4.897283413214534
868,4.706045832488817
869,4.2488915232922215
870,4.116864730166525
871,4.091033313075487
872,3.749092385729646
873,3.5381485184984798
874,3.6599374251462535
875,3.7112225123225966
876,3.999630006559336
877,3.877639959811852
878,3.852703743562613
879,3.9246266019771876
880,4.408610072391179
881,3.7888612572281946
882,4.0822473533968
883,3.778863869892158
884,3.668067446364826
885,3.9128257060698286
886,3.725890137420415
887,4.161115564881629
888,3.983699222091554
889,4.48339639145035
890,4.1073171282279
891,4.0593451360045565
892,3.7776821107477634
893,4.665022609603924
894,4.601178375274732
895,4.550836492485448
896,4.752764577934667
897,4.6743525086856925
898,4.817542756025717
899,5.355477887399438
900,4.776672489719913
901,5.387253778609289
902,4.731426614033503
903,4.6969050779143044
904,4.565107197286509
905,4.3584930124424
906,3.828446614892781
907,3.6751653861436204
908,3.5822575224618025
909,3.65123622521044
910,3.518452622538835
911,3.4835084498826876
912,3.433021471323189
913,3.4462359612668094
914,3.813754475045035
915,3.0791797798239364
916,3.1560606107643774
917,3.2349906225795557
918,3.4863982749305404
919,3.4173123801324423
920,3.2754128395747575
921,3.3181085259955143
922,3.1278772039928167
923,3.289525811644348
924,2.9778427757955734
925,2.8797039700622733
926,3.2095407803096605
927,3.6100265589211378
928,2.929450174944832
929,3.62029952463797
930,3.0537937760043903
931,3.1225670793362497
932,3.544750356805552
933,3.4513159449074706
934,2.9034624317487427
935,2.7531791606809985
936,2.758449459693861
937,2.9007464999984953
938,2.6575602730546315
939,2.8720069634539906
940,2.7740699776541105
941,2.5784827394896745
942,2.56239920827432
943,2.7607946772550753
944,2.8411359650825188
945,2.400621233100638
946,2.47929893151062
947,2.4926210853700628
948,2.474915683416814
949,2.541426014127703
950,2.5117812109550215
951,2.447608424753144
952,2.7440070812590527
953,2.5438387786627343
954,2.513160133305855
955,2.5121081752969943
956,2.694853782614831
957,2.639344188604272
958,2.726691563304236
959,2.7341411294449034
960,2.919883584733758
961,2.7242628960675592
962,2.6421790465127097
963,2.5710767379184865
964,2.524618704132903
965,2.343796469713271
966,2.460200547538725
967,2.297126357211336
968,2.5210432474531546
969,2.5720682563548576
970,2.6995363007291657
971,2.650482266288475
972,2.4940904311733147
973,2.5669490739642655
974,2.3276104314851724
975,2.4853431486762116
976,2.3469932633572714
977,2.197067839444852
978,2.138171183056095
979,2.1055596277648645
980,1.9810131329924159
981,2.058800467597728
982,2.0325314388524194
983,1.9313430746015632
984,1.9528666933533965
985,1.8416304182749208
986,1.7960285023149385
987,1.6414724804142369
988,1.5910411352757439
989,1.7218629425101755
990,1.6024663412570463
991,1.6092730756361966
992,1.5692121384699467
993,1.5684622877789896
994,1.533625688609637
995,1.525141395000705
996,1.4950248204303784
997,1.4928823936123705
998,1.4162033162589045
999,1.4166858109712763
1000,1.382002491341853
1001,1.4401004599950635
1002,1.4881893449556813
1003,1.5478455190716804
1004,1.6304901562590248
1005,1.87484090370097
1006,2.0662313128309218
1007,2.6581854369593905
1008,2.568139345943415
1009,2.3309554641101524
1010,2.265833355934513
1011,2.1446278188621184
1012,2.3111134677862606
1013,2.092363195077847
1014,2.054916387155442
1015,1.9743388599267648
1016,1.9520710026709176
1017,1.9762270622203173
1018,1.9704062583660074
1019,1.950178556157248
1020,1.8989532236183213
1021,1.8897284355415105
1022,1.6821075575283428
1023,1.6686192923147778
1024,1.6372723512056975
1025,1.6396491634060544
1026,1.573541143594907
1027,1.4960273918925253
1028,1.5779785401218918
1029,1.5236247792716613
1030,1.5842940323439978
1031,1.653599756932609
1032,1.445321163023667
1033,1.4122993657056337
1034,1.4434182339436856
1035,1.4139238297224042
1036,1.344043211495607
1037,1.416393649458742
1038,1.4226642216047454
1039,1.3572027166208716
1040,1.408762799073811
1041,1.3579133313334137
1042,1.6106132160127584
1043,1.5918279683533971
1044,1.9351023014647315
1045,2.115891544023082
1046,2.2909742642588906
1047,2.3288300478579456
1048,2.3108724494042643
1049,2.3388660360277043
1050,2.4956715512992993
1051,2.7654587237440142
1052,2.896840299405845
1053,2.6125374384804427
1054,3.046219585252268
1055,3.1210100619455092
1056,3.023058027516666
1057,3.1846199121543144
1058,2.8868351694232786
1059,2.3566742184004807
1060,2.4453551206103676
1061,2.5081225974217127
1062,2.321820983951065
1063,2.1792165652651545
1064,2.2141938331522164
1065,2.2110944276219784
1066,2.2148948219811966
1067,2.093565570021131
1068,1.888306419404757
1069,1.9505967646852787
1070,1.8642565655371712
1071,1.7522002853395624
1072,1.6737654244214535
1073,1.8438630957775817
1074,1.9558148554708354
1075,1.7482289060500138
1076,1.7332987583857524
1077,1.5960477707570961
1078,1.8169514296470066
1079,1.8480145805548227
1080,1.6440519518141175
1081,1.7665770486010575
1082,1.9135831968663715
1083,2.121960601587644
1084,2.176535064678928
1085,1.8735117215295936
1086,1.9218412892807029
1087,2.1962444783925332
1088,2.3035740701027714
1089,2.362990649529557
1090,2.268935039039794
1091,2.0593122149897645
1092,2.111030142679776
1093,2.2443722660501924
1094,2.145020715108813
1095,2.39257537739736
1096,2.3143266334384087
1097,2.487457554189597
1098,2.5213549425092574
1099,2.5184696920920233
1100,2.4280496925053443
1101,2.4027999609537196
1102,2.3261003668752247
1103,2.2456973188314473
1104,2.074843971395756
1105,2.2537797270666293
1106,2.1332466563838883
1107,2.088701026463626
1108,2.200040511638192
1109,2.161240313947604
1110,2.3007134611802207
1111,2.2833272743246624
1112,2.1492310816660813
1113,2.1162493082334097
1114,2.114705174810304
1115,2.1994283407541766
1116,2.125078708368149
1117,2.0048952425105266
1118,2.1039026993817225
1119,2.429388242239922
1120,2.335883424123119
1121,2.387138392795541
1122,2.5477624850292693
1123,2.9711756224528667
1124,2.8476492254085533
1125,3.024496667011925
1126,3.108856284177606
1127,3.1004331285276896
1128,3.0706863460735176
1129,3.096440843395202
1130,3.052604689328148
1131,3.074866000538036
1132,3.0339817019095343
1133,3.151786748175885
1134,2.983813473860768
1135,3.1557739878895434
1136,3.1519191663946344
1137,3.208683392686076
1138,3.0863604230330948
1139,3.1348044831579047
1140,3.025640219206303
1141,2.8267962435755223
1142,3.088875608477381
1143,3.16855368522663
1144,3.0096407600330055
1145,2.6636260273456394
1146,2.776366499262086
1147,2.9758616784782905
1148,2.9544784537063804
1149,3.0225938218928703
1150,3.435215390421392
1151,3.2764701418516293
1152,3.274519692960087
1153,3.3324984765777863
1154,3.1517307999626154
1155,3.4334267764472033
1156,3.5450999445058984
1157,3.4543667964149565
1158,3.3859729366598725
1159,3.4805402553384366
1160,3.2787268282987516
1161,3.2693017488657636
1162,3.556962045521639
1163,3.3778833284976737
1164,3.6291114317852173
1165,3.766826944588508
1166,3.6373138611092726
1167,3.8909222924423177
1168,3.787078189024227
1169,3.581989513361253
1170,3.7087761271977358
1171,3.9136260767903566
1172,3.7950122604114025
1173,4.328690255468594
1174,4.114574049027067
1175,4.522747705652148
1176,4.666132599160804
1177,4.731921987643029
1178,4.774404311086222
1179,5.531590886839744
1180,5.900894557168241
1181,6.348989298255912
1182,6.519629632605707
1183,6.519629632605707
1184,6.505624275897648
1185,6.505624275897648
1186,6.307579403505017
1187,6.0529030876104075
1188,5.855893830206966
1189,5.7941486108647515
1190,5.526436349622765
1191,4.844183799144901
1192,5.885634351876078
1193,5.363419173672852
1194,5.548476810635146
1195,5.827687635926975
1196,6.0694698734184795
1197,5.851768542991927
1198,5.893237183362475
1199,5.890331839793259
1200,5.826719144118284
1201,5.889081639213293
1202,5.785232019310595
1203,5.650986087601963
1204,5.497071501176619
1205,5.428101038408464
1206,5.349073699441394
1207,5.333146075496629
1208,5.312808391325273
1209,5.330911840373114
1210,5.50906383996744
1211,4.819853948416741
1212,4.79461913993007
1213,4.535398300394987
1214,4.5931991921368045
1215,3.780303275248216
1216,4.195760070113218
1217,4.236172663071527
1218,4.290233353292499
1219,3.955789621328787
1220,3.7292470836361717
1221,3.4096180131685525
1222,3.42151284749124
1223,3.4109806027765455
1224,3.3927365469918307
1225,3.458701571777788
1226,3.1569367977819933
1227,3.38502996575252
1228,3.4002269654882307
1229,3.1993409032475544
1230,3.0788661668006303
1231,2.9780881529812926
1232,2.8334432871614896
1233,3.002998234690265
1234,3.001341665357501
1235,3.4643860577263053
1236,3.0552454394914594
1237,3.191311142305883
1238,3.296686926375055
1239,3.1141969840754355
1240,3.0783878172503636
1241,3.625323385507843
1242,4.172722380175169
1243,4.561509752104571
1244,5.390741376338912
1245,5.536755554290628
1246,5.827462173470235
1247,5.87084324748994
1248,6.469353160657672
1249,6.454149170953682
1250,5.939752796439782
1251,5.89622663851074
1252,5.931848906762827
1253,5.429795556158389
1254,4.828613701927131
1255,4.6504585873634445
1256,4.345498248094076
1257,3.846458206145335
1258,4.228066973894189
1259,4.320771114240439
1260,3.635988369013045
1261,3.8772175498685795
1262,3.6904835428857745
1263,3.735083497762902
1264,3.675079197234093
1265,3.4581205047850636
1266,3.256785236371045
1267,3.282039771989824
1268,3.1328738399304616
1269,2.8392273436959132
1270,2.8439443188894185
1271,2.9461538917958223
1272,2.8917933714712696
1273,3.426009926155015
1274,3.9695689855470406
1275,4.348436684773389
1276,4.6153414191650635
1277,4.754688460158469
1278,5.525621037399107
1279,5.330018475242465
1280,5.526983845188817
1281,5.3820455957406175
1282,5.47250176233316
1283,4.992386819300352
1284,5.604081745309795
1285,5.417093275704088
1286,5.0798127829134065
1287,5.053073339351909
1288,4.087595901817202
1289,4.7782835202461005
1290,4.4024491606745055
1291,4.721210718848191
1292,4.28121667126642
1293,3.7625261535459207
1294,3.528574616279063
1295,3.530205771602992
1296,3.5614606275244407
1297,3.6125242365367614
1298,3.5819201829766674
1299,3.2966442592894953
1300,3.0631386422687266
1301,3.0291836075169893
1302,3.0813139365872204
1303,3.1040038080071466
1304,3.113961043170322
1305,3.1659594749817463
1306,3.1330458185570245
1307,3.239296985111699
1308,3.547764830206762
1309,4.0340838391714415
1310,5.63130693273545
1311,5.49235079297441
1312,5.233221603218114
1313,5.377760138498627
1314,5.4160987334943655
1315,4.861460386054215
1316,4.645391092928865
1317,5.4437889710885035
1318,5.357470933861058
1319,4.4742173874249795
1320,4.202670847012203
1321,3.9999931243916502
1322,3.767485541357148
1323,3.7454355643852026
1324,2.9978261603599554
1325,3.426007738619231
1326,3.363783879125408
1327,3.293931187070484
1328,3.975694934143082
1329,3.9542693379131113
1330,3.705366466270324
1331,3.8214030917774306
1332,3.9723600663196197
1333,3.7964779377833895
1334,3.8918767968840338
1335,3.8463192350307196
1336,3.796622387982975
1337,3.7159656674162096
1338,3.421437393072182
1339,3.4332827848179255
1340,3.0951248244372174
1341,3.1357254456404466
1342,2.977956149219897
1343,2.89993879777898
1344,2.8636500537065883
1345,2.6676561782697448
1346,2.376510218713312
1347,2.280694970947144
1348,2.309622582666234
1349,2.2861525033620773
1350,2.174645440959365
1351,2.3919363476601694
1352,2.5027643829554176
1353,2.5364170458847353
1354,2.917322646425051
1355,2.633222416970499
1356,3.1520006029773384
1357,2.9596492143655553
1358,3.2134213546303854
1359,3.840499736319479
1360,3.7254969192017433
1361,3.775238115548622
1362,3.8870775868330654
1363,4.256054935265285
1364,4.534340381784366
1365,4.862417255581092
1366,5.617329597493102
1367,5.884974370897593
1368,5.911743016657654
1369,5.895742687059764
1370,6.1012321648968015
1371,5.958378960696037
1372,5.957607089521726
1373,5.834147854245661
1374,5.925082525456622
1375,5.7658742380705394
1376,5.809316403740376
1377,5.73573171346172
1378,5.674132069862078
1379,4.893273478039494
1380,5.396601078414512
1381,5.510298898845383
1382,5.668761065386854
1383,5.738067339116674
1384,5.94113717337415
1385,5.9543205376381785
1386,5.91667771391469
1387,5.654043479919541
1388,5.4047611996502924
1389,4.88545509283295
1390,4.685293543240566
1391,4.870484283761711
1392,4.7584190632446575
1393,4.67981309637787
1394,4.6704919158218905
1395,4.687926715312316
1396,4.604831338472163
1397,4.244835256207014
1398,4.37675968140659
1399,4.054102564367912
1400,4.045654508533394
1401,3.973967488087677
1402,3.71687651420522
1403,3.4824886777132087
1404,3.4855457482185086
1405,3.3087291925312488
1406,3.214299795001455
1407,3.493186168527785
1408,3.3811216026290474
1409,3.026222720200245
1410,3.1626297805548926
1411,3.0474939687212603
1412,3.0233997870149056
1413,3.0289778091146906
1414,2.986103958122311
1415,2.963346807937523
1416,2.85504672541893
1417,3.01647042159114
1418,3.2274011998425545
1419,2.8521252881715484
1420,2.8616106165175963
1421,3.0586344333775584
1422,2.784800572389935
1423,2.7656593099731186
1424,2.818950702117715
1425,2.5508167659289533
1426,2.5200539978822754
1427,2.8165844192007667
1428,3.0918928141907585
1429,3.840639853220069
1430,4.067844430063982
1431,3.8285722387303607
1432,4.611602482794774
1433,4.176368778355469
1434,3.8157474514465863
1435,3.6337206030868687
1436,3.6570033598934124
1437,3.5795444390656805
1438,3.1174757987695996
1439,2.6462384165248776
1440,2.9880070205321947
1441,2.7185116039672947
1442,2.5819809296089415
1443,2.543393322236279
1444,2.7908917010096714
1445,3.4938405747584573
1446,3.9554607778372133
1447,4.270344274237052
1448,4.35351877606059
1449,4.625776240212274
1450,4.607252525117005
1451,4.551564700430728
1452,4.18509548465884
1453,3.8049698047015545
1454,4.21873025603115
1455,4.323038093057838
1456,4.536460859264687
1457,4.123611057236759
1458,4.217335146762502
1459,4.442554671882233
1460,4.427358452994668
1461,4.354996866569127
1462,4.351574399009022
1463,3.9625287833810274
1464,4.015175401836875
1465,3.8049852590795523
1466,3.563973335010866
1467,3.410497033395013
1468,3.457975748139756
1469,3.466248501053762
1470,3.4839315320235933
1471,3.4748080439253304
1472,3.4406482476530487
1473,3.4680288181092163
1474,3.661673483667057
1475,3.6804619929147453
1476,3.473370791128553
1477,3.1602029642006
1478,3.1862023773787556
1479,3.1704595504502087
1480,3.4402288844955136
1481,2.9092214805446477
1482,3.0890072703776066
1483,2.960683876895074
1484,2.8035236834549795
1485,2.776064199037986
1486,2.813390919452463
1487,2.576108637746782
1488,2.578480538101984
1489,2.681559493427737
1490,2.751000489939978
1491,2.39569099502687
1492,2.575862062296235
1493,2.3424179089454205
1494,2.176183475603514
1495,2.175006386688718
1496,2.133824724015259
1497,1.9336557993616197
1498,1.7527432457097751
1499,1.7700506855576752
1500,1.9311290383938784
1501,2.036555037410932
1502,1.9282136491638175
1503,2.1407832820641888
1504,2.3417908661151756
1505,2.3845946172149604
1506,2.5431957365499254
1507,2.931347929962517
1508,2.6658598839699232
1509,3.087316550692507
1510,3.845604375934564
1511,3.8529759320751964
1512,4.000298381472556
1513,4.182474987482109
1514,4.730024313452713
1515,4.88410478868235
1516,4.899698458052258
1517,4.826324950021732
1518,4.894527520781776
1519,4.939113815354265
1520,4.907520747715468
1521,5.312159850049768
1522,4.855745914996185
1523,4.79645906768613
1524,4.550578335181384
1525,4.625101614443735
1526,4.297774308153446
1527,4.6130592504554375
1528,4.398230522556692
1529,4.500175954702514
1530,4.571762799486189
1531,4.191194410163624
1532,4.354218266435929
1533,4.178158891519097
1534,4.04695128669948
1535,3.6287349680626306
1536,3.533647157105862
1537,3.068358104707831
1538,2.9745220486231947
1539,2.660313430968991
1540,2.5949507441914577
1541,2.4430349068802695
1542,2.3895155715061493
1543,2.297477042126219
1544,2.4817027155341265
1545,2.4253870823736943
1546,2.8675924668912556
1547,2.804095263144106
1548,2.75307225761433
1549,2.368889572778651
1550,2.444077543372341
1551,2.100204946883089
1552,2.0968598409348593
1553,2.1035948426908666
1554,2.000069290001949
1555,1.964998882815304
1556,1.8976975143237733
1557,1.8788409496899583
1558,1.8622663284508667
1559,1.8707605714099247
1560,1.9447109773511793
1561,1.9668780158245338
1562,1.9412008528754607
1563,1.869680656183682
1564,1.9665897929079958
1565,1.9385229651563696
1566,1.7828468404713045
1567,1.8204205370571338
1568,1.9769136888296683
1569,2.0391956381972083
1570,1.9650987890330864
1571,1.970941029994715
1572,1.978473094327026
1573,1.9867685484594821
1574,1.8599679440802668
1575,1.8492018951782743
1576,2.0467607478703234
1577,2.014432640462474
1578,2.018685497564247
1579,2.114302470899751
1580,2.013231809478675
1581,2.0040915186279444
1582,2.001790602826888
1583,1.8543744193057619
1584,1.90630386835379
1585,2.1223654272656107
1586,2.0924943701029353
1587,2.1857572337456994
1588,2.1902650347621213
1589,2.0285740077973062
1590,2.2071158427998823
1591,2.069719650879706
1592,2.28884469515418
1593,2.0750594567459175
1594,2.401014945697994
1595,2.3281045663122035
1596,2.2783633973648656
1597,2.280109301904996
1598,2.3632907168120045
1599,2.36564723695702
1600,2.43708292451807
1601,2.519521007528003
1602,2.616372375088991
1603,2.6315458047521445
1604,2.6519933113026255
1605,2.8889627262060973
1606,2.630087127988529
1607,2.8630355945403427
1608,2.8767938809498728
1609,2.8878422815159213
1610,2.8864890411441055
1611,2.9561734044563766
1612,3.102882125412652
1613,3.19886521802923
1614,3.1964145352112365
1615,3.8381397499455443
1616,3.846920510705932
1617,4.205902573480826
1618,4.818139438006105
1619,5.269893739029019
1620,5.319751368199027
1621,4.906440001775407
1622,4.851015085265355
1623,4.818902629749681
1624,4.777823574605759
1625,4.791323406078443
1626,4.788326270441064
1627,4.765826890072535
1628,4.43587556509937
1629,4.165103866460276
1630,4.1343442913933375
1631,4.02901626274079
1632,3.6899847893124518
1633,3.0266365273562745
1634,2.7056286575662227
1635,2.646222152460979
1636,2.58366871219985
1637,2.304260966689872
1638,2.4192822043227125
1639,2.351898403126656
1640,2.370937481771675
1641,2.2816059369792634
1642,2.522005677605508
1643,2.727443257917379
1644,2.801067768448732
1645,2.8193435605922526
1646,3.132581065248326
1647,3.683680472916754
1648,3.2909393753096126
1649,3.452243883537563
1650,3.5273294154142762
1651,3.4830696007755892
1652,3.441104181485485
1653,3.4819988460047653
1654,3.2447243363517004
1655,3.144512174230406
1656,3.3283972658298135
1657,3.5045224807400834
1658,3.957868617439466
1659,4.001786071421894
1660,3.970114485648278
1661,4.428287353828742
1662,4.569819054235301
1663,4.662608401973656
1664,4.257608717025596
1665,4.030000650348401
1666,4.295837869686604
1667,4.296083619632523
1668,3.738652447440561
1669,3.5701096093504296
1670,3.423171308324535
1671,3.0347518958553317
1672,3.1614170875850816
1673,3.201647369438313
1674,3.1659159659222973
1675,2.7911995672487513
1676,2.77809982699211
1677,2.5657397024139152
1678,2.5824563646965193
1679,2.52344022774702
1680,2.285984154143679
1681,2.525128233152082
1682,2.288747948559655
1683,2.398027339177918
1684,2.2986009971570445
1685,2.1281936928951266
1686,1.9682127056188978
1687,2.053479788474097
1688,1.9451985158615037
1689,2.0492218648772127
1690,2.0361993791519613
1691,1.9670083606812527
1692,1.9956592693289508
1693,2.1986434643589052
1694,2.1039789451484725
1695,1.8819832901847653
1696,1.8518226252740988
1697,1.8494969939979822
1698,1.8551941928903983
1699,1.7554477899507883
1700,1.778263206419373
1701,1.6315937559722344
1702,1.6258193049847869
1703,1.6089683261804442
1704,1.6057273288591052
1705,1.6168208302780642
1706,1.4642781534120652
1707,1.5464854927188647
1708,1.4955622269773594
1709,1.50622549608915
1710,1.5162931002754925
1711,1.5643677945312695
1712,2.2551658210445753
1713,2.942694011801391
1714,3.93154666678946
1715,3.7772598150745202
1716,3.5138523766749534
1717,3.526165904237036
1718,3.511244231961525
1719,3.190089461654673
1720,2.9975404499029916
1721,2.954677384568539
1722,2.6097536967728794
1723,2.482446114449159
1724,2.3319823262206905
1725,2.4470300045426057
1726,2.3277248562844375
1727,2.2335323844459793
1728,2.183260455312811
1729,2.285534640878802
1730,2.2027166358419206
1731,2.07334971685141
1732,2.1462468179605274
1733,2.328886047812526
1734,2.4261695002145154
1735,2.6477399541805027
1736,3.137217942961021
1737,3.7378054772081533
1738,3.704028482176037
1739,4.217887322836641
1740,4.2754576684344086
1741,4.715418990125647
1742,4.743291650193232
1743,4.763966895198994
1744,4.727546650503293
1745,5.2017955788013985
1746,4.797712103780558
