,0
0,2.3676666666666666
1,2.4080434782608697
2,2.4080434782608697
3,2.449333333333333
4,2.4080434782608697
5,2.391289855072464
6,2.3347619047619044
7,2.486436781609195
8,2.4646491228070175
9,2.5996296296296295
10,2.4646491228070175
11,2.4646491228070175
12,2.0155008210180623
13,2.4080434782608697
14,2.0155008210180623
15,2.323695652173913
16,2.323695652173913
17,2.323695652173913
18,2.3040153452685423
19,2.0155008210180623
20,2.0155008210180623
21,1.8953782894736841
22,1.908367252543941
23,2.0155008210180623
24,2.0508103448275867
25,2.0155008210180623
26,2.551077694235589
27,2.40724171539961
28,2.9523684210526313
29,3.7400238095238105
30,2.9747650375939845
31,2.542222222222222
32,2.1800083612040138
33,2.116049475262369
34,1.8937179487179487
35,2.035190476190476
36,2.7704267425320057
37,3.6669924812030077
38,3.6669924812030077
39,3.781571428571429
40,3.53453216374269
41,3.649111111111112
42,3.844538461538462
43,3.649111111111112
44,3.6669924812030077
45,3.781571428571429
46,3.6725652173913055
47,3.781571428571429
48,4.005608695652175
49,3.649111111111112
50,3.9764814814814815
51,3.3561111111111113
52,3.0522916666666666
53,2.8047916666666666
54,2.4818518518518515
55,2.592236467236467
56,2.4818518518518515
57,2.417678571428571
58,2.197788888888889
59,2.547565789473684
60,2.197788888888889
61,2.197788888888889
62,2.197788888888889
63,1.995117845117845
64,1.9840332640332643
65,1.7442380952380954
66,1.902537537537538
67,1.6782291666666669
68,1.461955128205128
69,1.5225119047619047
70,1.4036264367816094
71,1.3054597701149426
72,1.4036264367816094
73,1.3832048681541584
74,1.4420208333333333
75,1.4326041666666667
76,1.3832048681541584
77,1.4776388888888887
78,1.4280842911877394
79,1.5624054054054053
80,1.6493902439024388
81,1.6941815476190474
82,2.0215653153153155
83,1.9588660399529965
84,1.9588660399529965
85,1.9588660399529965
86,1.9727111486486484
87,1.8503153153153156
88,1.9727111486486484
89,1.6836190476190476
90,1.8503153153153156
91,1.6970092915214863
92,1.6354054054054052
93,1.7562084257206205
94,1.6782291666666669
95,1.6782291666666669
96,1.6782291666666669
97,1.6782291666666669
98,1.9588660399529965
99,2.0265372670807453
100,2.3347619047619044
101,1.9251771336553942
102,1.8503153153153156
103,1.6782291666666669
104,1.6354054054054052
105,1.6354054054054052
106,1.7562084257206205
107,1.6145370370370369
108,1.7562084257206205
109,2.0215653153153155
110,2.0265372670807453
111,2.228555452003728
112,2.3347619047619044
113,2.1540951821386605
114,2.074008695652174
115,1.6782291666666669
116,1.6360000000000001
117,1.4713717948717946
118,1.3057142857142856
119,1.234173076923077
120,1.2080594405594407
121,1.3535431034482759
122,1.234173076923077
123,1.3054597701149426
124,1.234173076923077
125,1.1821103896103897
126,1.234173076923077
127,1.1193355481727576
128,1.0407575757575758
129,1.0063777089783281
130,0.9586120543293719
131,0.9041321044546851
132,0.9396469049694856
133,0.8338446969696971
134,0.8338446969696971
135,0.8338446969696971
136,0.7987926136363637
137,0.8958804347826086
138,1.0324561403508772
139,1.0713142857142857
140,1.4176136363636367
141,1.1713532763532766
142,1.3003409090909088
143,1.4176136363636367
144,1.4176136363636367
145,1.4176136363636367
146,1.6054090909090906
147,1.850632698768197
148,1.9621063829787235
149,2.4863408521303256
150,2.421190476190476
151,2.3347619047619044
152,2.509362745098039
153,2.3347619047619044
154,2.4893831168831166
155,2.7704267425320057
156,3.029708614864865
157,3.350382106244176
158,3.029708614864865
159,4.053107142857144
160,5.012820512820514
161,5.39918016194332
162,5.39918016194332
163,5.012820512820514
164,5.170820433436534
165,5.012820512820514
166,4.179587542087542
167,3.884481481481482
168,3.2703623188405793
169,3.066510416666666
170,3.5877258064516138
171,3.2448437500000002
172,3.2448437500000002
173,3.53453216374269
174,3.844538461538462
175,4.019288461538461
176,5.012820512820514
177,4.869894117647059
178,5.39918016194332
179,5.098253846153845
180,4.869894117647059
181,4.401135265700483
182,3.8547277676951
183,3.9871086956521746
184,3.793768518518519
185,4.000772727272727
186,4.402021396396396
187,4.402021396396396
188,4.402021396396396
189,4.970256045519204
190,4.6025857843137254
191,4.6025857843137254
192,4.6025857843137254
193,4.6025857843137254
194,4.144025341130605
195,3.932729044834308
196,3.847424812030076
197,3.847424812030076
198,3.900964285714286
199,4.046877192982456
200,3.900964285714286
201,4.6025857843137254
202,4.6025857843137254
203,4.179587542087542
204,4.6025857843137254
205,4.082439393939394
206,4.6025857843137254
207,4.082439393939394
208,4.144025341130605
209,3.9871086956521746
210,3.05036099137931
211,3.826038461538462
212,3.4382258064516136
213,3.826038461538462
214,3.965748987854251
215,4.019288461538461
216,4.046877192982456
217,3.900964285714286
218,3.847424812030076
219,3.847424812030076
220,3.793018518518519
221,3.793018518518519
222,3.7274363327674034
223,3.5877258064516138
224,3.05036099137931
225,3.1207961309523813
226,3.1207961309523813
227,3.324648033126294
228,3.324648033126294
229,2.795917487684729
230,3.235945945945946
231,3.898480204342273
232,3.235945945945946
233,3.56551724137931
234,3.729065628476085
235,3.235945945945946
236,3.56551724137931
237,3.837528180354268
238,3.235945945945946
239,3.235945945945946
240,3.729065628476085
241,2.8207918263090677
242,3.1118983268983267
243,3.1118983268983267
244,2.8047916666666666
245,2.4036443381180224
246,2.3889473684210523
247,2.3347619047619044
248,2.393333333333333
249,2.393333333333333
250,2.393333333333333
251,2.1484689655172415
252,2.1484689655172415
253,2.3793243243243243
254,2.4228022759601706
255,1.9251771336553942
256,1.9251771336553942
257,1.9840332640332643
258,1.9840332640332643
259,1.8268750000000002
260,1.5678703703703705
261,1.5678703703703705
262,1.513095238095238
263,1.5225119047619047
264,1.591488095238095
265,1.4326041666666667
266,1.3680036297640654
267,1.3054597701149426
268,1.4326041666666667
269,1.3832048681541584
270,1.2633483870967743
271,1.2633483870967743
272,1.1490740740740741
273,1.1867989417989417
274,1.1490740740740741
275,1.1867989417989417
276,1.1490740740740741
277,1.1963384615384618
278,1.448957307060755
279,1.4177934782608697
280,1.5575555555555551
281,1.5575555555555551
282,1.6864338235294118
283,1.6864338235294118
284,1.8359775641025637
285,1.769767156862745
286,1.6368599033816424
287,1.6864338235294118
288,1.5932544757033247
289,1.6368599033816424
290,1.6339337474120081
291,1.6782291666666669
292,1.6663146997929605
293,1.8145961538461537
294,1.7104901960784316
295,2.2003703703703708
296,2.0215653153153155
297,2.0215653153153155
298,2.0215653153153155
299,1.8432679738562092
300,1.7350735294117643
301,1.727113095238095
302,1.6035416666666666
303,1.7350735294117643
304,1.6809047619047617
305,1.6809047619047617
306,1.6054090909090906
307,1.851458333333333
308,1.9776719576719575
309,2.0758896396396396
310,2.0758896396396396
311,2.062127976190476
312,2.2305075187969923
313,2.6583391608391604
314,2.4893831168831166
315,2.7542508417508413
316,2.906616216216216
317,2.5996296296296295
318,2.606315789473684
319,2.906616216216216
320,2.7542508417508413
321,3.0885578947368417
322,2.846938461538461
323,2.9482051282051276
324,2.663983957219251
325,3.0522916666666666
326,2.951025
327,3.020810810810811
328,3.020810810810811
329,3.5196594982078855
330,3.8739055299539173
331,3.057612612612612
332,2.906616216216216
333,3.0074431818181817
334,3.0074431818181817
335,2.8341008316008316
336,2.3793243243243243
337,2.3793243243243243
338,2.541363636363636
339,2.541363636363636
340,2.541363636363636
341,2.541363636363636
342,2.760382882882883
343,2.7107489878542506
344,2.6344670846394984
345,2.2940254872563717
346,2.5560606060606057
347,2.1870555555555558
348,1.836422172452408
349,1.9067004048582998
350,1.9067004048582998
351,2.0383575883575884
352,2.0383575883575884
353,1.773929912390488
354,2.089472972972973
355,2.027035472972973
356,2.0974375000000003
357,2.0974375000000003
358,1.9680793559516965
359,1.624181818181818
360,1.54787037037037
361,1.591488095238095
362,1.5678703703703705
363,1.7255138339920946
364,1.7805681818181816
365,1.8359775641025637
366,1.8685507246376813
367,1.982695652173913
368,2.3176055743243245
369,2.5856206206206203
370,2.7476599326599325
371,2.1540951821386605
372,2.7476599326599325
373,2.4796448863636362
374,2.4796448863636362
375,2.7476599326599325
376,3.0739078947368417
377,3.5877258064516138
378,4.053107142857144
379,4.046877192982456
380,3.140975975975976
381,3.140975975975976
382,2.8354166666666667
383,3.029708614864865
384,2.867857142857143
385,3.0829166666666667
386,2.98165
387,3.008148148148148
388,3.53453216374269
389,4.043320105820106
390,4.043320105820106
391,4.053107142857144
392,5.012820512820514
393,4.297037037037037
394,3.793768518518519
395,3.729065628476085
396,4.001157082748948
397,3.5951839080459775
398,3.1118983268983267
399,3.1118983268983267
400,3.1118983268983267
401,3.057612612612612
402,3.523798491379311
403,3.523798491379311
404,2.878509615384615
405,2.8341008316008316
406,2.6112162162162162
407,2.6344670846394984
408,2.486436781609195
409,2.486436781609195
410,2.486436781609195
411,2.486436781609195
412,2.7706920077972708
413,2.568103448275862
414,2.892231481481481
415,3.154198198198199
416,2.834366096866097
417,2.568103448275862
418,2.6344670846394984
419,2.541363636363636
420,2.7706920077972708
421,2.892231481481481
422,2.892231481481481
423,3.191
424,2.8207918263090677
425,2.9033566433566436
426,3.154198198198199
427,2.9632996632996633
428,3.154198198198199
429,2.834366096866097
430,2.9632996632996633
431,2.3793243243243243
432,2.541363636363636
433,2.3793243243243243
434,2.541363636363636
435,2.3793243243243243
436,2.6112162162162162
437,2.541363636363636
438,2.541363636363636
439,2.7704267425320057
440,2.6344670846394984
441,2.6344670846394984
442,2.6280303030303025
443,2.3403333333333336
444,2.3570869565217394
445,2.1870555555555558
446,2.3570869565217394
447,2.1870555555555558
448,2.1870555555555558
449,2.26435618729097
450,2.3676666666666666
451,2.26435618729097
452,2.3676666666666666
453,2.3676666666666666
454,2.1603280542986427
455,2.0508103448275867
456,1.8122222222222226
457,2.1370555555555555
458,2.2236141304347825
459,2.542222222222222
460,2.5856206206206203
461,3.5951839080459775
462,3.5951839080459775
463,3.8598571428571433
464,3.999567669172932
465,4.126819221967963
466,3.223090671316479
467,3.654065217391305
468,3.7150172413793108
469,3.1714437500000003
470,3.1714437500000003
471,3.3965070564516138
472,3.654065217391305
473,3.6731851851851856
474,4.053107142857144
475,3.787333333333334
476,3.587880952380953
477,3.932729044834308
478,3.6731851851851856
479,3.6017741935483887
480,3.4382258064516136
481,3.837528180354268
482,3.9862685185185183
483,5.170820433436534
484,4.970256045519204
485,4.970256045519204
486,6.00757177033493
487,4.970256045519204
488,4.970256045519204
489,4.402021396396396
490,4.283685770750988
491,3.884481481481482
492,3.932729044834308
493,3.3143923611111115
494,3.324648033126294
495,3.369333333333334
496,3.3863636363636367
497,3.3561111111111113
498,3.235945945945946
499,3.235945945945946
500,3.1118983268983267
501,3.161628352490421
502,2.6354166666666665
503,2.8207918263090677
504,2.7606481481481486
505,2.628103448275862
506,2.4862499999999996
507,2.5560606060606057
508,2.4749999999999996
509,2.6354166666666665
510,2.4036443381180224
511,2.4749999999999996
512,2.4896969696969693
513,2.3793243243243243
514,2.7634770114942526
515,2.6354166666666665
516,2.9033566433566436
517,2.700705128205128
518,2.700705128205128
519,2.760382882882883
520,2.7606481481481486
521,3.154198198198199
522,3.154198198198199
523,3.154198198198199
524,3.6135714285714284
525,4.043320105820106
526,3.8739055299539173
527,3.8739055299539173
528,3.8070669056152933
529,3.8070669056152933
530,3.057612612612612
531,3.3143923611111115
532,3.057612612612612
533,3.057612612612612
534,3.523798491379311
535,3.191
536,3.523798491379311
537,3.56551724137931
538,3.448695652173913
539,3.2448437500000002
540,3.3561111111111113
541,3.2703623188405793
542,2.486436781609195
543,2.486436781609195
544,2.4618711018711017
545,2.7487937062937062
546,2.7315125391849526
547,3.235945945945946
548,3.235945945945946
549,3.3561111111111113
550,3.5196594982078855
551,3.350382106244176
552,3.140975975975976
553,3.020810810810811
554,2.5349999999999997
555,2.3889473684210523
556,2.323453947368421
557,2.1191919191919197
558,2.7487937062937062
559,3.1898245614035083
560,3.8783571428571433
561,4.053107142857144
562,4.401135265700483
563,5.012820512820514
564,5.012820512820514
565,5.39918016194332
566,5.012820512820514
567,4.970256045519204
568,4.970256045519204
569,4.402021396396396
570,4.402021396396396
571,4.402021396396396
572,4.402021396396396
573,4.402021396396396
574,4.402021396396396
575,4.118222222222222
576,3.839548387096775
577,3.708464285714286
578,3.839548387096775
579,3.7217626728110607
580,3.235945945945946
581,3.041463187325256
582,2.8649353448275856
583,3.041463187325256
584,3.041463187325256
585,3.0522916666666666
586,2.8236206896551717
587,2.4818518518518515
588,2.4749999999999996
589,2.496548821548821
590,2.5349999999999997
591,2.3793243243243243
592,2.606315789473684
593,2.197788888888889
594,1.995117845117845
595,2.197788888888889
596,2.6354166666666665
597,3.8598571428571433
598,3.8598571428571433
599,3.385777777777778
600,3.029708614864865
601,2.9033566433566436
602,3.0074431818181817
603,2.6354166666666665
604,3.020810810810811
605,3.235945945945946
606,2.9393103448275855
607,3.235945945945946
608,2.8791666666666664
609,2.486436781609195
610,2.628103448275862
611,2.628103448275862
612,2.243263888888889
613,2.3536576576576573
614,2.243263888888889
615,2.0629814814814815
616,1.773929912390488
617,2.0383575883575884
618,2.0383575883575884
619,2.0383575883575884
620,2.228555452003728
621,2.4818518518518515
622,2.7315125391849526
623,3.1898245614035083
624,2.9393103448275855
625,3.154198198198199
626,3.5196594982078855
627,3.6669924812030077
628,3.946534391534391
629,3.8783571428571433
630,3.811518518518519
631,3.793768518518519
632,5.012820512820514
633,4.583896396396397
634,4.970256045519204
635,6.00757177033493
636,6.00757177033493
637,6.803295454545456
638,6.803295454545456
639,6.803295454545456
640,6.803295454545456
641,6.803295454545456
642,6.803295454545456
643,6.803295454545456
644,6.803295454545456
645,6.00757177033493
646,6.803295454545456
647,6.803295454545456
648,6.803295454545456
649,6.803295454545456
650,6.803295454545456
651,6.803295454545456
652,6.803295454545456
653,6.803295454545456
654,6.803295454545456
655,6.803295454545456
656,6.803295454545456
657,6.803295454545456
658,6.803295454545456
659,6.803295454545456
660,6.803295454545456
661,6.00757177033493
662,6.803295454545456
663,6.803295454545456
664,6.00757177033493
665,6.00757177033493
666,6.803295454545456
667,4.869894117647059
668,4.970256045519204
669,4.970256045519204
670,4.970256045519204
671,4.970256045519204
672,4.970256045519204
673,4.970256045519204
674,4.669329729729729
675,4.669329729729729
676,4.669329729729729
677,4.669329729729729
678,4.401135265700483
679,4.402021396396396
680,4.401135265700483
681,4.402021396396396
682,4.402021396396396
683,4.01836320191159
684,3.708464285714286
685,3.787333333333334
686,3.707714285714286
687,3.707714285714286
688,3.5056111111111115
689,3.05036099137931
690,3.161628352490421
691,3.174850574712644
692,3.161628352490421
693,3.041463187325256
694,3.385777777777778
695,3.041463187325256
696,3.235945945945946
697,3.53453216374269
698,3.649111111111112
699,3.53453216374269
700,4.043320105820106
701,3.53453216374269
702,3.837528180354268
703,3.649111111111112
704,4.009501424501424
705,3.3863636363636367
706,3.3863636363636367
707,3.3863636363636367
708,3.3863636363636367
709,3.0522916666666666
710,2.6354166666666665
711,3.0522916666666666
712,2.8047916666666666
713,2.8649353448275856
714,2.8649353448275856
715,3.235945945945946
716,3.235945945945946
717,3.3561111111111113
718,3.5196594982078855
719,3.5196594982078855
720,3.8739055299539173
721,3.5196594982078855
722,3.3561111111111113
723,3.6681136044880795
724,3.8070669056152933
725,3.8070669056152933
726,3.8070669056152933
727,3.8070669056152933
728,3.8070669056152933
729,3.3561111111111113
730,3.5196594982078855
731,3.6681136044880795
732,3.8070669056152933
733,3.8070669056152933
734,3.5196594982078855
735,3.8070669056152933
736,3.385777777777778
737,3.534231884057972
738,3.1118983268983267
739,3.534231884057972
740,3.1118983268983267
741,3.1118983268983267
742,2.8236206896551717
743,2.393333333333333
744,2.5349999999999997
745,2.393333333333333
746,2.6354166666666665
747,2.394021294021294
748,2.4896969696969693
749,2.4228022759601706
750,2.197788888888889
751,1.9840332640332643
752,1.6782291666666669
753,1.6782291666666669
754,1.9840332640332643
755,1.8937179487179487
756,1.6782291666666669
757,1.9251771336553942
758,1.9251771336553942
759,1.956861861861862
760,1.624181818181818
761,1.513095238095238
762,1.24205
763,1.2442132867132867
764,1.0755269607843139
765,1.1867989417989417
766,1.3317435897435899
767,1.2442132867132867
768,1.4176136363636367
769,1.4176136363636367
770,1.5691233766233763
771,1.3689055472263867
772,1.3952545155993432
773,1.5279365079365077
774,1.8145961538461537
775,2.0508103448275867
776,3.0885578947368417
777,4.043320105820106
778,4.043320105820106
779,3.8783571428571433
780,4.053107142857144
781,5.012820512820514
782,4.548079710144927
783,4.297037037037037
784,4.669329729729729
785,4.402021396396396
786,4.3662047101449275
787,4.6025857843137254
788,4.6025857843137254
789,4.6025857843137254
790,4.6025857843137254
791,4.6025857843137254
792,4.6025857843137254
793,4.6025857843137254
794,4.297037037037037
795,4.118222222222222
796,4.046877192982456
797,3.708464285714286
798,3.847424812030076
799,3.708464285714286
800,3.9652105263157895
801,3.9655059523809526
802,4.3662047101449275
803,4.6025857843137254
804,4.869894117647059
805,4.401135265700483
806,4.401135265700483
807,4.297037037037037
808,4.187777777777778
809,3.9871086956521746
810,3.9871086956521746
811,4.6025857843137254
812,4.046877192982456
813,3.707714285714286
814,3.707714285714286
815,4.180358695652174
816,4.046877192982456
817,3.7150172413793108
818,3.1207961309523813
819,2.7331456043956037
820,2.709134615384615
821,2.814835526315789
822,2.3102592592592592
823,2.78165
824,2.3359259259259257
825,3.1207961309523813
826,2.709134615384615
827,2.645460526315789
828,2.645460526315789
829,2.541363636363636
830,2.2742071759259264
831,2.2742071759259264
832,2.2897677364864863
833,2.178139130434783
834,2.1205
835,2.1008103448275866
836,1.9630059970014992
837,2.1939439655172417
838,1.8937179487179487
839,1.982695652173913
840,1.982695652173913
841,1.982695652173913
842,2.0705
843,1.90463963963964
844,2.2430689655172413
845,2.2727391304347826
846,2.0129814814814817
847,2.1540951821386605
848,2.0129814814814817
849,2.3079619565217393
850,2.2039338235294124
851,2.5560606060606057
852,2.4799999999999995
853,2.4659909909909907
854,2.0492512077294687
855,1.9727111486486484
856,1.9251771336553942
857,1.902537537537538
858,1.6512380952380952
859,1.54787037037037
860,1.6239490674318506
861,1.54787037037037
862,1.5811401098901097
863,1.5932544757033247
864,1.5769047619047618
865,1.392254004576659
866,1.392254004576659
867,1.3832048681541584
868,1.395
869,1.4176136363636367
870,1.3952545155993432
871,1.5972186147186147
872,1.7651696832579182
873,2.153741379310345
874,2.592236467236467
875,3.0885578947368417
876,3.6669924812030077
877,3.140975975975976
878,3.8598571428571433
879,4.001157082748948
880,3.350382106244176
881,3.020810810810811
882,2.5049767801857588
883,2.3272286184210524
884,2.3272286184210524
885,2.3316145833333333
886,2.509362745098039
887,3.066510416666666
888,3.1449760765550234
889,2.951025
890,3.029708614864865
891,2.7331456043956037
892,2.952884615384615
893,2.429029374201788
894,2.3506228956228954
895,2.3506228956228954
896,2.3102592592592592
897,2.542222222222222
898,2.40724171539961
899,2.3359259259259257
900,2.795917487684729
901,3.5951839080459775
902,3.5951839080459775
903,5.012820512820514
904,4.283685770750988
905,4.179587542087542
906,5.012820512820514
907,5.012820512820514
908,3.884481481481482
909,3.9862685185185183
910,3.787333333333334
911,3.6731851851851856
912,3.4678924731182805
913,3.4678924731182805
914,3.534231884057972
915,3.3965070564516138
916,3.057612612612612
917,2.967
918,3.1714437500000003
919,2.6344670846394984
920,2.892231481481481
921,2.4799999999999995
922,2.6344670846394984
923,2.6344670846394984
924,2.6344670846394984
925,2.429029374201788
926,2.3570869565217394
927,2.2236141304347825
928,2.6280303030303025
929,2.1205
930,2.2236141304347825
931,2.0492512077294687
932,2.0492512077294687
933,1.8748986486486487
934,1.624181818181818
935,1.8503153153153156
936,1.9840332640332643
937,1.995117845117845
938,2.1194836956521743
939,2.1939439655172417
940,2.1939439655172417
941,2.1194836956521743
942,2.048550446998723
943,2.4506401137980083
944,2.074008695652174
945,1.8268750000000002
946,1.7428181818181818
947,1.90463963963964
948,1.9251771336553942
949,1.9534782608695656
950,2.013190364277321
951,1.9067004048582998
952,1.8953782894736841
953,1.9225062656641605
954,2.062127976190476
955,2.408030303030303
956,2.062127976190476
957,2.0585461956521742
958,1.9727111486486484
959,1.6360000000000001
960,1.8903147163120566
961,1.6553703703703702
962,1.7110416666666663
963,1.5678703703703705
964,1.8186931818181817
965,1.8186931818181817
966,1.8145961538461537
967,1.8145961538461537
968,2.7542508417508413
969,3.6669924812030077
970,4.053107142857144
971,4.401135265700483
972,4.199888888888888
973,5.012820512820514
974,4.297037037037037
975,4.297037037037037
976,3.020810810810811
977,3.057612612612612
978,3.057612612612612
979,3.057612612612612
980,3.8739055299539173
981,3.057612612612612
982,2.8649353448275856
983,3.0074431818181817
984,2.393333333333333
985,2.3347619047619044
986,2.1484689655172415
987,2.1484689655172415
988,1.8432679738562092
989,1.9786454849498327
990,1.9786454849498327
991,2.2305075187969923
992,2.574955300127714
993,2.574955300127714
994,3.1898245614035083
995,3.126666666666666
996,3.53453216374269
997,3.6669924812030077
998,3.6669924812030077
999,4.043320105820106
1000,4.043320105820106
1001,3.793768518518519
1002,3.907916666666667
1003,4.109163043478261
1004,4.118222222222222
1005,4.583896396396397
1006,4.402021396396396
1007,4.970256045519204
1008,4.402021396396396
1009,4.970256045519204
1010,4.402021396396396
1011,4.402021396396396
1012,4.402021396396396
1013,4.402021396396396
1014,4.402021396396396
1015,4.402021396396396
1016,4.402021396396396
1017,4.970256045519204
1018,4.970256045519204
1019,4.970256045519204
1020,4.402021396396396
1021,4.402021396396396
1022,4.402021396396396
1023,4.402021396396396
1024,4.297037037037037
