,0
0,2.8415891979952534
1,2.7382245158164498
2,2.7633504014911834
3,2.730623341831929
4,2.737500790812756
5,3.125255731058728
6,3.1978295857207493
7,2.666354318378764
8,2.7353775264440294
9,2.7426820511983436
10,2.769847319890428
11,2.788954353227916
12,2.709363771801795
13,2.72952472871537
14,2.740266259558837
15,2.9121380016912255
16,2.6680388936284856
17,2.6925018340805726
18,2.3054740423601396
19,2.3337611416699833
20,2.6283809865309813
21,2.617953794217626
22,2.6615335921089183
23,2.391742150593781
24,2.607936139385629
25,2.656131957160769
26,2.646937988777632
27,2.3931490818257752
28,3.021053298083574
29,2.3692885256636154
30,2.6432417467477025
31,2.1278409401106013
32,2.30455212555459
33,2.442172464813998
34,2.3375874326541104
35,2.42268174873357
36,2.6760853095781383
37,2.8144476932041864
38,2.8985096118246325
39,2.445769412251052
40,2.9131804593930335
41,3.152806248323125
42,3.1595640873817805
43,3.186919565911746
44,2.8249152226589342
45,2.514424652254274
46,1.881691328345875
47,1.8503707896172652
48,1.8894720371460054
49,1.8234567187876956
50,1.9240795941660838
51,1.939594565854139
52,1.906041203048552
53,2.3274041904372944
54,2.2367231006255723
55,1.952464925883356
56,2.0465525141417507
57,1.9328581723158975
58,2.2447613316105888
59,2.3528126278797976
60,2.2010696212343044
61,2.2097407489976924
62,2.322245233667141
63,2.3462754809671234
64,2.0915894197321223
65,1.9500646796569379
66,2.0433388412723783
67,2.0929043334900324
68,2.105992686897904
69,2.387746862433438
70,2.0365378457091547
71,2.023142350409469
72,2.0232564444484678
73,2.0243315561809925
74,1.7272250418733017
75,2.23998853334526
76,1.9878309185159442
77,2.0631882334310516
78,2.275879748912317
79,2.3417824125187634
80,2.05420811666343
81,1.8926840763467778
82,2.0059371030763637
83,2.0052943231116442
84,2.1823572083169314
85,2.1061890773475405
86,2.094760582381096
87,2.2587441597238733
88,2.4640046859814
89,2.5662828586697595
90,2.939002818434317
91,2.9311004627325663
92,2.8030075920358883
93,3.0396618624348775
94,2.280596135274076
95,1.925521852751119
96,1.9225160606936247
97,1.7301175570095166
98,1.9666698101511149
99,1.8870289796614745
100,1.9763493508089798
101,2.2908177575620052
102,2.599759296230283
103,2.4591347225140137
104,2.570891045840887
105,2.474648087574493
106,2.1751269001059983
107,2.2889790897044007
108,2.0645223508529607
109,2.322359509854611
110,2.271975232723664
111,2.127623860858813
112,2.4864776253488974
113,2.7952948373396973
114,2.7851962893763806
115,2.927935903933856
116,2.578079548867385
117,2.7257404788901876
118,2.439355000268321
119,2.1566158150315693
120,2.1995870194244413
121,2.129434371392202
122,2.0073296024333063
123,1.9897957389406975
124,1.8279292302137644
125,1.9500106307746194
126,2.311552766211627
127,2.5275898119034665
128,2.4575916527566775
129,2.4131880702328417
130,2.3577364920601362
131,2.394285226716451
132,2.117371071687378
133,1.9043624752959674
134,1.733970872942623
135,1.8069967890459293
136,1.9198379841884246
137,1.855593617318811
138,1.7957082028182496
139,1.9047274606138112
140,1.8663797516128333
141,1.8555517996953115
142,1.7760424836680215
143,1.8791806888911777
144,2.351729377211349
145,2.1189296636511914
146,1.8935999200200027
147,2.059770518696005
148,2.320959064063084
149,2.311933837127374
150,2.294916843291051
151,2.116866987957183
152,2.3000564143607622
153,2.0693291250330126
154,2.0713814564757747
155,2.1094607285649962
156,2.1745061126547838
157,2.286939432336648
158,2.486332318236303
159,2.7138992509121826
160,3.237923430983526
161,3.2741077025768672
162,4.03459417547995
163,4.384881711381451
164,4.902424885355025
165,5.190861978435447
166,5.3279729963626945
167,5.482070414861981
168,5.4189964070783025
169,5.32478940949741
170,5.456370635186871
171,5.504682446138477
172,5.337085453789292
173,5.180896938318141
174,5.154399463890577
175,5.007633117780038
176,4.803934724420637
177,4.91435821636906
178,4.605023675233152
179,4.880359399024691
180,4.59532576128473
181,4.705061277966001
182,4.371263503861943
183,4.246651926666797
184,4.750578169460083
185,4.360930258197322
186,4.427952267738883
187,4.077618086926751
188,3.91814711857282
189,3.723557097722431
190,3.52799053290332
191,3.5213370257959324
192,3.4531596203891146
193,3.5144798098376184
194,3.4841842118856503
195,3.7227078314858844
196,3.7550388090027695
197,3.599485360826687
198,3.2573471925700455
199,3.0746509478393302
200,3.200917643977917
201,3.209875532430076
202,2.819422500244774
203,2.769161687758386
204,2.7816989720739684
205,2.7014578413541637
206,2.6940918635150832
207,2.6504340983110053
208,2.4108961865653855
209,2.5255534726596722
210,2.451958068597983
211,2.6293154581499834
212,2.6413498297929743
213,2.404882923323843
214,2.3182630110572666
215,2.381244557046519
216,2.3621500521055045
217,2.343163664236245
218,2.166974578239239
219,2.094400150704205
220,2.1719834475077264
221,2.1058715584349494
222,2.156970514905
223,2.0330327972344153
224,2.4241828338165594
225,2.24144737092607
226,2.24525535649453
227,2.022571565565916
228,2.0971541827184543
229,1.8423048855004143
230,2.031471505530788
231,1.899234456142176
232,1.7343944639488822
233,1.8403578405360252
234,1.7126442487839895
235,1.6993892219232247
236,1.6800366465026404
237,1.6727515927298033
238,1.5169140724188306
239,1.5009849620237452
240,1.4978588344755404
241,1.4521166208582956
242,1.402563075480139
243,1.428090153212216
244,1.2749172844055399
245,1.2787553389531137
246,1.2642831888284674
247,1.1959519867642685
248,1.1874441937719218
249,1.283407702758136
250,1.1681798773669996
251,1.1893545652814377
252,1.113221745100869
253,1.2964239453582684
254,1.3525352898951641
255,1.3111864733866607
256,1.125911674355857
257,1.172524937089504
258,1.205168682342719
259,1.2485081089059853
260,1.2091374097920118
261,1.325156635884282
262,1.1643430298207753
263,1.5284311313193466
264,1.5674001215322997
265,1.5141323665070932
266,1.5233222855543505
267,1.622652321439681
268,1.6217358427175892
269,1.6957134267370317
270,1.8777875288449264
271,1.8123364033611897
272,1.9187730297538421
273,1.7951139475941083
274,1.8768228772000468
275,1.7375260630174465
276,1.7419947289352626
277,1.7242983184018323
278,1.9169608585788749
279,1.8787502374163307
280,1.9507771654850163
281,2.2014456657426744
282,2.208916099848928
283,3.1705181597840597
284,2.492685630133244
285,2.479909031159428
286,2.5257983652019407
287,3.3681130747900236
288,3.2007291194585803
289,3.0933199525345816
290,3.254327216086219
291,3.2281543370608867
292,3.029562968200787
293,3.2228812171879118
294,2.986171391763068
295,3.155314973124325
296,3.1141760321603886
297,3.1291954577794145
298,2.7929498662170533
299,3.14809138037609
300,3.021270293866865
301,2.843552952368994
302,3.6137364621676533
303,2.8520102030384815
304,3.07569320790057
305,2.8731647845690618
306,3.0322821750661637
307,2.761419827132018
308,2.363888682579958
309,2.291499806154156
310,2.0524632037486477
311,2.088028493927249
312,2.0176661398749505
313,2.2299074518781614
314,2.042516830241385
315,2.0594227223016377
316,1.85157693430983
317,1.9977470627768268
318,1.8082775507875282
319,1.9719567791151673
320,1.8123823155503458
321,1.7811917428427715
322,1.8128430924417163
323,1.799891884579032
324,1.770295440876518
325,1.7691665068280493
326,1.7738968928438563
327,1.678554614464308
328,1.7659494293211924
329,1.7496835032382074
330,1.5307897674575766
331,1.362177357800633
332,1.2417519911242731
333,1.1785826856398003
334,1.1630626311332306
335,1.0711601991637183
336,1.0471619004238881
337,1.0573763794948796
338,1.041477711861483
339,0.9702054222347795
340,0.9927166098136521
341,0.9996352597851783
342,1.004193325593091
343,1.0116840787160688
344,0.9808548340160655
345,0.9009262993672044
346,0.8844030205161191
347,1.0070723688301246
348,0.9423546691270386
349,0.9425519170540212
350,0.9038782842234261
351,0.8684294302053652
352,0.8069203595538127
353,0.8396752696631555
354,0.8653581967359494
355,0.8474811680966806
356,0.8738368020579581
357,0.9238671285202401
358,1.026482050745655
359,1.036749666435999
360,1.0127985100147376
361,0.998427322308156
362,0.9266789520228884
363,1.0484839789974798
364,1.1676297745823712
365,1.1591681295623064
366,1.1560133094294716
367,1.0265739872377948
368,0.9633638621330829
369,1.0160450928239877
370,1.0216041019175472
371,1.1535621013990531
372,1.3715672545450932
373,1.3892330226164893
374,1.3477905775111476
375,1.4994198793734899
376,1.4652231874967043
377,1.2901143954064318
378,1.4119276214148673
379,1.2848699336088925
380,1.2771553285332302
381,1.2790766667514821
382,1.3546198498185427
383,1.2679021776321284
384,1.3639034833052557
385,1.2682306999670623
386,1.4891505262552922
387,1.3448251207553819
388,1.2569044109818397
389,1.242236243692756
390,1.2483450758485302
391,1.2246961536056076
392,1.2988502297264508
393,1.2527304807006303
394,1.2683001478240317
395,1.257573792941141
396,1.1535090079524633
397,1.2229926956011694
398,0.9507545801887578
399,1.0065133924328937
400,0.9426503085464476
401,0.9331422670721983
402,0.8969202019571663
403,0.9987801864279301
404,1.022787243902313
405,0.9610492950894692
406,0.9710556790341107
407,0.956605948443421
408,0.9789351420675506
409,1.08267031895249
410,1.2380843136523263
411,1.4868245306275325
412,1.4760235175740721
413,1.779254221230072
414,2.1992253815254217
415,2.2270320458826873
416,1.8630476644005043
417,2.3590864417431443
418,2.302298555952222
419,2.2985303141786524
420,2.2944101121716507
421,2.4868584339482447
422,2.5063402883964256
423,2.4454764924893166
424,2.5044343862316523
425,2.4931440562399745
426,3.0544269391773593
427,3.2180490623417306
428,3.1501574648411594
429,4.052345341910887
430,4.314300480212023
431,4.125515828152964
432,4.030053369269451
433,3.764513624274648
434,3.7055638643579396
435,4.098893046314267
436,3.8532246909400856
437,3.6154786669861143
438,3.825930589142255
439,3.6330690623660256
440,3.911770279392272
441,4.261797787720464
442,4.42067111194875
443,4.2725073489071415
444,4.28167446250207
445,3.8964158599970284
446,3.8784325170877176
447,3.491820298461835
448,3.7725298404939056
449,4.296075166417916
450,3.770067053045405
451,4.202348489540091
452,3.816471521343522
453,4.468121882921934
454,4.155468908077837
455,3.920945334521818
456,3.7961365577850383
457,3.8044469476333975
458,3.1320265519551063
459,3.4490402633881763
460,3.690930034856911
461,3.476700128803895
462,3.0827611313065844
463,3.2799359673440835
464,3.248199729347259
465,3.269796840769563
466,3.320021473697124
467,3.9149371551217427
468,3.472145466506786
469,3.7381895414777935
470,3.653119153309648
471,3.9045494633131774
472,2.82140775474522
473,3.1470695893371876
474,3.0624182122973016
475,2.770247696948833
476,2.3608262763920096
477,2.751007337955183
478,2.7385469529296715
479,2.8369163803301753
480,3.0644807680370785
481,3.0241435855377103
482,3.0366724719832763
483,2.849235163481514
484,2.7783352784916335
485,2.3262942653096212
486,2.329959804040122
487,2.3258493309271495
488,2.2903847093851386
489,1.8560997297218307
490,2.0986594823909623
491,1.8290902985502906
492,2.1038953757267578
493,1.8308383357529954
494,1.8726328058883575
495,1.860421600675789
496,1.7301255333505232
497,1.8073192783534406
498,1.7437653176975951
499,1.4106815498691174
500,1.3994211886502033
501,1.3786191377719548
502,1.1930432901762387
503,1.2754449262454044
504,1.3039713813943776
505,1.397772324017135
506,1.3803038659732585
507,1.3660816933504643
508,1.8046841803150142
509,1.4730857926460799
510,1.381296756587318
511,1.4863672008469515
512,1.2787175574406207
513,1.4514545692601826
514,1.4916400558498193
515,1.5293924987927392
516,1.7172859484524141
517,1.5368475807093072
518,1.755697627184735
519,1.7670770881494586
520,1.7218032548196722
521,1.6877682188157848
522,1.6983202794513246
523,1.6782035732406122
524,1.656998660191802
525,1.7833613884096515
526,1.6752782753124338
527,1.810784670424576
528,2.392154220301885
529,2.4029409223398392
530,2.3657685893040927
531,2.622746439869787
532,2.7698983401998984
533,2.8977413778218737
534,2.70378657448571
535,2.6771314030777065
536,2.64896564521364
537,2.5768518582098476
538,2.3571526324940484
539,2.489973399004765
540,2.4131938350926503
541,2.555500251371007
542,2.298923440223983
543,2.2186865792682804
544,2.105192352980931
545,2.0807821827423454
546,1.9971625077470394
547,1.9743452761492868
548,1.6585471439816784
549,1.5982241852150485
550,1.4894839124258028
551,1.47744152087414
552,1.4566222011128898
553,1.4488641007678558
554,1.4335488408511323
555,1.4997224358768413
556,1.629637075067321
557,1.473085456913783
558,1.4478111930079856
559,1.212393744846852
560,1.3684832911901978
561,1.2188545207648764
562,1.180308332557685
563,1.1621676958054414
564,1.1733483268126872
565,0.9950587971754798
566,1.0834059171857542
567,0.9954068446954214
568,1.0118867724332834
569,1.093746480570678
570,1.086234929856683
571,0.9624690736233945
572,1.1646717460093823
573,1.5719693337961904
574,1.338132477504917
575,1.5231171010691542
576,1.5099345936189923
577,1.6005232928595048
578,1.4723305523141643
579,1.3708878017969908
580,1.390233732235305
581,1.4444600235654435
582,1.6420975078209252
583,1.6961777448802704
584,1.8981587365557822
585,2.171015600474787
586,2.009307053262379
587,1.6381096611503168
588,1.5180065881226228
589,1.5653692651582258
590,1.23833552694158
591,1.2374519917980655
592,1.5763890504461122
593,1.2613184369481474
594,1.4048208450353046
595,1.6112629868777912
596,1.4437979117876698
597,1.682159580709673
598,1.6483514049435064
599,1.7106841046122474
600,1.5631035667576783
601,1.7024603814452925
602,1.5323489709996327
603,1.4581444594452806
604,1.4445121020314118
605,1.3577553393076536
606,1.4788076868994064
607,1.5147219370404568
608,1.392981361265347
609,1.4597170922362144
610,1.5250167836426527
611,1.4102090439528836
612,1.3788944846160307
613,1.3640105745076543
614,1.6223616944247052
615,1.5483462462880984
616,1.49920846032457
617,1.6037076652419646
618,1.5210677140406308
619,1.4927880077693636
620,1.587256088899688
621,1.460221980979299
622,1.5164090853617227
623,1.5069695414582103
624,1.5863066983060117
625,1.6039722588985534
626,1.6211303717036138
627,1.6489923086819565
628,1.688020943723905
629,1.7375717487370632
630,1.7027528046886926
631,1.6240305507488866
632,1.370164639711306
633,1.3626044547743739
634,1.4641740290819159
635,1.3523944414782418
636,1.331110700930383
637,1.2833215519276115
638,1.298358181571776
639,1.3093604907298981
640,1.2477813680035728
641,1.4932905070633193
642,1.3846939496493562
643,1.4364763648590657
644,1.3226672511429718
645,1.2259613971427579
646,1.0737150675800324
647,0.9377303587721402
648,0.9554070482723057
649,0.9104371694931457
650,0.8757386683285253
651,0.8223739331933525
652,0.9029861490904532
653,0.8548840732895834
654,0.8860727463180493
655,0.843338087043539
656,0.7786041739472843
657,0.7752995504412841
658,0.7641324852966608
659,0.8069941968859574
660,0.7948273255657844
661,0.7464991148873361
662,0.7105091733554515
663,0.696432480495881
664,0.7074731882387542
665,0.7175141251867647
666,0.6956001876798539
667,0.6209923726415717
668,0.6012291943907466
669,0.5989759283227316
670,0.5910567637093809
671,0.603365948324147
672,0.6131931842256731
673,0.6121030628992573
674,0.6315007749860743
675,0.7472026415612445
676,1.1264051906677424
677,1.5398373161497836
678,1.8276620860944508
679,2.301716663011572
680,2.1775036380425803
681,3.015171547705235
682,3.3409094876995526
683,3.296826930533385
684,3.2691342586303573
685,3.1207544515108485
686,3.779114937874362
687,4.262386272095917
688,4.036789302276236
689,4.053192537782693
690,4.1181850852667585
691,3.7343298755952814
692,3.717315752066346
693,3.0485141618643588
694,3.0146722604972296
695,2.7840354171102573
696,2.5965956508367234
697,2.3754339041927777
698,2.241363686534272
699,1.9786118439271252
700,1.8415699024285959
701,1.720392785684013
702,1.9828312512501913
703,2.1030784529596054
704,2.077142170330637
705,2.0941294841805442
706,2.0523742856932077
707,1.9954925369650098
708,1.906591101920665
709,2.2677274678200856
710,2.096543660360911
711,2.385239126330296
712,2.478778643165939
713,2.3147426126578603
714,1.9500296672512945
715,2.13141658360319
716,1.9071662852540059
717,1.9327003790773576
718,1.8983560409060762
719,1.772242074180935
720,1.6725914923918166
721,1.586657877809258
722,1.631058907079748
723,1.5528840967388406
724,1.5906823991127683
725,1.4803423790765082
726,1.4728382207691675
727,1.4820063547208857
728,1.5120599461759492
729,1.4345927772306875
730,1.4044239875603415
731,1.356819980629463
732,1.3446095453016353
733,1.3307950517296938
734,1.3604502077602392
735,1.4367557020621429
736,1.6877503189439969
737,1.769629340334035
738,1.7965338772406538
739,2.2605166652460773
740,2.269647093756846
741,2.464897247092389
742,2.4894214747302144
743,2.5434567345381933
744,2.657247997749324
745,3.0721955123195572
746,2.480826721832797
747,3.0568148847604855
748,3.0008105646832184
749,3.0751132545406943
750,2.9645705240537983
751,3.0317047267440884
752,3.0313325614458857
753,3.058766389990238
754,3.0499744086670457
755,3.1555007660643577
756,3.8858575993462767
757,3.8107713906656517
758,3.842501044163644
759,3.8413095260175028
760,3.7419074187362855
761,3.6098018340895064
762,4.092062800862933
763,3.837052376808689
764,4.295864066930132
765,3.65806066420396
766,3.6895473726747396
767,3.6986126059301823
768,3.6913303460354836
769,3.683349384956927
770,3.6893259934673677
771,3.9784933281989923
772,3.770453303065861
773,4.4072847000465645
774,3.865374486951497
775,3.4571814856875602
776,3.747026073308212
777,4.396480192427625
778,3.43983873675548
779,3.432820645836176
780,2.8980612624445747
781,2.702522764636955
782,2.662575409624234
783,2.6104231670684124
784,2.4694163385523735
785,2.453443212978239
786,2.4123721813144647
787,2.2124263110835662
788,1.9824579765791488
789,1.9714639542669488
790,1.950756351970883
791,1.7144903835646839
792,1.9473698959092196
793,1.88668594321712
794,1.7054735296500898
795,1.6698962397294517
796,1.3157811096988277
797,1.4191437910946405
798,1.305562374851576
799,1.247641308852376
800,1.2373279174568366
801,1.2161533957957398
802,1.1921018253190154
803,1.1805230821471033
804,1.1712065448931692
805,1.1225632501003358
806,1.0729166078003538
807,0.9916024798338764
808,1.0230172184053303
809,0.9787624411517384
810,1.0007488886912135
811,1.1490576760798483
812,1.5116825085735908
813,1.3395340098201869
814,1.5844436553718313
815,1.543596117428954
816,1.551396751221689
817,1.5771527386964606
818,1.143710356979025
819,1.1058742584757961
820,0.9561665788902559
821,0.9139235997427466
822,0.8624670336292246
823,0.8584429850227909
824,1.0148812612455247
825,0.8587008627227574
826,1.0067915915113907
827,1.115310528382727
828,1.3377212001274343
829,1.300067755895217
830,1.5362266385162742
831,1.549392720885492
832,1.7786908046294314
833,1.9234825541324758
834,1.9290437264061555
835,2.1606816754985583
836,2.379880776816617
837,2.380348089406816
838,2.862998960556184
839,2.477793040639627
840,2.9100028741620987
841,2.9131303598681515
842,3.000167897441791
843,3.2643424422471647
844,3.1152989724918925
845,3.129701653296137
846,3.3950264687448306
847,3.6450848654449213
848,3.236467005268335
849,2.9568582625239825
850,3.006273461379704
851,2.9086819969990203
852,2.847770499135477
853,3.0933276151540054
854,3.4479923512098827
855,3.2136856403688485
856,3.5524621091867505
857,3.3786565983114327
858,3.6836184540875476
859,3.205031587074722
860,3.5473762610188264
861,3.7724245911319603
862,3.768987161252203
863,3.7717873966439304
864,5.008952945378011
865,5.819422817417478
866,5.819422817417478
867,5.869143775561104
868,5.810675297576209
869,5.873236712334284
870,5.583349060465837
871,4.527226891578271
872,3.692686868834523
873,3.6957262026635207
874,3.5520417362865655
875,3.5485487570294305
876,3.537210544711049
877,3.443446648402412
878,3.0914763718038496
879,3.5047717702061205
880,3.069048187227594
881,3.051657484565
882,3.074714839505441
883,3.2472209170198814
884,2.9940176842420745
885,3.0312585387936477
886,3.04081627400949
887,3.023877915492695
888,3.1428986023298116
889,3.0563931234890425
890,2.985682113305916
891,2.859646254347524
892,2.6625617979722023
893,2.473295549122633
894,2.4145012705630133
895,2.4417857180884313
896,2.0761963497030234
897,1.757909421976384
898,1.6861684740450087
899,1.6170605384876695
900,1.547425053820675
901,1.5820551290599225
902,1.5321629764464721
903,1.4773294916663253
904,1.4318052558708947
905,1.5119552796811038
906,1.500368030760078
907,1.2850055513164897
908,1.2368318902520528
909,1.4372837608547528
910,1.4599395158710593
911,1.4779126973192114
912,1.6974810312717432
913,1.6985905623850535
914,1.723629703951042
915,1.7428769612187291
916,2.3358729210582947
917,2.5272393500240127
918,2.7480176771314664
919,2.7396787872477235
920,2.690406978426722
921,2.491868478587638
922,2.5830395952554834
923,2.5197274187511454
924,2.45468096254727
925,2.331460028429081
926,2.1835091854937327
927,2.0748238267113077
928,1.850657928650853
929,1.6838278413785899
930,1.8408902488550172
931,2.139108494859309
932,2.247453779366025
933,2.5350111813593665
934,3.0980012300070827
935,2.8540774436236904
936,2.6883113485282926
937,2.935755026386978
938,3.345565913105165
939,3.19881295848797
940,3.5285759889204997
941,3.7755401413701235
942,3.9103338573849493
943,3.7678473129673313
944,4.240324706752043
945,4.408317779753873
946,3.7012011330380195
947,3.6793478150771812
948,3.2742054115841737
949,3.204714660475656
950,3.730983882907054
951,3.7843167396001283
952,3.847546660979515
953,4.050578094188283
954,3.8819950326185695
955,4.025251789783658
956,3.9738574685558157
957,4.2175521223439825
958,4.056124686753352
959,3.5111002657328787
960,3.717283918884989
961,3.878311924127498
962,3.720336550254697
963,3.2972548630028187
964,3.376704542636388
965,3.8094374188537805
966,4.017364578897017
967,4.793235508700727
968,4.952347128810017
969,4.88911296016169
970,4.813026330066823
971,4.483516409015764
972,4.613080822146545
973,3.6511509822902948
974,3.4673865727295556
975,3.3721076328601556
976,3.113758702744132
977,3.091619287760751
978,2.821752910594382
979,3.4190286716749845
980,2.9678294613627156
981,3.284499145561237
982,3.2892303243969923
983,3.759238197080131
984,4.1159382103603965
985,4.445738423839384
986,4.845213086400608
987,5.020726423571384
988,5.19911406159678
989,5.030689476298731
990,4.975362104606435
991,4.87781432145375
992,4.53750123321227
993,4.196112734192124
994,4.218137331437859
995,4.215399035470835
996,4.401424023278351
997,4.339705792802609
998,4.245887730005746
999,4.330910437286393
1000,4.1802176878648325
1001,4.064459467837771
1002,3.9519445313676353
1003,4.131750394682613
1004,3.743495752278369
1005,3.7057979591642933
1006,3.814526826439563
1007,3.2488439392553086
1008,3.290142990833012
1009,3.4369978878448983
1010,4.147899299002566
1011,4.253780669347728
1012,4.203298249980742
1013,4.211297982691522
1014,3.702741283995009
1015,3.9788335569958546
1016,3.721380062040448
1017,3.4910077594549547
1018,3.276960919436669
1019,3.1540668465732797
1020,3.1913479786772236
1021,2.859474043764872
1022,3.1793224801986555
1023,3.1224780084267105
1024,2.802840361775352
1025,3.173082476296909
1026,2.8203881776835322
1027,2.7852055684754284
1028,3.0974758220261656
1029,2.763773699630647
1030,2.9168069403172026
1031,2.785965802254164
1032,2.8421559076943437
1033,2.351797088540376
1034,2.080478306070238
1035,2.2747638599670443
1036,2.1175431916727976
1037,1.8405478833958766
1038,1.9927444637002045
1039,1.989522045439354
1040,1.8272946631154794
1041,1.989966049760915
1042,1.9818520090795666
1043,1.9510391056143015
1044,1.7647356879755647
1045,1.7244694932046012
1046,1.7198815708887447
1047,1.736805102679122
1048,1.7556485231987595
1049,1.7148011109676673
1050,1.5712192686901902
1051,1.6357505008459776
1052,1.7024060776714223
1053,1.6947356165264316
1054,1.704515777876751
1055,1.5107480796845767
1056,1.4423119389332806
1057,1.587724155035485
1058,1.601750817525965
1059,1.7205380285296472
1060,1.4601525522278374
1061,1.4666342162665307
1062,1.480350993622319
1063,1.4886826106420654
1064,1.4252706043194694
1065,1.3571279552347104
1066,1.2866345622328943
1067,1.459912532288487
1068,1.4862347590815665
1069,2.206552733793933
1070,2.409822808608093
1071,2.4338798122429783
1072,2.6926635131248755
1073,2.7044373949076363
1074,3.2381712183188673
1075,3.2706972491071387
1076,4.219244609955995
1077,4.743473551564507
1078,4.9804397924520005
1079,5.065755522960453
1080,4.786827343162075
1081,4.76189119485574
1082,4.9390571490209245
1083,4.683065268050124
1084,5.02830313150858
1085,4.790351588397737
1086,4.953624832648672
1087,4.247977742678904
1088,3.708236413954563
1089,3.9370823116756313
1090,4.102919464947807
1091,3.930281023393344
1092,4.158746449538688
1093,4.3423436255434105
1094,4.682043240823717
1095,4.919944381144081
1096,5.835900860019374
1097,5.940449136392387
1098,6.015664547213534
1099,5.937883393893186
1100,5.153308892019848
1101,5.842419450095848
1102,5.136241932570038
1103,4.548667439289826
1104,4.211943100903408
1105,4.52767295665137
1106,4.5707566619018385
1107,4.540501150989209
1108,4.398981771886201
1109,4.368781689578766
1110,4.541275650898534
1111,4.677360610085721
1112,4.876363719086951
1113,5.232339555409849
1114,5.3818634380042845
1115,4.208896258035546
1116,4.141636967340784
1117,3.8084305733013233
1118,4.575332861553301
1119,4.833478678151244
1120,4.7905385658877115
1121,4.995842027990922
1122,5.0107891978782195
1123,4.869656150463457
1124,5.148471820539122
1125,4.861641461988834
1126,4.886432876874058
1127,4.81818285231668
1128,4.794201729110201
1129,4.642768840489236
1130,4.660946182300371
1131,5.095535607627391
1132,4.823172608786603
1133,4.799323131572852
1134,4.225106024841248
1135,4.959407870940356
1136,4.84297833123654
1137,4.840105089506614
1138,4.855391162430429
1139,5.526642667703966
1140,5.31815773061946
1141,5.340130543636383
1142,5.4837511087668425
1143,5.361349397833553
1144,5.360253545183083
1145,5.342123487773138
1146,5.895783880258749
1147,5.534690413276925
1148,5.24107219824117
1149,5.990942292894172
1150,5.95550038400835
1151,6.237086634275251
1152,6.046154474915254
1153,4.941609126439005
1154,5.799230022283671
1155,5.835049929792247
1156,6.031943206451384
1157,5.862765193444531
1158,5.267614418683527
1159,5.385948096709032
1160,5.439741046266483
1161,5.938780952165851
1162,6.089847779133501
1163,5.098011599094606
1164,5.9288896982776835
1165,4.581033922412406
1166,4.8080329635403345
1167,4.845517330908093
1168,5.024818235416041
1169,5.081237805428153
1170,4.918242664329762
1171,5.051963357691912
1172,5.0426267300528
1173,5.0093870325167735
1174,4.8732019527786825
1175,5.022757270821667
1176,4.614438955891787
1177,4.569149596247868
1178,4.612457862165592
1179,4.881818816708161
1180,4.931353527425213
1181,5.509727509760718
1182,6.035631672737464
1183,6.203124912400588
1184,6.391680765419658
1185,5.60050634798355
1186,5.301741092186237
1187,5.728356901371226
1188,5.970215181105069
1189,5.929828736811399
1190,6.0163850733200634
1191,6.036514189411497
1192,5.221074946701415
1193,5.6354288373212675
1194,5.0375676457335175
1195,4.90262705875423
1196,4.854429410421527
1197,4.4644243176017495
1198,4.2958704742847384
1199,4.356623649036169
1200,4.156259148639962
1201,3.9787038406505704
1202,4.362464761908913
1203,3.7439595653813487
1204,3.5465209358290632
1205,3.370434233656035
1206,3.421823119701854
1207,3.3927321170617453
1208,3.7723228834940725
1209,3.9516723139853034
1210,3.8080949664384183
1211,3.6854134359883237
1212,3.913242697819245
1213,3.9485943019253398
1214,5.652651813380299
1215,4.527258768596072
1216,4.860845199248193
1217,5.152279762620975
1218,4.674368057941821
1219,4.441206054063061
1220,3.830422232332379
1221,4.555914911981508
1222,3.6915231462148252
1223,4.2939134362499685
1224,3.512730692702274
1225,2.989638280432718
1226,3.078519151905737
1227,2.8622694914517828
1228,3.093585175977883
1229,3.0715382397649025
1230,2.977127606634323
1231,3.2381462969868475
1232,3.0618930649469918
1233,2.9158657327462505
1234,2.886716245633667
1235,2.845494297941861
1236,2.8815111142712615
1237,2.8694087860921154
1238,2.9941898116871117
1239,2.9799906074040976
1240,3.4899570771389317
1241,3.1977639311066426
1242,3.6640260967687825
1243,4.10445113773897
1244,4.122825935934838
1245,4.134962752323063
1246,4.218604443660656
1247,4.049025748695008
1248,4.6075048070666265
1249,4.204513320524859
1250,4.505446832547538
1251,4.354424720788548
1252,4.564189272851606
1253,3.7481169544275628
1254,4.163208123582056
1255,3.9107575525444567
1256,3.7336932337547917
1257,4.504718168507725
1258,4.436414682036657
1259,5.558340887477107
1260,5.646961938353378
1261,4.758619895685157
1262,5.163599009508261
1263,5.452481465951577
1264,4.537843318518524
1265,5.399376151010724
1266,4.552490618124562
1267,4.457555437972932
1268,4.29048983490512
1269,4.129779961944337
1270,4.239269809522294
1271,3.701847352196992
1272,4.06182653091356
1273,3.8292992116450546
1274,3.8180065428041354
1275,4.216789388578457
1276,3.26019173364406
1277,3.763134671812307
1278,3.773425512807527
1279,3.7761419701466012
1280,3.52859630646887
1281,4.2123843179762845
1282,3.1985100221082896
1283,3.343259534479897
1284,3.262928637626484
1285,3.1313024852318154
1286,3.1094997631503007
1287,2.78118801096219
1288,2.3317412395927843
1289,2.3232761729047815
1290,2.2701608101946347
1291,2.3324625072782608
1292,2.339725941050855
1293,2.4466962460337975
1294,2.4391719395906812
1295,2.8094232599312714
1296,3.0365949070977463
1297,3.213795295487815
1298,3.1618148845745493
1299,3.6697215067254882
1300,3.916908011870671
1301,4.137669929590798
1302,3.589230480262267
1303,3.1888745711692303
1304,4.03339417178108
1305,3.84099219900827
1306,4.03012387256597
1307,4.0174715170801285
1308,4.124838962928189
1309,3.9276397214771444
1310,4.351299101570269
1311,4.452719552720504
1312,4.221241410086049
1313,4.484912006933394
1314,4.2261991333683495
1315,4.569790057598337
1316,4.5936592226749555
1317,4.873151883091538
1318,4.534872474893029
1319,5.063957938904903
1320,5.32467578002024
1321,5.80560908376696
1322,5.364991679331907
1323,5.299298742439357
1324,5.497317480622443
1325,5.132538722498674
1326,5.53946160025906
1327,5.3485343147479565
1328,5.7613887503932615
1329,5.682392936179725
1330,5.422966069786319
1331,5.029172746311619
1332,5.0249892495366675
1333,4.800704281950871
1334,4.899829229875345
1335,4.540252306525631
1336,4.530839106658012
1337,4.770060160512434
1338,4.592275255026847
1339,4.519524485789113
1340,4.479412642251149
1341,3.953400233020691
1342,4.128797011379274
1343,3.809874641295906
1344,3.791956021243105
1345,3.7783512518941436
1346,3.705085131331692
1347,3.7341288901120455
1348,3.6826667255718397
1349,3.2794094188688736
1350,3.2372351315400176
1351,3.2609001152073476
1352,3.240200087987006
1353,3.1592169179446823
1354,2.7926171631171703
1355,2.4897389654157998
1356,2.7266684831562533
1357,2.418938622937524
1358,2.6916276113673767
1359,2.591852006706008
1360,2.6786134386928016
1361,2.6621814171599025
1362,2.6747205716795612
1363,2.6617704853955595
1364,2.7360450272311443
1365,2.961487371797846
1366,2.7533754145422797
1367,3.2103530028591596
1368,3.999996746962878
1369,4.194294003441541
1370,4.246192709090583
1371,5.698198826641506
1372,5.637302184005417
1373,6.10473508863546
1374,5.920095448839621
1375,5.636149692571506
1376,5.0290243734548286
1377,4.941667864891564
1378,4.859443694207256
1379,4.208235147109685
1380,3.8418555301784427
1381,3.4251605319769145
1382,3.255885020878958
1383,3.109581977661805
1384,3.221032385247025
1385,3.233771698456474
1386,3.2593328415498193
1387,3.4542532907964816
1388,3.7317086709647915
1389,3.744734352480248
1390,3.893316941473683
1391,3.8346657564604185
1392,3.683014118451818
1393,3.7446168732018803
1394,3.704134289723544
1395,3.505951171271877
1396,3.4212340021583216
1397,3.5610106577789513
1398,3.6953113165640508
1399,3.94491046826624
1400,3.7190439033304177
1401,4.039692338276604
1402,4.153369102039437
1403,3.5496034918610135
1404,3.142782459373303
1405,3.1789964533756696
1406,2.870363494489111
1407,3.1683380852014045
1408,3.152760473236544
1409,3.015484843380173
1410,2.795386067301401
1411,3.06441892456777
1412,2.712505646016916
1413,2.681419293984548
1414,2.7298730245519214
1415,3.0282799489528416
1416,2.8060607093847008
1417,3.098330809764319
1418,3.70869820672744
1419,3.153690531110544
1420,3.200685166815979
1421,2.725680541933184
1422,2.8947483269227976
1423,3.243412354113694
1424,3.26221436498851
1425,3.1546671863706
1426,2.8825702580357917
1427,2.7964998374979877
1428,3.0839748195064187
1429,3.078618396452984
1430,2.7296726636580115
1431,2.649526594593281
1432,2.2962736195066924
1433,2.280715026352734
1434,2.190696695349127
1435,2.196183832036795
1436,2.08980222667309
1437,2.18538847132383
1438,2.1298358673993634
1439,2.0287661080205277
1440,1.833999208945553
1441,1.8445638967863254
1442,1.824446982429211
1443,1.7889759264567568
1444,1.8109648697522605
1445,1.777048208319924
1446,1.9045996088380834
1447,1.8277546038057826
1448,1.8369239417546575
1449,2.0072233200426584
1450,2.044767155086616
1451,1.858688177522881
1452,2.0632878677753994
1453,2.333276867196747
1454,1.9675272776082013
1455,2.225534222053512
1456,1.9762095431276772
1457,2.2298357566986917
1458,2.033627296439179
1459,1.9914639687867428
1460,1.8936501204214626
1461,1.793601162719561
1462,1.7732672886264946
1463,1.7493215566551361
1464,1.8282701426078234
1465,1.7357628410963453
1466,1.7240827871399735
1467,1.7820175609607163
1468,1.8333017751546894
1469,1.7807254405817887
1470,1.7647489856796095
1471,1.8833571170220804
1472,1.847725530277186
1473,2.052130287494389
1474,2.0812304253949385
1475,2.3945010066056427
1476,2.3711712373050804
1477,2.5651121062352447
1478,2.6117067227981816
1479,2.852843634818765
1480,2.550186202268665
1481,2.7743381077461375
1482,2.5336546747282287
1483,2.494223623727872
1484,2.852576510717858
1485,2.8720440822854614
1486,2.757060125181001
1487,2.9212393837975874
1488,2.51349438764399
1489,2.479387967717691
1490,2.4746857977758996
1491,2.832617296506399
1492,2.858127665511599
1493,2.3985069755033144
1494,2.4257665993624524
1495,2.3210515098170057
1496,2.3807917470635527
1497,2.1063986069448464
1498,2.1750047457448343
1499,2.083414736762183
1500,2.053552105889755
1501,2.0654456927106204
1502,2.013581641409834
1503,2.097413125438601
1504,2.0583826647395327
1505,1.820445870045698
1506,1.8030425329378867
1507,1.7704610372900575
1508,1.7081574263024892
1509,1.6868409802546969
1510,1.7002531722343481
1511,1.6789256619700303
1512,1.558229155157536
1513,1.4261309834808205
1514,1.3294209871145588
1515,1.379110046890926
1516,1.190121732053628
1517,1.1835585690627228
1518,1.0856799372145616
1519,1.0125290466297978
1520,0.9642265694721768
1521,0.8122038168863079
1522,0.8017426776545779
1523,0.7966413840817369
1524,0.7689901103058766
1525,0.7648203969051788
1526,0.7779795623110872
1527,0.7841682577152066
1528,0.7856980348382762
1529,1.005168896829127
1530,1.1098648034117569
1531,1.6268564941507329
1532,1.6319963279443788
1533,1.6269998080643382
1534,1.6132851599406968
1535,1.568559294732779
1536,1.5114849573035485
1537,1.39742012412541
1538,1.4157409558048142
1539,1.5030056597046095
1540,1.3476974095675156
1541,1.3519541528199692
1542,1.6924485647676495
1543,1.7424180794049795
1544,1.6999568517914112
1545,1.641875731874758
1546,1.9783381591498075
1547,1.7046091931888854
1548,2.010791420486703
1549,1.9802498205545862
1550,2.123476057956821
1551,2.2259958441438963
1552,2.1199802214845227
1553,2.162546075340113
1554,2.4717162640214774
1555,2.53262964027148
1556,2.8347734596381953
1557,2.8101125819781867
1558,2.882381221676384
1559,2.7439541965107117
1560,2.4380562898044373
1561,2.7424745025627892
1562,2.7149535663233126
1563,2.649998560185656
1564,2.4641188155193166
1565,2.6638490420701495
1566,2.4914200370405237
1567,2.7027150215366316
1568,2.5826533581859197
1569,2.4545293210741015
1570,2.742890699227977
1571,2.6395695527068974
1572,2.8048336334302437
1573,2.7993232507725767
1574,2.6611222092725133
1575,2.6965847422695988
1576,3.136434237423088
1577,2.658523813311223
1578,2.7786854660387705
1579,3.1511304682186605
1580,2.820569460170245
1581,3.374996209328187
1582,2.707718111309043
1583,3.2789026076946977
1584,3.3450545336175312
1585,2.737920249670685
1586,2.8952444385607214
1587,3.0296383440403467
1588,2.430563961303878
1589,2.7886131867429866
1590,2.843455982654708
1591,2.362110881361697
1592,2.3260154769018917
1593,2.3616722654285907
1594,2.2540800318468732
1595,2.641720677543654
1596,2.335377103742356
1597,2.6255716105519658
1598,2.3021546665949177
1599,2.101250654671098
1600,2.3205874545190266
1601,2.345950671833447
1602,2.3066183496791886
1603,2.1957985541865686
1604,2.3703431069469603
1605,2.1571865595171307
1606,2.377106556164014
1607,2.262339159131681
1608,2.335775859382651
1609,2.2607076264042916
1610,2.269734311255675
1611,2.183777589910815
1612,2.3332517373212336
1613,2.295490061353436
1614,2.3087122822245125
1615,2.276306678783212
1616,2.1149538630255447
1617,2.3208050947966674
1618,2.129001002779062
1619,1.8428335279564336
1620,1.8451584284850013
1621,1.869345264291777
1622,1.9921452244118796
1623,1.7079386785858799
1624,1.6478413620686054
1625,1.6368007475077377
1626,1.680158033360977
1627,1.6750940930569131
1628,1.654528608421374
1629,1.514715889555972
1630,1.4354079362313155
1631,1.5066562699467572
1632,1.4377352960251502
1633,1.7134394859129458
1634,1.77298324932084
1635,1.7757629507392243
1636,1.9146961597119037
1637,1.806100496098396
1638,1.7372002939125697
1639,1.9273666734356552
1640,2.052950352227139
1641,1.7918984224552725
1642,1.8754003380235913
1643,1.8712782614528998
1644,1.915148175018975
1645,1.6787175225720123
1646,1.5847027084084444
1647,1.5551430538930717
1648,1.5111965808916852
1649,1.3877858176441225
1650,1.2236509476401998
1651,1.206516820179522
1652,1.1621640077389466
1653,1.1559582297637354
1654,1.190817204207743
1655,1.2203302065016657
1656,1.2124811897501622
1657,1.2429576937747002
1658,1.2337866552192753
1659,1.2344208395441194
1660,1.1036207190376977
1661,1.2013730184181197
1662,1.2285201268321246
1663,1.2917342940308234
1664,1.238222267790574
1665,1.2863902617155512
1666,1.3026540480346833
1667,1.5156178689904023
1668,1.2732414174541575
1669,1.2840314568128626
1670,1.5277775199225485
1671,1.5766257913179036
1672,1.5372495496798215
1673,1.5259290858104704
1674,1.5053974613939285
1675,1.513068110775757
1676,1.9863822400872413
1677,1.9563410650849113
1678,2.115501460823956
1679,2.3879308236027272
1680,2.2840124138456073
1681,2.4617237622670953
1682,2.906416589089168
1683,2.88962615676845
1684,2.7295032821138685
1685,2.688275526516514
1686,2.8045199117109725
1687,2.7129547143098525
1688,2.653126808459199
1689,2.516995661610705
1690,2.4622682101517754
1691,2.2222333057615695
1692,2.406467312162125
1693,2.2273613015741063
1694,2.4120212209581355
1695,2.430822451562956
1696,1.9845537770090054
1697,1.9119443765107877
1698,1.6629212334771084
1699,1.7031961472520682
1700,1.558325900241298
1701,1.4210311757457053
1702,1.4908176397342847
1703,1.3256042297906476
1704,1.3107407873276333
1705,1.2075704439645343
1706,1.2015772621965182
1707,1.201314723896742
1708,1.2456638094330512
1709,1.3114837181160368
1710,1.3324383303248495
1711,1.3771023023132685
1712,1.4825493614757927
1713,1.4830267125452317
1714,1.6534179218657437
1715,1.7472093414752297
1716,1.80802057119097
1717,1.8249486790139064
1718,2.249496737944814
1719,1.808652213721574
1720,1.8070542719771312
1721,1.8011998097838584
1722,2.254192862911044
1723,2.2352411645638326
1724,2.0193574612310057
1725,1.8460167613053162
1726,2.224800144134975
1727,1.8199304780740748
1728,2.000927983036861
1729,2.2366607512208208
1730,2.2310332056087407
1731,2.2332287661246135
1732,2.217626364189241
1733,2.386777098666851
1734,2.4643018743266167
1735,2.3012057933356616
1736,2.3522473555996504
1737,2.418817036872001
1738,2.44372123971888
1739,2.447508155171725
1740,3.065614087604277
