,0
0,5.497628852213718
1,5.433480919009202
2,5.435801135881343
3,5.368424195175004
4,5.408673009590968
5,5.491913011012748
6,5.442000324309752
7,5.174728752512755
8,5.1526793819251635
9,5.243291759310253
10,5.243280875239226
11,5.424517207176297
12,5.150268903402218
13,5.435951811541141
14,5.0280882340970985
15,4.3034949061546275
16,4.251401275646523
17,4.453308516317436
18,4.367257086235799
19,4.314870976990655
20,4.22101920489788
21,4.212839822005553
22,4.1618617950327685
23,4.1097247379082935
24,3.7867435297857863
25,3.7697872999479127
26,3.1608142162694604
27,3.7576781997129705
28,3.5518007651764205
29,3.0346162844929196
30,3.0329536191506286
31,2.926437790166054
32,2.7567785573465207
33,2.9386168463799693
34,3.2743168065460964
35,2.7648749840318265
36,3.3968787494906425
37,2.9064677664454774
38,2.957094747458327
39,3.097887686969075
40,2.8237145851803143
41,3.7012564279110163
42,3.8697289343582635
43,3.9494305467567403
44,4.081327034558977
45,4.349613879407748
46,5.4043716455423665
47,5.4364189665919325
48,5.414451189457438
49,5.4548223021949935
50,5.43898713493867
51,5.452396091854769
52,5.411196397282973
53,5.465658187932553
54,5.4763739229222015
55,5.334062329684057
56,5.40263339993328
57,4.336415987471817
58,5.496440306236842
59,5.500917294662527
60,4.297139117184615
61,4.331976530852186
62,4.301115621067614
63,4.450110800052478
64,4.419553677726955
65,4.445403365300089
66,4.426027709245841
67,4.184341707431581
68,3.8032484043466748
69,3.596915983515987
70,3.5526528724578377
71,4.1852654328001275
72,4.191410817155166
73,3.621925744076085
74,3.919048799208586
75,3.639704603483932
76,3.632276705541275
77,3.6334794405708974
78,3.605949785614801
79,3.625102274810932
80,3.445091877239663
81,3.659222753675571
82,3.7152967528636034
83,3.6814088904345157
84,4.2574699100331115
85,3.6867562293700895
86,4.295370536133157
87,4.558874767831687
88,4.549559291641211
89,4.664574662074207
90,5.610156357115107
91,5.609235836942092
92,5.631766398117749
93,5.626703913911411
94,5.6111004057739775
95,4.571762742412211
96,4.529443678401008
97,5.602798521277411
98,5.609446223634278
99,4.429477234668625
100,4.410766346824454
101,4.410418698509886
102,4.362689701887632
103,4.3335515380197815
104,3.884556882867104
105,3.9293307164275912
106,3.228637848398228
107,3.2688240397663324
108,3.201017532937507
109,3.1027485154020904
110,3.105273464511181
111,3.222787152388213
112,3.349408451901231
113,3.429662788584568
114,3.4376739429477285
115,3.461694047272415
116,3.3188488298044945
117,3.53187498405045
118,3.5132409028054994
119,3.6088804491086037
120,3.67898453919092
121,3.666111156010785
122,3.701202182237962
123,3.6701897780296484
124,3.6758553466199637
125,3.6922549641146905
126,3.725478634541912
127,3.962010103826662
128,4.292920147412513
129,4.619030918375853
130,5.470845573227679
131,5.520712618137505
132,5.529729126074014
133,5.531179114240008
134,5.500077240672988
135,5.51020481474518
136,5.485331019130304
137,5.479170845165156
138,5.497877299347402
139,5.498174610413999
140,5.512661157777322
141,5.548109995007629
142,5.548109995007629
143,5.557403266089647
144,5.557559843031946
145,5.566853114113963
146,5.517500989032499
147,5.566853114113963
148,5.549627434452178
149,5.144224472385493
150,5.092000979608724
151,5.072726424400681
152,5.044638972608287
153,5.204721703845138
154,5.096307649802827
155,5.22584478408914
156,4.824073693360737
157,4.9305259876258765
158,4.451416597160322
159,4.270375707219
160,4.273915120434219
161,4.355151061644175
162,3.8610547068307186
163,3.353969604792178
164,3.2800274883617258
165,3.1635571187630664
166,3.2982938137505378
167,3.119988836153392
168,2.9675558410409764
169,2.8764565932182706
170,2.716542991605738
171,2.865046608430751
172,2.496509595879972
173,2.7935684531815457
174,2.8688637882096524
175,2.726187861037952
176,2.4951452403901886
177,2.437435269015769
178,2.685798377359166
179,2.7866131970379575
180,2.264623570128944
181,2.1669186868716257
182,2.120458465935881
183,2.1918146025429595
184,2.2864562843720764
185,2.1682130077439843
186,2.513953932699299
187,2.514596480566349
188,2.540411950934152
189,2.5764135836612443
190,2.5548723500034476
191,2.5025249267176135
192,2.8656024103878814
193,2.8790360809455406
194,2.8478843928457445
195,2.816999751947694
196,3.0859360645674663
197,3.0021500036773343
198,3.2407626247484806
199,2.888454846543671
200,3.2294977939513188
201,3.703057532672775
202,3.470498471115575
203,3.3563413118319647
204,3.369453231074551
205,2.979185328989529
206,2.6819176464137544
207,2.6981081234941677
208,2.6978250633676377
209,2.6985965509663434
210,2.5074037094367214
211,3.259935680208883
212,2.7463003881105466
213,3.138266216698972
214,3.252824882165094
215,3.2334036689466052
216,3.2376751833953414
217,3.1785339918930453
218,3.060720455066953
219,2.9562255459086164
220,2.6976434608794384
221,2.9515093428319097
222,2.8367768264433324
223,2.672708105124454
224,2.702495046483413
225,2.3999497491211157
226,2.104851012975635
227,2.106431771694816
228,2.079933741558454
229,2.0845263785299823
230,1.9890234856477296
231,1.9725158909399778
232,1.9347255668008196
233,2.0470906438983336
234,2.0345035874639352
235,1.961096392917213
236,1.95181922228467
237,2.0396167242449836
238,1.9489856295824297
239,1.9115865315445688
240,1.9001401468468067
241,1.8803816386910472
242,1.8539227443025077
243,1.730992297471892
244,1.827887346489124
245,1.8218498459296977
246,1.551896249558861
247,1.718736325196204
248,1.6907382128466981
249,1.881440551290174
250,1.7345234482867862
251,2.2112939836729564
252,1.8924759447777306
253,1.7479772891430119
254,1.8801308997261719
255,1.6295043335806363
256,1.5973869706260113
257,1.5794524118590512
258,1.5903162026473847
259,1.896619071455784
260,1.8202293652878045
261,1.822902474627367
262,1.6650296233502027
263,1.711931757559569
264,1.8309025896208406
265,1.8254144890276591
266,1.8118660643293123
267,1.99173813878435
268,1.8424377683465498
269,1.759181190896129
270,1.6173917146102283
271,1.5074826182244365
272,1.5103338923914866
273,1.4888114262375303
274,1.487348093559354
275,1.4589785937589803
276,1.442888948643009
277,1.4041699924490088
278,1.3974827064077153
279,1.3616036554404038
280,1.3424786135756634
281,1.3699826507476354
282,1.3874389955435622
283,1.5338600726553733
284,1.339773900887232
285,1.4428759388242407
286,1.3517743746319324
287,1.4988864630243286
288,1.1749009170643325
289,1.215727789225243
290,1.2265703854378984
291,1.1612959169916997
292,1.1147314527779424
293,1.0907723136182956
294,1.2005659407691667
295,1.3471761272334546
296,1.8093053955905851
297,1.753939427961278
298,1.6138828266706977
299,1.5826433523688317
300,1.7386446405309581
301,1.8159329541593598
302,2.196112896655291
303,2.5650599720658587
304,2.508694969664898
305,2.515371887661735
306,2.6128923467493608
307,2.5496687387055608
308,2.283952792357536
309,1.8972232628972179
310,1.8666174326984912
311,2.042174235962745
312,2.083112432516132
313,1.8210076470855376
314,2.101776847194879
315,2.0695113400724865
316,2.1884293030722555
317,2.1920884602677564
318,2.1756059501496368
319,2.001499623429142
320,2.02422577629317
321,2.1141834861980247
322,2.0550924063347953
323,1.984518533771536
324,2.0634144921773117
325,2.4731792810958657
326,2.2100835088023207
327,2.162995763591034
328,1.9387157491610976
329,1.7906428819969047
330,1.836443021147865
331,1.8523612229198962
332,1.914806360801538
333,1.8940958143741662
334,1.7368841685302887
335,1.9307479942414831
336,1.9136875287354318
337,1.7713676576117947
338,2.2331817612037987
339,2.4123431856437554
340,2.3321390578348558
341,2.315076353150022
342,2.5846700177403266
343,2.5748098468886225
344,3.2310006679066845
345,3.2634563685416937
346,3.1879570113350995
347,2.894195647890144
348,3.12913119985473
349,3.1400458223553076
350,2.966392078949516
351,2.7293902048341105
352,2.711679601502063
353,2.7059490592077764
354,2.452721257170587
355,2.838747799409257
356,2.6884513728939465
357,2.6002029084107425
358,2.5471132090743986
359,2.584890710965876
360,2.8804048761795618
361,2.9753984906472613
362,2.8020512251821006
363,2.7739055521660556
364,2.897908320756926
365,2.967011215339643
366,2.8265699659489907
367,3.199988063543675
368,3.289243562130941
369,3.053184912660551
370,2.869635629343569
371,3.0313363070263053
372,3.2474152143848425
373,3.211603533270602
374,3.194346967670443
375,3.174655077722927
376,2.7725299633396348
377,3.330098276328915
378,3.520735424669935
379,3.3855667765581834
380,3.9400830102067306
381,3.655947603075759
382,3.895788789614416
383,3.66765025817877
384,3.610656553971357
385,3.2584036035237136
386,3.1273517680633502
387,3.0846719187678064
388,2.8440177183221413
389,2.8483498061130472
390,2.806658176121416
391,2.7947321504395193
392,3.2861429727694738
393,3.2575282108486463
394,2.9772414551625053
395,2.8209043243130667
396,3.270732731862856
397,3.232724204968703
398,3.0381424127711556
399,3.0915266449339787
400,2.885818814297841
401,2.753827587554881
402,2.6907416055188196
403,2.655410652370814
404,2.6799747552492557
405,2.578180141999108
406,2.677289746088691
407,2.6570291040095544
408,2.45488760356429
409,2.6509226537134425
410,2.697473968617779
411,2.449641190440848
412,2.4385084620669097
413,2.6568957888539853
414,2.281069440016173
415,2.268905312244061
416,2.164187485419447
417,2.239100419588829
418,2.1747308050389997
419,2.0563465427857475
420,1.9932456814534958
421,2.0936796913111055
422,2.020115845629721
423,1.8327403169474545
424,1.8331350365486294
425,1.7424643078503177
426,1.7227775277019621
427,1.739052552123629
428,1.761169727855798
429,1.8381699040309225
430,1.8113894615090866
431,1.6721627430733033
432,1.7385029378530445
433,1.6737014689057668
434,1.4912625630990066
435,1.5410395544975528
436,1.5024457935530096
437,1.354137796797049
438,1.5132690753944198
439,1.3857718977208757
440,1.4058865677604533
441,1.3897743241336864
442,1.3640503993767576
443,1.2013885550708605
444,1.329816114052886
445,1.400467316147796
446,1.3954422033172507
447,1.3916963848809603
448,1.6388219986286992
449,1.794834561153436
450,1.9400616760315679
451,2.2192235950107517
452,1.9444097763408446
453,2.192597282208306
454,2.4068597399068534
455,2.5592827064877404
456,2.5621018044042043
457,2.4916115817562976
458,3.1183136282972894
459,3.138032644713622
460,3.7061736482036305
461,3.7778809256869934
462,3.7827672077226864
463,4.038986619186583
464,4.353088211692577
465,4.761278396472338
466,4.33841305058714
467,4.3291549833600875
468,4.31898900798699
469,4.206817228701882
470,4.2898563333633
471,3.744788042082706
472,3.4966888576454633
473,3.44108341587947
474,3.7900181044030665
475,3.3351514244393705
476,3.265788163791517
477,3.2224431241927505
478,2.985256825775631
479,2.884860179737352
480,2.4372927469030814
481,2.5402486911639994
482,2.4037993771537516
483,2.2133396178128217
484,2.1766421287194864
485,2.224172461108572
486,2.2245949303167722
487,2.6595742556848796
488,3.008187474506831
489,3.007759152211133
490,2.824018372010904
491,2.8724390508369875
492,3.50604889428027
493,4.073465637979961
494,4.421286598241883
495,3.821114683627989
496,4.053030336419683
497,3.3599844259969096
498,3.310975760612339
499,3.277040022204457
500,3.0986812957226384
501,2.6704487494173077
502,2.691360743598857
503,3.3330437939555244
504,2.7015692824403024
505,2.6558815666996356
506,2.809107006803829
507,2.6384190198746964
508,2.694269923811681
509,2.6250338960068675
510,2.4296146385558814
511,2.151177755467869
512,2.2146387751665597
513,2.378007818089359
514,2.192793468729643
515,2.035896860699492
516,2.0010913994399018
517,1.8672380017950807
518,1.6581632805439095
519,1.7424202891423441
520,1.7491031358350524
521,1.6054870399062404
522,1.5755948808204967
523,1.6988629282775072
524,1.6176641812173154
525,1.5761895284924634
526,1.5750960021873235
527,1.54835617045391
528,1.482509865974299
529,1.4878186613096076
530,1.6219158573253494
531,1.7229604641858505
532,1.5369372529584984
533,1.8237524086290777
534,2.295466523266805
535,2.219111694108319
536,1.9223389152260597
537,2.1666618271643254
538,2.4374640187384133
539,2.401976531370569
540,2.425653741392682
541,2.433937752058876
542,2.7379838320646406
543,2.8017736754416664
544,3.158102576673799
545,3.980753314013884
546,3.9093705172328055
547,3.9445388709396036
548,3.771669752457306
549,3.74599470294342
550,4.157563995224509
551,3.999622107461541
552,3.912540019473481
553,3.4197142243358
554,3.3675499053433806
555,3.834631111167123
556,3.4369918268857966
557,3.7565294230022555
558,4.052494846676106
559,3.6880366044114345
560,3.451792561244312
561,3.445421593960569
562,3.6964716853883277
563,3.709917155218158
564,4.006155641579913
565,4.155058257302713
566,4.120557947624507
567,4.29747341895112
568,4.226973337294304
569,4.331586919558374
570,3.990985146879456
571,4.252829294751493
572,4.4454377192413
573,4.426095919232723
574,4.291412352172804
575,4.405131117296552
576,5.5089390629826545
577,4.421180573476793
578,4.413952951796343
579,4.209237458683949
580,4.426297868377203
581,4.6032066509689935
582,4.563246580699503
583,4.894919013173299
584,5.546021794915855
585,5.591334547693605
586,5.634350281307097
587,5.5855159781576695
588,5.535567845179553
589,4.450441331053989
590,4.004710474340847
591,3.9593403459446246
592,3.508383795476782
593,3.7409483680116127
594,3.472847396306102
595,3.447797700884561
596,3.423824096774511
597,3.43078447554137
598,3.3640743658821015
599,3.2927483656926486
600,2.8640489047839024
601,2.817781411883521
602,3.0778825497904836
603,2.245790844608117
604,2.2327610003121547
605,2.247715298450614
606,2.1556643584297146
607,2.254285455796282
608,2.4243617580075414
609,2.2800247785289347
610,2.2450826438321
611,2.2411800710688223
612,2.1001829167792745
613,2.143202999807273
614,2.2135619704770226
615,2.4929172144976994
616,2.4165641227958075
617,2.2271405769961885
618,2.5236748539990117
619,2.5505686441921327
620,2.3170697141228014
621,2.3931521480494373
622,2.2444113976768163
623,2.4913532499990123
624,2.4493157479076637
625,2.450428191840499
626,2.413562406871289
627,2.3991341566586812
628,2.428414410952281
629,2.7908372322332293
630,2.8503458772603096
631,2.8248312358288157
632,3.235034771928528
633,3.436233856611889
634,3.387608672900463
635,3.134289785690866
636,3.0936834475201778
637,3.249940616852065
638,2.73524359217372
639,2.8862553581085253
640,2.6986369364185143
641,2.5755235986082656
642,2.42738000067577
643,2.377264391987305
644,2.3593212724819845
645,2.198490879765286
646,2.1765079245432313
647,2.1753805191333915
648,1.9832114110045365
649,2.0358299099771786
650,2.0638997232794227
651,2.0166145004059954
652,2.045306707876849
653,2.0334579168253923
654,2.004971107848552
655,1.9641258933628065
656,1.924665009273388
657,2.2526065088981873
658,2.2373320388827747
659,2.2857457205876313
660,2.268451672008067
661,2.2020925228337123
662,2.1824136820003277
663,2.1927580068446377
664,2.151845400918502
665,2.122354795812931
666,2.146089462476558
667,2.129159687049334
668,2.1462434896963867
669,2.1485576909953705
670,2.3237601147584455
671,2.449729029855224
672,2.361902715115111
673,2.3780983221080527
674,2.4813262305127983
675,2.408608261352983
676,2.476310205493507
677,2.830617705390288
678,2.9975682071176246
679,3.4385521267150314
680,3.53373434623159
681,3.5424831192704738
682,3.5630338622064044
683,3.8143864520627733
684,4.178196081890317
685,4.181853093081891
686,4.315533884218878
687,4.7275412787697455
688,4.285229536445221
689,4.138488265574228
690,4.1232206945242025
691,3.8137324993694763
692,4.077629577366492
693,3.4162369341280865
694,3.625449005132979
695,3.3579684311368423
696,3.3489391307723713
697,3.309018391460322
698,3.1195464645651447
699,3.2843249956529044
700,2.7747180628150034
701,2.977954754920252
702,2.7283757798487405
703,2.6879158039055535
704,2.6715846028353347
705,2.5929014456199884
706,2.6288286392237454
707,2.4389291082856475
708,2.439131219327685
709,2.4186686538724143
710,2.3810857664958625
711,2.463443101882303
712,2.4026366065915683
713,2.428023101744214
714,2.4164719659838805
715,2.4086109927823056
716,2.4007816755577114
717,2.2293341543557625
718,2.017291029553057
719,2.049849018885254
720,2.2757794391286135
721,2.390404780927039
722,2.7972781069481916
723,2.9621045737409424
724,3.1473822513622767
725,3.165165711461709
726,3.785278861131664
727,3.2208654890564756
728,3.625001526774271
729,3.4829371435759136
730,3.5756882240955274
731,3.9981459784475364
732,3.568209995164981
733,4.092050394478626
734,3.631716411334218
735,3.440014907055745
736,3.437944260251939
737,3.450216076694058
738,3.4361138705958867
739,3.464316548839661
740,3.449163797894115
741,3.273318901913487
742,3.271429849061337
743,3.3399058038010443
744,3.4393580027157094
745,3.054849418939919
746,3.3429032349986607
747,3.4031027784881616
748,3.0783384862883945
749,3.377771934988537
750,3.434963094583379
751,3.4266796253881346
752,3.57545836731034
753,3.4280888325084446
754,3.300787313764193
755,3.149724474673383
756,3.609665345831417
757,2.8565259410300894
758,2.4203974791677676
759,2.4418880943919596
760,2.124286970283546
761,2.090619485719071
762,2.2141226624661936
763,2.033248255314768
764,2.0891315624258384
765,2.077507941211873
766,2.1441851325117653
767,2.197313046588005
768,2.1260540323994785
769,2.1295840492263136
770,2.2021584222252253
771,2.2119883305714936
772,2.3812018815326157
773,2.2179012902720343
774,2.418015794670191
775,2.713594135036023
776,2.4176591237603473
777,2.761293149583748
778,2.408518905007673
779,2.237089307019583
780,2.409240040876287
781,2.4099156310305188
782,2.4315141812433083
783,2.436205177088301
784,2.5243319376801643
785,2.443078335278186
786,2.1318182605076332
787,2.136323653319022
788,2.0298689652779336
789,1.9386189576882975
790,1.9475288986981187
791,1.9261730053111497
792,1.9270049596203613
793,1.9047791424377714
794,1.8855381374936757
795,1.8692182219112286
796,1.8172883578628942
797,1.8270690096075104
798,1.831751008554804
799,1.8576174597847783
800,1.944520988335689
801,1.8628728235409753
802,1.8252599554042688
803,2.304448097080003
804,2.1819189666640355
805,2.2024384604666807
806,2.3674064561099892
807,2.445863432746733
808,2.415916194163257
809,2.328991656363031
810,2.3178192582375488
811,2.431292954348766
812,2.4382992119378453
813,2.3764965866903625
814,2.329999008165578
815,1.9590628257272018
816,2.230574699993883
817,1.9246257010595043
818,1.9369761050679004
819,2.015107976115076
820,1.9608681958088143
821,2.0514196436395524
822,1.6964845377642468
823,1.839147783408882
824,1.703265258161297
825,1.6061669741177143
826,1.739410020405464
827,1.6148726501866622
828,1.6134373518877043
829,1.5569733691064322
830,1.4649260735442473
831,1.5398543687161348
832,1.4995453913730463
833,1.3386948590669507
834,1.4005893487669345
835,1.409374348476624
836,1.2687354309590586
837,1.3717070675097287
838,1.3760434102560946
839,1.191102904528671
840,1.0290621379046876
841,1.0583703575391865
842,1.117910623727074
843,0.9656857341376355
844,0.987902482979886
845,0.9949417112766589
846,0.9718320695052385
847,0.9626125032984698
848,1.015715150993924
849,1.0263959979610155
850,1.1416671421718654
851,1.3835983958054983
852,1.4680412932211366
853,1.8041021222535407
854,1.7602209352963263
855,1.7870568225266523
856,2.264604732642709
857,2.4828791011351634
858,2.5450475418711838
859,2.5607109323244184
860,2.559105164837482
861,3.01761296762106
862,3.736671885363368
863,3.9004115756538558
864,3.9884973523997855
865,4.043260371498936
866,4.35362606235529
867,4.597993400309841
868,4.690521024726304
869,5.5213799036508675
870,4.6748389607191
871,4.573466418016546
872,4.2573979724833055
873,3.885131980739928
874,3.9666093859066125
875,3.3258679612886306
876,3.317060483104195
877,3.4006649216421097
878,3.3954629574000874
879,3.827191011683456
880,3.5874271230178456
881,3.723506742116586
882,3.8171455109377073
883,4.295453482197944
884,3.5190715982318106
885,4.052392352147704
886,3.587143929002505
887,3.605481106714079
888,3.9269722168919876
889,3.6673064114262774
890,4.220547376408698
891,3.8305540208457574
892,4.514356687044826
893,3.939837809646539
894,3.977235489143162
895,3.733106794112523
896,4.526013823038271
897,4.520836690618438
898,4.441249059447635
899,5.000758291786809
900,4.551073184758818
901,5.340893778709369
902,5.601807134691961
903,5.056003080281124
904,5.559647503282667
905,4.495178184646562
906,4.4442675346105505
907,4.401579597760708
908,4.210236735140641
909,3.4862581822199417
910,3.4541846462343804
911,3.3950617066176223
912,3.3348400872320427
913,3.2414142808757895
914,3.3902487307252507
915,3.123716803945043
916,3.079940278845584
917,3.451423869182745
918,2.9029579623517128
919,2.9344795673602806
920,3.0844520470434933
921,3.2587294372847184
922,3.366316112438614
923,3.18814586227427
924,3.2438204804082185
925,3.099996697401968
926,3.1496540401536595
927,2.952571471916481
928,2.7387595671384255
929,2.9989813572684985
930,3.115864370352212
931,2.727971775340421
932,3.1706551784932393
933,2.8583939403827547
934,2.930734169618537
935,3.164641297027581
936,3.144634792805794
937,2.720541672203359
938,2.686925371912326
939,2.6793902193733428
940,2.822203141483818
941,2.420084550396745
942,2.789739719962547
943,2.713208148402913
944,2.4091266516202112
945,2.4260383739856906
946,2.6720134545518444
947,2.728783199235029
948,2.2435222263200845
949,2.396563169721634
950,2.4002879026987602
951,2.3943327279445348
952,2.387738109041947
953,2.388565216394479
954,2.386513230608644
955,2.6414214381771433
956,2.419624861001496
957,2.4033710653505183
958,2.415969128396143
959,2.562724789602493
960,2.581789143521128
961,2.7097997898002086
962,2.6968393247084737
963,2.8031229828371305
964,2.726838855664248
965,2.5579457283740417
966,2.537596370257404
967,2.4410341373236077
968,2.2534397895963583
969,2.4118486056780872
970,2.144494042511078
971,2.517963318686422
972,2.4707739015485166
973,2.6925261183513194
974,2.6755097100096807
975,2.4315403868065077
976,2.4691000444679134
977,2.1900464051835455
978,2.4395165350869608
979,2.263077157632417
980,2.073659499772209
981,1.9968284797359808
982,1.9821566086846245
983,1.8869263972644061
984,1.9632152726093761
985,1.9135728149047704
986,1.8074291317369415
987,1.8226377525294999
988,1.7153830852794991
989,1.723456133467599
990,1.5840481303244134
991,1.621144772634034
992,1.6198430601851406
993,1.5851349280559799
994,1.5529469184864733
995,1.513582367978844
996,1.5288803282977819
997,1.4954587329932827
998,1.4968545483380247
999,1.422147513041152
1000,1.3950177738279002
1001,1.4150415855250782
1002,1.381841292407107
1003,1.3317668744482962
1004,1.419346276931434
1005,1.4492560287904195
1006,1.6078044522124357
1007,1.7637652773594334
1008,2.016840572539332
1009,2.0745599078733274
1010,2.4395118797626645
1011,2.404052969807999
1012,2.329841995864379
1013,2.3012644418345154
1014,2.284927415872481
1015,2.3002236579878326
1016,2.243857312947768
1017,2.20983895609428
1018,2.0920413209345927
1019,2.0233048731956838
1020,2.0139846575537925
1021,2.010574953199194
1022,1.8554285877867767
1023,1.7626314082057484
1024,1.7612794252808668
1025,1.643853601786353
1026,1.6442028439996252
1027,1.6197535380339358
1028,1.6097154293997744
1029,1.6011995315613332
1030,1.535743507397879
1031,1.5802183813840522
1032,1.5083555428021844
1033,1.651044751634222
1034,1.678036757447696
1035,1.4490358629095115
1036,1.4533983202261067
1037,1.5007438078353117
1038,1.3719484905782937
1039,1.3679095936429506
1040,1.3978290721939486
1041,1.394895467926847
1042,1.2969384161311688
1043,1.4875150833624973
1044,1.3587845769675189
1045,1.7462098901884358
1046,1.720492372043716
1047,2.027892733759965
1048,2.14728950224241
1049,2.27171295964422
1050,2.2821947273059755
1051,2.293788360254413
1052,2.257853100222134
1053,2.3735263482161892
1054,2.635536444895209
1055,2.8300030966047034
1056,2.4191276581524486
1057,3.198969772854459
1058,3.073394382096416
1059,2.8504382478218857
1060,3.143823538425526
1061,2.751605170464232
1062,2.2095686465498785
1063,2.3688984354125804
1064,2.4294896559063295
1065,2.2054977982580435
1066,2.124124299677073
1067,2.150405877659208
1068,2.1468672494168017
1069,2.1218408693724866
1070,2.049004822265024
1071,1.8967073874415479
1072,1.9493607937452828
1073,1.8657617555532682
1074,1.7001704100672004
1075,1.696602519659822
1076,1.9144668052505094
1077,1.8458602594645412
1078,1.7116334542916793
1079,1.6814042659277322
1080,1.5980747200990106
1081,1.7428983619890568
1082,1.8238898513598532
1083,1.6529789347222896
1084,1.7633842792451209
1085,1.8544137704084829
1086,2.0660737614999385
1087,2.0914247471899885
1088,1.855246879185837
1089,1.773621305719929
1090,2.105225851645364
1091,2.3528832523544443
1092,2.2185268980525823
1093,2.1993229345223693
1094,1.9392005391261633
1095,2.0943673788247326
1096,2.1895433128478556
1097,2.145283735964062
1098,2.2225231812946373
1099,2.1927302282155026
1100,2.4200967595695952
1101,2.470396204525745
1102,2.417900622699989
1103,2.2597536655587436
1104,2.3840484542561193
1105,2.179394922317795
1106,2.164273721716398
1107,2.0580568607975325
1108,2.190370308263507
1109,2.099438465929597
1110,2.0538637211252917
1111,2.0891884974849115
1112,2.076643238475367
1113,2.2131826893962847
1114,2.19994593401557
1115,2.1323165314886743
1116,2.0868951513940495
1117,2.070805599212364
1118,2.1267303159932074
1119,2.059576310857673
1120,2.0103797770959693
1121,2.0688266742164383
1122,2.415063351514363
1123,2.139717645999561
1124,2.411806823237948
1125,2.425383720276388
1126,2.8903623835656025
1127,2.815464291257696
1128,2.9997191249776534
1129,3.032684935530644
1130,2.9999794619677775
1131,3.0342665909881856
1132,2.9054967674146854
1133,3.0140581540703817
1134,3.0140853970065495
1135,2.8381581348879186
1136,3.190199613685719
1137,2.8089242781034818
1138,3.1918369819764214
1139,3.1842797636166877
1140,3.2186923142628516
1141,2.9816862995302436
1142,2.9573938574763523
1143,2.8551418102513675
1144,2.7500834487741583
1145,2.936633410546394
1146,3.027918682841842
1147,2.8666148821139372
1148,2.4288155230063158
1149,2.704030714405063
1150,2.8057031568601944
1151,2.871272429609746
1152,3.0967241527387195
1153,3.346544587810208
1154,3.3294027002558018
1155,3.347856644050724
1156,3.4816859065986345
1157,3.290057230438552
1158,3.5469399486841313
1159,3.5325137604688712
1160,3.5686557385461826
1161,3.5500553901979806
1162,3.7273044057938893
1163,3.6032403359551597
1164,3.721143992539567
1165,3.7763162375790276
1166,3.56756378294934
1167,3.6381349194342456
1168,3.791656491008995
1169,3.58539480439793
1170,4.037836859738762
1171,3.586060538088664
1172,3.5580086615230373
1173,3.6458644717482427
1174,4.204810675576672
1175,3.640308847260816
1176,4.406016707186017
1177,4.173299765540259
1178,4.481817945008078
1179,4.541614414507653
1180,4.789275516094444
1181,5.001652985963029
1182,5.594672442237467
1183,5.594672442237467
1184,5.582507593201699
1185,5.595128851247958
1186,5.568322743836852
1187,5.568929123288733
1188,5.578222394370749
1189,5.356919641423303
1190,5.540177586427862
1191,5.528157126422586
1192,5.529764861405782
1193,5.580262071030063
1194,5.365585677360224
1195,5.487563529616133
1196,5.459884366080358
1197,5.4673489643590685
1198,5.4398962161749145
1199,5.526613573216661
1200,5.484276235400846
1201,5.52137722660812
1202,5.527970561815282
1203,5.560807356544708
1204,5.556682631677208
1205,5.614027848495669
1206,5.624069606737427
1207,5.634907949941842
1208,5.627566974613759
1209,5.199917816623061
1210,5.154295321423934
1211,5.130758790435642
1212,5.495894861009294
1213,5.153523162178624
1214,4.463055903337319
1215,4.393652290196679
1216,4.213790756241988
1217,4.296173787248105
1218,3.64216107176281
1219,4.235805370165196
1220,4.199879805627574
1221,4.240574773282152
1222,3.451056878277685
1223,3.2001227414650493
1224,3.248614939877822
1225,3.204902622273172
1226,3.3413453370356465
1227,3.3484160118689994
1228,3.3098583574360427
1229,3.1313869711681357
1230,3.194779258207311
1231,3.256147220894354
1232,3.082384747843651
1233,3.30574710241356
1234,3.0147250343005196
1235,3.138757385934975
1236,3.5361378632472875
1237,2.8943535651965657
1238,3.419215124042707
1239,2.9555442421276283
1240,3.470772153976949
1241,3.6852932459498526
1242,3.185550359057702
1243,3.113482456327144
1244,3.64770623199237
1245,4.306323856699675
1246,4.595510946423961
1247,5.379069188234416
1248,5.40450254962689
1249,5.407789582366407
1250,5.42089298478888
1251,5.43519020918651
1252,5.475865470747116
1253,5.520452248613246
1254,5.501376844421571
1255,5.158510966410131
1256,5.134901729839722
1257,4.352660522017535
1258,4.179855436774431
1259,4.139145324090035
1260,3.3774778145753093
1261,3.9517910492118267
1262,4.246939621849649
1263,3.2392759973014966
1264,3.7642268330741726
1265,3.253279548240515
1266,3.508636796221952
1267,3.3245734258728428
1268,3.2003340242190146
1269,3.0982859460387964
1270,3.0918282429463937
1271,2.9817366580036375
1272,2.725928312684635
1273,2.7678259527118607
1274,3.0570335768522274
1275,2.794567548100107
1276,3.4861263360692316
1277,3.9753462626614544
1278,4.172079481276679
1279,4.334583004275415
1280,4.714858559209539
1281,5.318019226428082
1282,5.361215668630181
1283,5.123420892924957
1284,5.250839999861295
1285,4.978210770470423
1286,4.829618295551435
1287,4.9475712358514725
1288,4.9475712358514725
1289,4.9475712358514725
1290,4.938554727914964
1291,3.8518041420474085
1292,4.398073239568463
1293,4.366880281712457
1294,4.507508452245806
1295,4.091525374777199
1296,3.520854186397199
1297,3.521266552530359
1298,3.6493022225906464
1299,3.6057135308361965
1300,3.6583033703320496
1301,3.665083417136904
1302,3.472628625223538
1303,3.1063104596360316
1304,2.912534924560957
1305,3.2763972216383634
1306,3.0221681056946337
1307,3.1176879852695074
1308,3.525926011059689
1309,3.2139685338930177
1310,3.360464654532844
1311,3.3918640490311462
1312,4.241651137658139
1313,5.441577418650896
1314,5.447539822894473
1315,5.50902989901056
1316,5.516458601260691
1317,5.57350640619344
1318,4.999511227776722
1319,4.4702871108854865
1320,5.2856371338255315
1321,5.225936418830537
1322,4.181639427107777
1323,3.853202773663448
1324,3.604774613740913
1325,3.2613602192102387
1326,3.2936786917450895
1327,2.8746882047311484
1328,3.11412928377685
1329,3.157009105455822
1330,3.2691201674811956
1331,3.9399611508321604
1332,3.9174254531718953
1333,3.156528686177082
1334,3.69089577858728
1335,3.7569002398621074
1336,3.652186600718346
1337,3.905483306657135
1338,3.878799794705984
1339,3.680835293449905
1340,3.22760306498648
1341,3.153153317481658
1342,3.1244685400426384
1343,2.9538635274593723
1344,2.9535154716136023
1345,2.8109631957545793
1346,2.7365703915830286
1347,2.7071569033008145
1348,2.548234096277436
1349,2.2583067031806765
1350,2.2244984932466676
1351,2.259126920077127
1352,2.2677829196314265
1353,2.4042539427338583
1354,2.834346434999199
1355,2.944978334016477
1356,2.923574828626578
1357,3.161945032657236
1358,2.8705734068208253
1359,3.3038126793207243
1360,3.2034562405374287
1361,3.846467570943099
1362,3.9517284621100304
1363,3.9576741748338473
1364,3.9844473207032194
1365,4.0513647648829005
1366,4.522287081105593
1367,4.685493545498713
1368,4.916762303345068
1369,5.515547787321504
1370,5.4810812954174155
1371,5.4810812954174155
1372,5.4810812954174155
1373,5.455436369781716
1374,5.478496398950352
1375,5.524982384974382
1376,5.5190741864670585
1377,5.582338080204831
1378,5.56151895192373
1379,5.56151895192373
1380,5.582338080204831
1381,5.555672944597722
1382,5.321346328371473
1383,5.566096139220045
1384,5.617919843962474
1385,5.62545221246543
1386,5.607878085720716
1387,5.576115726020443
1388,5.562706769104343
1389,5.55529659773934
1390,5.55529659773934
1391,5.5469473753161935
1392,5.449423732941577
1393,4.5649984631931195
1394,5.430665977937794
1395,4.593504896918124
1396,4.596156485925233
1397,4.545756351665174
1398,4.520205966324279
1399,4.438315258713911
1400,3.931580301651281
1401,4.302553188074688
1402,3.634023327423737
1403,4.0378531412336285
1404,3.740680537909582
1405,3.3791137031956793
1406,3.358427795304059
1407,3.4180669401216983
1408,3.2532051100231767
1409,3.357188275618635
1410,3.3820391615212904
1411,3.4327246939105307
1412,3.0738217062624047
1413,3.439736558733036
1414,3.228739512948552
1415,3.2744445964304774
1416,3.13532705381
1417,2.9879983735189786
1418,3.081457124404319
1419,2.8035529551879894
1420,2.8824744899762984
1421,3.375738500488894
1422,2.9364895065177126
1423,2.83597967636766
1424,3.0084628727248632
1425,2.743153120916049
1426,2.6679651796698933
1427,2.8087530456641168
1428,2.4130923886617905
1429,2.3712606496403605
1430,2.7676625387417495
1431,2.9973082267752726
1432,3.3799207794840673
1433,4.157148860812189
1434,3.4682555833754787
1435,4.332345565995442
1436,4.12121769192119
1437,3.330450756622253
1438,3.2958585696780704
1439,3.3834127704985
1440,3.264984713102768
1441,2.803467712923437
1442,2.4790370807034847
1443,2.747284582031683
1444,2.7077304205614765
1445,2.429897516745717
1446,2.731901188308124
1447,3.0696035771926518
1448,3.383109557958547
1449,3.6421641753676366
1450,4.244612711513691
1451,4.3375115938060045
1452,4.464038433979397
1453,4.43602656509967
1454,4.384186173294354
1455,4.0125432158459375
1456,3.4480950218683732
1457,4.0577824289482285
1458,4.281458530124858
1459,4.357453598185221
1460,4.054422903976187
1461,4.131861421614048
1462,4.27395747813323
1463,4.3356739374196644
1464,4.375563131480315
1465,4.351157516665774
1466,3.7718408824931076
1467,3.93324666954151
1468,3.355607921747463
1469,3.2685329832517067
1470,3.1506489115120186
1471,3.3485697903001768
1472,3.3844311456032066
1473,3.5107331660934076
1474,3.5072153068856906
1475,3.215430573103203
1476,3.3599731024068737
1477,3.5545618304740825
1478,3.1772647495240443
1479,3.2695867891134287
1480,3.005214282145097
1481,3.1290297215119693
1482,3.1035673222955187
1483,3.4287377020016963
1484,2.7778055484472883
1485,3.0689464923375294
1486,2.7299145064387487
1487,2.6497982249512675
1488,2.6338823071826707
1489,2.647930681258328
1490,2.4393619207024724
1491,2.4769022118014643
1492,2.548492260797741
1493,2.6199073084075066
1494,2.259763449254248
1495,2.4029770108733315
1496,2.1917807539341725
1497,2.161617514982152
1498,2.0563007846375703
1499,2.0600392620688437
1500,1.8668651975207156
1501,1.6958445349558102
1502,1.8686354691744969
1503,2.2871754470728822
1504,2.28281837133534
1505,2.2915508749424616
1506,2.4870283758939604
1507,2.528393314159523
1508,2.5409762188276734
1509,2.9912985954430957
1510,3.2803118484271403
1511,3.0409386917045813
1512,3.4984986642465947
1513,3.952276958600659
1514,4.053914645587071
1515,4.172712049183469
1516,4.507588930067005
1517,4.696883236822492
1518,4.739829576561753
1519,4.75666574487134
1520,4.699608951108207
1521,4.7556419701553985
1522,4.749616570492429
1523,4.997892385001014
1524,5.466886065668262
1525,4.421209780762024
1526,4.743016710829479
1527,4.214157415905507
1528,4.292095212805127
1529,4.175517930711628
1530,4.309707424751645
1531,4.163079956923174
1532,4.20799691934456
1533,4.307367287126378
1534,3.9055609375324853
1535,4.2909902530427
1536,3.939746208315238
1537,3.656996724494225
1538,3.121714661499453
1539,3.1343728642873323
1540,2.7971256706132017
1541,2.8656783121363665
1542,2.521879928254295
1543,2.4308699932329225
1544,2.4293123620474333
1545,2.2474020163948367
1546,2.1838867203611083
1547,2.4352331271600876
1548,2.437187079018488
1549,2.694787838587231
1550,2.691014501765605
1551,2.5814535378942858
1552,2.2464198845352703
1553,2.431824398407155
1554,2.1082707254942026
1555,2.0629671021618026
1556,2.059082406753325
1557,1.9975558695427982
1558,1.9805165384329078
1559,1.9401020654610888
1560,1.8642192601655632
1561,1.86909430617801
1562,1.8898714793336733
1563,1.9381082861531842
1564,1.9350902272531914
1565,1.8904232067067614
1566,1.877198251058162
1567,1.8882176595979712
1568,1.828340051562721
1569,1.8223777851297267
1570,1.8901453491890081
1571,1.9364283239500029
1572,1.9740656475563871
1573,1.9131761285107514
1574,1.9916111917442154
1575,1.995143574170866
1576,1.99510870685345
1577,1.8911369696756162
1578,1.8911704029329752
1579,2.0477817782365597
1580,2.0156112672513404
1581,2.01448298641211
1582,2.098661546798822
1583,2.0201889085790157
1584,1.9938637781343058
1585,1.9870473221032425
1586,1.880611787546991
1587,1.909881702910794
1588,2.0841868404311406
1589,2.2229325208039645
1590,2.0821025697987663
1591,2.0894110299138404
1592,2.0038271337232745
1593,2.095506010987978
1594,2.056981464714425
1595,2.2014082439163802
1596,2.2216480237916727
1597,2.348288851569554
1598,2.357906387718536
1599,2.3584076953337965
1600,2.3705819399152865
1601,2.3970935619740388
1602,2.3951879226876716
1603,2.777982192638765
1604,2.8348339862886176
1605,2.812017509837773
1606,2.755754856448272
1607,2.8134048157094425
1608,2.957559747942481
1609,2.7196889687036196
1610,2.90375308223591
1611,2.8954712881161173
1612,2.9144764734792
1613,2.9110450005877646
1614,2.909524169913202
1615,3.0100342161035116
1616,3.0675841526123127
1617,3.0616106051109555
1618,3.530811788013236
1619,3.524028702096769
1620,4.023810641634107
1621,4.416647686560281
1622,5.498043684905087
1623,5.515520959636282
1624,4.849133109454229
1625,4.352672655698204
1626,4.282514957244522
1627,4.347817031867645
1628,4.308289936594756
1629,4.332164948805337
1630,4.385235558957394
1631,4.196692346809143
1632,3.866380739779117
1633,3.824551319681011
1634,3.452523139625711
1635,3.195382309899245
1636,2.8969861319300407
1637,2.6252908220485462
1638,2.4589624399356693
1639,2.447128711093721
1640,2.2340494861280966
1641,2.4179641290713794
1642,2.260935581425911
1643,2.2469778880898237
1644,2.1262955370695114
1645,2.455316629198695
1646,2.6188918422121894
1647,2.748757463803486
1648,2.760724526703802
1649,3.2926258745488415
1650,3.4361768596221056
1651,3.4566907450431117
1652,3.5183737931669508
1653,3.5887005236120837
1654,3.727447611123048
1655,3.7258205892658545
1656,3.809503533895015
1657,3.6651362871879303
1658,3.367116519551407
1659,3.7045072332401756
1660,3.8849524573156544
1661,4.182673180880791
1662,4.14968393393995
1663,4.145017458417087
1664,4.524816742152703
1665,4.530149885953931
1666,4.495731972414509
1667,4.209762148341505
1668,3.9570306528939665
1669,4.137190629811291
1670,4.180402463666202
1671,3.394898831347902
1672,3.322874043315953
1673,3.2630285151450478
1674,2.8781652897721672
1675,3.0448403068508987
1676,3.046416609550999
1677,2.9938133100595774
1678,2.6388798754393523
1679,2.5987766041315923
1680,2.507693464400979
1681,2.467118778610555
1682,2.422289911937693
1683,2.161346703461273
1684,2.4040340930249773
1685,2.151027932270399
1686,2.3945323598140793
1687,2.1531852459540213
1688,2.1204057177543456
1689,1.9341755746987075
1690,2.037239598139811
1691,1.833551617969364
1692,1.9903609016679913
1693,1.873617094827179
1694,1.8371699110552064
1695,1.899540634150383
1696,2.0634067245067564
1697,1.941418354333851
1698,1.8236934147639772
1699,1.8086754512301606
1700,1.8056298483892552
1701,1.795302075880188
1702,1.6754744536799937
1703,1.7688146188516347
1704,1.6110631473069386
1705,1.574810335767431
1706,1.5935332532697892
1707,1.564117767338462
1708,1.5963244476662326
1709,1.4309650917050216
1710,1.5019735695265632
1711,1.3947386447589618
1712,1.441630381695111
1713,1.452946810946172
1714,1.5888178551593402
1715,2.096529754415042
1716,2.8297331968435087
1717,3.8752250438414477
1718,3.3775025692862757
1719,3.289321335791409
1720,3.333485453274316
1721,3.278152038890053
1722,3.021864756310812
1723,2.7486762420723894
1724,2.776523745912082
1725,2.4908419033068245
1726,2.432824178166164
1727,2.2741435767431946
1728,2.461901186261595
1729,2.2710990685589767
1730,2.154796947317749
1731,2.0864558231049415
1732,2.216696937725185
1733,2.1290410668714412
1734,2.3329642035568465
1735,2.4961484664737443
1736,2.4945146870131194
1737,2.6928207778852005
1738,3.1112832393037197
1739,3.6157842003541183
1740,3.9092053903200026
1741,3.947969691540569
1742,4.462453222844326
1743,4.5646549561213074
1744,4.672329978195252
1745,4.735789051065519
1746,4.688983753853771
