,0
0,1.4225763333403638
1,1.338721328942703
2,1.1774215884599766
3,1.221882628871901
4,1.0802153216237906
5,1.1896949920236988
6,1.1217151039699473
7,1.1525064571572947
8,1.229858944152146
9,1.2260357935303363
10,1.3210663259012874
11,1.2956196125947006
12,1.277534827803358
13,1.3162311677029657
14,1.432455374780446
15,1.5620277469026722
16,1.5411507650460554
17,1.4036281735048204
18,1.6111400852661961
19,1.637115531923852
20,1.6577781604743196
21,1.423158532513705
22,1.568629624638912
23,1.3740224245364412
24,1.5222414202703214
25,1.602024869692186
26,1.4259406425281238
27,1.548305361049148
28,1.2301167435485532
29,1.2000084191369595
30,1.2210905230357907
31,1.1997070090912285
32,1.1572222095548357
33,1.2214228835652208
34,1.2647773475252337
35,1.1296159906010788
36,1.0874564319642166
37,1.180100456591923
38,1.0368531057690797
39,1.0123792500450552
40,1.012320855614617
41,1.0318627392689157
42,1.062759328752043
43,1.0461822793812616
44,1.0362493503489196
45,1.0500805441278438
46,1.1443324525209881
47,1.1026553793146716
48,1.151032515241148
49,1.2083114470236729
50,1.272718997758218
51,1.3050399732323374
52,1.385763701932686
53,1.4909014921258246
54,1.433880923000587
55,1.6434301366602755
56,1.4038526066295411
57,1.6528644182416448
58,1.8645564936616958
59,1.7137984162457958
60,1.6148739816243052
61,1.8215370455756257
62,1.9537792226540482
63,2.3283094917674894
64,2.31835905350569
65,2.7449035875520815
66,2.70669376612351
67,3.936333997590711
68,4.109724891782837
69,4.798192434466448
70,5.242899689785049
71,5.212522651189655
72,5.27590288438014
73,5.356408388839448
74,5.290684656955391
75,4.33335966788534
76,4.36314482413534
77,4.886389793118916
78,4.8868078786339435
79,4.920961015741969
80,5.051077794883818
81,4.9302806069537795
82,4.6760313638164295
83,4.6400741202454565
84,4.680907447344625
85,4.47558240031196
86,4.408172199162535
87,4.337747593914654
88,4.328887865679925
89,4.4240365399223505
90,4.327197616382439
91,4.4154255003644
92,4.22106869175947
93,4.137292176607955
94,4.176610358426137
95,4.137292176607955
96,4.176610358426137
97,4.11841244175947
98,4.176610358426137
99,4.11841244175947
100,4.11841244175947
101,4.012595753317934
102,3.899802365938038
103,3.9189656861732383
104,3.576391985931208
105,3.5144041387089855
106,3.5144041387089855
107,3.4296252992076663
108,3.3152277995259753
109,3.2337357811277068
110,2.911612876249145
111,3.0488673818690195
112,3.220449108016321
113,3.2758241012522515
114,3.0052521453723986
115,3.0450607771359395
116,3.0361393289847873
117,3.1740122642783524
118,3.138783235949958
119,2.9513030909269253
120,2.905029584215115
121,2.93286630394521
122,2.9000033099081928
123,2.968133948167135
124,2.9450018318672875
125,2.735225415995757
126,2.8732562327057574
127,2.8268181268813364
128,2.6916021513435724
129,2.7674338999692627
130,2.695087658772754
131,2.7935470187516542
132,2.53421229887982
133,2.43340297427961
134,1.7257967501733074
135,1.742579697046798
136,1.5907980958495815
137,1.5316607787545415
138,1.4852363039238166
139,1.500017022291706
140,1.5279859825567843
141,1.5322013924092928
142,1.550421411498764
143,1.6384204121831054
144,1.512383496538877
145,1.5849693815492476
146,1.4932093604951882
147,1.5827641827679726
148,1.6799516948787603
149,1.7891342163260517
150,1.886138108755683
151,1.9112287146672193
152,2.1415759317825636
153,2.1869470689135158
154,2.3188348464347253
155,2.604086236082766
156,2.8259013099822528
157,2.7541229217380367
158,2.9373771430780478
159,3.1996110835402356
160,3.734659729845779
161,3.9453797643876856
162,4.1488236791497295
163,4.542248398422205
164,4.542248398422205
165,4.344083499665727
166,4.503880805922974
167,4.533933210785554
168,4.711071928082065
169,4.7296688706458845
170,4.652209437682508
171,4.819836846638233
172,4.679416796861651
173,4.708985094584321
174,4.890993657998958
175,4.912857853495554
176,4.699775806447751
177,4.508773999697382
178,4.405303377577567
179,4.405303377577567
180,4.221878642720872
181,3.8961680344796186
182,3.8427027162049696
183,3.82084334120497
184,3.7223476690781845
185,3.7223476690781845
186,3.4765044805546834
187,3.480063192675895
188,3.441323081569204
189,3.4582211102088127
190,3.4306111831734825
191,3.44456138798659
192,3.42673271095126
193,3.42673271095126
194,3.42673271095126
195,3.4332636234338083
196,3.55431093478259
197,3.477213209807879
198,3.496730174999128
199,3.48300111688404
200,3.460755243259638
201,3.4588694207488158
202,3.3948655888900787
203,3.3105772741955137
204,3.0291970894845894
205,3.3713608142529514
206,3.1209122389942907
207,2.8640242443704786
208,2.9674122375251537
209,2.8005305775045732
210,2.907825286626727
211,2.8518518118892566
212,2.998066535723078
213,3.127835479042186
214,3.2733673679664634
215,3.0517737037121355
216,3.0557089759927325
217,2.8998260602286683
218,2.7948321785666703
219,2.9099664359307167
220,2.6179650403122015
221,2.9531263260964664
222,2.9916256568166593
223,2.6112760701633433
224,3.151186386993507
225,3.0168073325685527
226,2.6992429662323882
227,2.9009139364103347
228,2.5891770153688896
229,2.573150595210699
230,2.6592409506338583
231,2.6191079902102974
232,2.6823112812488583
233,2.626113030611078
234,2.524630028221154
235,2.59423381297307
236,2.5941176020368157
237,2.5673712905872614
238,2.5092066311790333
239,2.5408594035339425
240,2.1819833304244645
241,2.1738588292785033
242,2.143818842378571
243,1.9748548170464821
244,1.8156206078862844
245,1.7992227656804851
246,1.7253682491570286
247,1.7380103377630862
248,1.6762518057239124
249,1.7258917726390808
250,1.6382620204353833
251,1.5455716270414714
252,1.4843531764753697
253,1.520837267242385
254,1.4985339891798675
255,1.4159046505212238
256,1.3888109686796357
257,1.2340026834635538
258,1.2555377920711919
259,1.329381060961824
260,1.5305594066929327
261,1.6549090248716705
262,1.892676986774303
263,1.7101230363181124
264,1.5720910537726436
265,1.5802952316702177
266,1.9678924348449585
267,2.0915260715663204
268,2.0915260715663204
269,2.225392707534519
270,2.405733771122295
271,2.4953708773471726
272,2.8715913032446507
273,3.008785650268661
274,3.028255259972425
275,3.367144821719077
276,3.1723822093546943
277,2.7047208649381
278,2.5158666938569016
279,2.5737067773680096
280,2.619984821232512
281,2.656677222643663
282,2.5794007224010858
283,2.5531472549104857
284,2.4968016708190297
285,2.7143723703699645
286,2.4611589442910855
287,2.5186108575657435
288,2.57936502725851
289,2.4821132877308734
290,2.5184034610652923
291,2.278492778095979
292,2.0723593039198724
293,1.9938206516029333
294,2.049899798121923
295,2.1073547402118593
296,2.409852185500658
297,2.057396262157959
298,2.31766716877197
299,2.1137882694936887
300,2.1448346134399006
301,2.15759236161839
302,2.1708827660266037
303,2.218185532066852
304,2.0844322414752767
305,2.0822006446413037
306,2.023866751871487
307,1.8460435540498668
308,1.8142353655202554
309,1.8503900626634
310,1.9044354202982925
311,1.855600653351534
312,1.8760289984489007
313,1.7946993469250632
314,1.5578680454133644
315,1.6034609886024496
316,1.5115119776472017
317,1.5265736641820378
318,1.594925789265007
319,1.5866639412468924
320,1.6030748133761048
321,1.5677108100126034
322,1.6680972182944829
323,1.6434445332632572
324,1.7263707090938207
325,1.5074698565704974
326,2.071145432468576
327,2.030228187098205
328,2.007222409401947
329,2.0685295722074653
330,2.202346898598913
331,2.1898413200389863
332,2.020243363058832
333,2.004517124020093
334,1.9975445234969338
335,1.8923242328523802
336,1.9059166233633584
337,1.8138434316421008
338,1.676776028635959
339,1.7194940983332287
340,1.7600628062568444
341,2.2152254619368814
342,2.0593228617808874
343,2.0117651855202108
344,1.8571111253396633
345,2.2736508175016255
346,2.361290685383341
347,1.8109417199098838
348,1.8936453830102014
349,1.9226243433858679
350,1.9094367774045145
351,1.7940452227669696
352,1.6077531089743122
353,1.6113211569559724
354,1.5492743973975203
355,1.5514327030798267
356,1.6728291626577123
357,1.6214231998368627
358,1.6073898747964084
359,1.5829019620468037
360,1.6179987105531408
361,1.6862495108338857
362,1.762217174242285
363,1.771961498716835
364,1.7429225381357607
365,1.7637747628080538
366,1.690368416482815
367,1.7593032563003024
368,1.7497480278420101
369,1.7738708758608925
370,1.7282946186345631
371,1.7082427626044174
372,1.7134680627045151
373,1.701378167807903
374,1.8217728740894432
375,2.032898386513504
376,2.091707581004125
377,1.968439293886977
378,2.064703822048619
379,2.148369147997521
380,2.049593652982632
381,2.228287804147941
382,2.214324723979518
383,2.3117509800817175
384,2.2904172705391264
385,2.3430489996675594
386,2.3105605918828154
387,2.2344321408173857
388,2.304111875083444
389,2.296205385481044
390,2.407041591076843
391,2.566760542921704
392,2.9011096614800693
393,2.88843130034389
394,2.9264417879543334
395,2.9848172663917967
396,3.3461604699321494
397,3.1601803160403437
398,3.341825116062225
399,3.247505797407942
400,3.1499723134646063
401,3.0281748037840064
402,2.9928192047630566
403,2.927695659486816
404,2.9759155442566003
405,2.8617678144423304
406,2.893320277035237
407,3.0504528704054565
408,3.0154143538279086
409,3.007556157936534
410,3.1654903368960756
411,3.0530539054707315
412,2.9718569995926645
413,2.9734260243179396
414,2.9335972730820132
415,3.667521784457384
416,2.965843261677173
417,2.9229517072293967
418,2.6961537463718828
419,2.7149907951740566
420,3.2300119519163513
421,2.9626950716124516
422,2.8488493071236927
423,3.038727698216629
424,2.787831165597723
425,2.7213122360720754
426,2.580044527319851
427,2.71573006493162
428,2.650554659067454
429,2.6821560135060465
430,2.4748856902878518
431,2.4361381301943137
432,2.453345791643673
433,2.4115478186372896
434,2.394177196374204
435,2.2659055378546795
436,2.162415451338981
437,2.1344399872735678
438,2.078755696630604
439,2.0337181645164786
440,2.038380813616954
441,1.986918344655552
442,1.9240684303731468
443,2.1377055246323713
444,1.9307030977068547
445,1.9280570087239108
446,1.8535654878957333
447,1.847411097623903
448,1.9235922637229914
449,1.8644497090646668
450,1.562727253111843
451,1.5698097743343562
452,1.9124815397066128
453,1.528563840717145
454,1.6703641282553414
455,1.5854693569527818
456,1.8529628628095791
457,1.7705329098841822
458,1.8610839346500898
459,1.829501847793659
460,1.7825498907452328
461,1.5315207380782956
462,1.5216377031088852
463,1.5011136164500978
464,1.5249027912504547
465,1.5066934459449695
466,1.340724175195754
467,1.3118060540936611
468,1.4190898254609534
469,1.360262570563421
470,1.3622073663436531
471,1.3234995598710797
472,1.4359800354312153
473,1.3773962789522147
474,1.3316930881362967
475,1.2389220071340392
476,1.2944837699959209
477,1.207226979073555
478,1.1695771316252765
479,1.18434221840653
480,1.1388566829229223
481,1.1195314965918526
482,1.1199724949146126
483,1.115458576659174
484,1.1721602664449102
485,1.1510442638091447
486,1.4669062445646377
487,1.2663253465618554
488,1.3826903999980655
489,1.3696455570532653
490,1.4215547520177292
491,1.4336262921963006
492,1.3822017799560193
493,1.6334562435538107
494,1.595030543327874
495,1.6543530162901237
496,1.6824247765501352
497,1.7071686720194579
498,1.6746861734360263
499,1.6926933943080889
500,1.5572197265365773
501,1.7487604662443645
502,1.6942204659176319
503,1.7268697564448796
504,1.6714517274582046
505,1.6406485354641123
506,1.8128646441201144
507,1.8712027776058575
508,2.3592453383031264
509,2.486023819641239
510,2.3394955679554545
511,2.4733545754437842
512,2.1440200806723393
513,2.1295701527741913
514,2.2992136478826923
515,2.2347856061740528
516,2.1670145550232904
517,2.222613345394459
518,2.234842050101479
519,2.2167461175483263
520,2.195894007303782
521,2.441701326273378
522,2.3815809408981314
523,2.580547619162051
524,2.554658706945512
525,3.037612777507677
526,3.2060464400630257
527,3.60674597144134
528,3.5214233063982494
529,4.385562972574241
530,3.8704415099466662
531,3.8652721308019475
532,4.648952414279049
533,5.25884092628856
534,5.151407669743994
535,4.462408473924047
536,4.905906009483503
537,5.3857178153477765
538,5.346305205698653
539,5.526704317784294
540,5.158151919014291
541,5.0813177233340845
542,4.9669788475923795
543,4.772277507045568
544,4.805097111024109
545,4.748768248267758
546,4.9665922076531235
547,4.598920792462171
548,4.596885823996595
549,4.7340380414307
550,4.533783873454921
551,4.514003713779185
552,4.068612664417716
553,4.301544359749535
554,4.157952072955871
555,3.97458632141713
556,4.109230738362468
557,3.740998242774216
558,3.147371349711038
559,2.973156538583083
560,2.734838028244201
561,2.7377204639530257
562,2.7370548840321103
563,2.761624557414284
564,2.636013205802932
565,2.741408325942285
566,2.7840625881310888
567,2.7919487193395236
568,2.8331911473645692
569,2.745868199762103
570,3.0300182398113282
571,3.018253665552771
572,2.794628092940893
573,3.0047734764087948
574,2.98418989520931
575,2.9707484439580023
576,3.187690822147539
577,2.9867888591950718
578,2.8896202237045796
579,2.509740322229532
580,2.369689902097306
581,2.4232896843212144
582,2.4620032571113435
583,2.4278838464560755
584,2.625399469782336
585,2.9604515021930475
586,4.031589594007287
587,3.9868244044749304
588,4.175886381472273
589,4.255240039482761
590,4.2186820329239465
591,4.439416180583669
592,4.396380380775241
593,4.239281670503127
594,3.968164022751884
595,4.157727061072013
596,3.7879480293767416
597,3.6266823886330775
598,3.5262645512618396
599,3.531961804625977
600,3.545707059721897
601,3.0258540551232365
602,3.160999500644782
603,2.9733479329985544
604,2.993671119061772
605,2.8315357582887337
606,2.874215833313776
607,2.7452911430449065
608,2.949083867597366
609,3.4484035766317014
610,3.520234418583867
611,3.0147498760484877
612,2.579207137132498
613,2.6534458599559696
614,2.5964862326406384
615,2.761559965933395
616,2.7180794455471124
617,2.894069891443628
618,3.209294772149105
619,3.143431087569796
620,3.00904884757174
621,2.833740466179674
622,2.9421855119875104
623,2.7166533532588644
624,2.7342464296061197
625,2.6146900618558275
626,2.5813518374100157
627,2.743526537881932
628,2.8852980869796108
629,3.183299791020886
630,3.2700804968944697
631,2.910292474899507
632,2.9052858810981936
633,2.6711617327965778
634,2.886412781112705
635,2.8859133151990375
636,2.807759439611428
637,2.778508715751846
638,3.109561070378071
639,3.0294878106797394
640,3.4589408328830236
641,3.5894271291750393
642,3.2386423304699745
643,3.3322042796821787
644,3.372416509934007
645,3.164823952460749
646,2.8752694567247237
647,2.9607887402156017
648,2.617519087123868
649,2.534513783904518
650,2.408945701701438
651,2.3848206297752084
652,1.9108093278037084
653,2.161541774455493
654,2.133198845686737
655,1.8509839675943949
656,1.8410969321749842
657,1.88654608592288
658,1.919099296617002
659,1.8550620071669819
660,1.5941129965576049
661,1.7963225866655557
662,1.809580978810896
663,1.7777440227390129
664,1.7101242365179437
665,1.623325699290618
666,1.5300546916642572
667,2.038120566554
668,1.7072821772375388
669,1.7977749242115804
670,1.6867791833942427
671,1.59062211128964
672,1.5766602447948916
673,1.5527967834610303
674,1.5823314914789508
675,1.6297670034963858
676,1.6495065753360076
677,1.7105662827171781
678,1.6835229866007486
679,1.7186635388072313
680,1.7020406372517547
681,1.71658679748452
682,1.608734246980845
683,1.7811391829594667
684,1.9603802701361872
685,1.8410749594672322
686,2.2245577889621453
687,1.8367109462391766
688,2.119640270627367
689,2.0692792887214027
690,1.9980017111558819
691,2.081019582809259
692,2.4814283576185083
693,2.217900482562156
694,2.0864267647331483
695,1.9643520616264554
696,1.9490225852056628
697,2.235050010807143
698,2.1421575052778525
699,2.1641936394502306
700,2.093499471161411
701,2.138965150054278
702,2.0213710923765085
703,1.9987743238703546
704,1.9406960688322166
705,2.33677654050257
706,1.8115369559846548
707,1.7853613450721213
708,1.8356130224866838
709,1.7900581589182711
710,1.8641231412410126
711,1.9990749032348452
712,2.161357772856742
713,2.2620918150216474
714,2.19427929198218
715,2.0262411755915313
716,2.0114708367131646
717,1.7561708197306602
718,1.878812034519348
719,1.8317758314140205
720,2.2045662582532812
721,2.1128140086663323
722,2.066174916672401
723,2.0816450741405537
724,2.2990451005142636
725,2.3796713265851905
726,2.8567645372853576
727,3.010850223966386
728,3.1192891109163474
729,2.9908880336533974
730,2.8679375349340654
731,2.996186805191668
732,3.123073113560613
733,3.2873743428565922
734,3.762526175302972
735,3.1737885991901766
736,3.058253566302566
737,3.18881916890262
738,3.081407277396481
739,3.1802365364103267
740,3.1989138246855586
741,3.262215567247137
742,3.2748477836129823
743,3.3409404124731816
744,3.643694501327447
745,3.919715708087472
746,3.896234000983921
747,4.011543963590758
748,4.033915159974403
749,4.003585011158194
750,4.187696546296475
751,4.194880258277834
752,3.9897297904446827
753,3.8971967186993113
754,3.7987662032896057
755,3.780239883958745
756,3.507583994477314
757,3.86858085141663
758,3.6083760648794736
759,3.689074518443789
760,3.47985966570251
761,3.560550792128618
762,3.523007848112767
763,3.8344288596112417
764,3.5199960301168036
765,3.303200021678965
766,3.206858761457142
767,3.6308944778626837
768,3.3559873045588846
769,3.4283113197728845
770,3.5008391146210722
771,3.244704601933766
772,3.242172896156132
773,3.3968308616187906
774,3.4367060246228873
775,3.8425089810485806
776,3.822500157421259
777,3.238872584259083
778,2.961010930151065
779,2.7937909451480243
780,2.8814264669845153
781,3.202237863593966
782,3.151248671515716
783,3.1833383866827263
784,3.430437803258518
785,2.961803092405114
786,3.558254494489294
787,3.3486690257110188
788,3.228113621844675
789,4.188180092697162
790,3.1679368572225406
791,3.2912314920773884
792,3.0344173951389473
793,3.169287694648279
794,3.306104949529722
795,3.6235000820590417
796,3.490165979662779
797,3.4191280003978815
798,3.577842130787825
799,3.5482236638350533
800,3.6204334057958465
801,4.026718777332154
802,4.0793052479869765
803,4.071265391149069
804,4.211806340333564
805,4.231662452498764
806,3.8634348521737323
807,3.788286230799895
808,3.9197757429742768
809,3.7254269767953696
810,3.706201946126526
811,3.7816571748846957
812,3.611644094424017
813,3.52708757661192
814,3.602499466140117
815,3.1955954205902564
816,2.831259765411233
817,2.843527837432629
818,2.742655402793754
819,2.6914685591122662
820,2.8453443839727433
821,2.69097446529004
822,2.800425599237397
823,2.6501598088782017
824,2.7458164051156526
825,2.214379028468348
826,2.2208235881949636
827,2.598271894656294
828,3.0166158456694467
829,3.0406242913266603
830,2.911358919635512
831,2.9889958628952313
832,2.6438448363726654
833,2.6084022234300526
834,2.4106782905713113
835,2.9426117193725627
836,2.7675837178250053
837,2.603158286840287
838,2.769825482467892
839,2.946464466561477
840,3.0620163541180117
841,2.843747078183745
842,3.174581610712927
843,2.991565796347323
844,2.8196973462410995
845,3.089978189819995
846,3.19311343702191
847,3.1473804186294347
848,3.6226351328203887
849,3.6892574000064298
850,3.025053463574815
851,2.969638316136622
852,3.2946408625746817
853,3.3760867403693657
854,3.089632878900616
855,2.8174048977981783
856,2.851679646107878
857,3.517933836361577
858,3.7894756534436156
859,3.5264824483631263
860,3.609412591137019
861,3.705268850859602
862,3.42084714082259
863,3.2490269063828876
864,3.0407724830857012
865,3.341455934023677
866,3.88343060141969
867,3.6799685536258466
868,3.287313562282495
869,3.4860441528870756
870,3.560245792957162
871,3.499805382480582
872,3.2257850858225128
873,3.47458718424089
874,3.525430675941031
875,3.4995179483499945
876,3.5511568498091814
877,3.3189485291050236
878,2.633819427217419
879,2.69466675483722
880,2.802121128813469
881,2.865271202707293
882,3.0560041263665823
883,2.957633783911418
884,2.7584112992294076
885,2.928929515436714
886,2.820676351735912
887,2.1663699196188686
888,2.099322418135165
889,1.9022700862714643
890,1.6877103370421758
891,1.4669266493829878
892,1.1745142389985612
893,1.2582079800511063
894,1.3611861103244463
895,1.07646028862489
896,1.0692289395511696
897,1.0123477911036685
898,1.0967107034675965
899,1.08292815419437
900,1.585176862822277
901,1.5670323203119256
902,1.2164468215005992
903,1.5481164232618376
904,1.1435090945166388
905,1.6321766548498875
906,1.6489572180367007
907,1.7248670393162127
908,1.5979228053363095
909,1.6631949822847811
910,1.5914719366934358
911,1.5960712216844595
912,1.707043075919971
913,1.6773677169699053
914,1.7022003205668979
915,1.9260331822122214
916,2.2359885730674267
917,2.296807224565141
918,2.6710833122473847
919,4.432120040562497
920,4.432120040562497
921,5.055227882672048
922,5.0677603592271145
923,5.265913315833066
924,5.2081967588155225
925,5.362274414875013
926,5.269665492773563
927,5.269665492773563
928,5.351575741266013
929,5.351575741266013
930,5.273219496670222
931,5.222898964440886
932,5.050556597826803
933,4.8276970858378
934,4.674246505872591
935,4.503781891849717
936,4.511576713037301
937,4.3488901646039215
938,4.242937486563008
939,4.138753226032746
940,4.181945101409332
941,3.859472862440695
942,3.72031726584416
943,3.663861445069821
944,3.719647192053419
945,3.666034874854615
946,3.7533969480348026
947,3.6461913923687823
948,3.6190417711566614
949,3.610256361183751
950,3.6815664792848035
951,3.935161192890972
952,3.8274133782234
953,3.8758956852086945
954,3.9266725136957716
955,4.014991317114575
956,3.8059867631717843
957,3.8459285815658095
958,4.021395637663336
959,4.018823408765464
960,4.0252175669352965
961,4.098985083848427
962,4.059084634907892
963,4.299813360042298
964,4.416296105256494
965,3.9393522716854994
966,3.6722614875602195
967,3.7293194200692446
968,3.532814748235871
969,3.4954694220019293
970,3.5099296725357094
971,3.5165266210852444
972,3.556288759273853
973,3.27249775848401
974,2.8924321189693853
975,2.8997285652883766
976,2.9792434467651043
977,2.858123625056367
978,2.8525822709146027
979,2.8265772653751897
980,3.1023355216009016
981,2.9163550939052785
982,2.886784953806556
983,2.873887655885316
984,2.6352249013275273
985,2.648994204142786
986,2.526619329257123
987,2.6147569934413744
988,2.57876303644001
989,2.238025770418207
990,2.1926073295294275
991,2.3300515612365906
992,2.425428130852285
993,2.373940219348443
994,2.1187584586752957
995,2.0085660861763333
996,1.9554309707671627
997,1.9381939268314017
998,1.8928177191019329
999,1.8779046252501532
1000,1.5592488993150004
1001,1.5423317959756147
1002,1.524685129136685
1003,1.5023441516998122
1004,1.5052483550638502
1005,1.4814834060554005
1006,1.4618277393629846
1007,1.5139515685588893
1008,1.5092396451437975
1009,2.0549913966178845
1010,1.963767084377985
1011,2.4686618863503216
1012,2.4539348579610993
1013,1.6621723652688882
1014,1.5754104429709586
1015,1.6255145401894775
1016,1.5181699754395044
1017,1.5072665638399656
1018,1.4557241570057051
1019,1.4908848003079354
1020,1.5135691455511933
1021,1.2639310963935488
1022,1.5657216470817783
1023,1.561838625204237
1024,1.8039560579663565
1025,2.005067559112164
1026,2.691188912903813
1027,3.308341161883463
1028,3.729367912512132
1029,4.360527989662704
1030,4.097969820502767
1031,3.7675758323542574
1032,4.487851320758146
1033,4.781258196699298
1034,4.604570111279637
1035,4.760681640887783
1036,4.722696634055555
1037,4.808110176227963
1038,4.698145397290501
1039,4.69210676018184
1040,4.62018488518184
1041,4.53668116529062
1042,4.477984166302574
1043,4.355741887967335
1044,4.431528321549818
1045,4.3197441516979005
1046,4.304226455493243
1047,4.175074313434312
1048,4.10873062514161
1049,4.130667460152459
1050,3.993599902834957
1051,3.877669586224499
1052,3.699264689821616
1053,3.728355136976087
1054,3.728355136976087
1055,3.728355136976087
1056,3.728355136976087
1057,3.7820805608577612
1058,3.7820805608577612
1059,3.7056854715720466
1060,3.677810436472012
1061,3.594204729984871
1062,3.7074543643175404
1063,3.6994679040044796
1064,3.6601497221862975
1065,3.6076329147538653
1066,3.6601497221862975
1067,3.6263933106455246
1068,3.622068679986809
1069,3.5718232064288356
1070,3.542695497902424
1071,3.587829426473853
1072,3.5633488307029357
1073,3.4895749748432925
1074,3.4580856566833282
1075,3.41725645520983
1076,3.2254124344019437
1077,2.641256282204428
1078,2.4197068751146196
1079,2.5795164945367794
1080,2.3344065842244373
1081,2.476876613414145
1082,2.5516704199527185
1083,2.3694922137047243
1084,2.472786678314059
1085,2.3886316699130186
1086,2.7386112044435
1087,2.870383854319844
1088,2.7565582599292013
1089,2.3274047449083795
1090,2.3317563010665805
1091,2.3599974270984236
1092,2.290884569120637
1093,2.4383575456793767
1094,2.311075921512556
1095,2.3135855421982447
1096,2.550363109937118
1097,2.282541939993831
1098,2.509900608025497
1099,2.3413507152574766
1100,2.185744394150044
1101,2.048855473969592
1102,1.8649530846813998
1103,1.8760964717481403
1104,1.8755939049671868
1105,1.6366857329492954
1106,1.5282162798793812
1107,1.4946380560818495
1108,1.2076372280304062
1109,1.1848790791547013
1110,1.2789569427252656
1111,1.2323557787830457
1112,1.2880002491128641
1113,1.3025719570974057
1114,1.2947327304372434
1115,1.5240579415985696
1116,1.517190760767614
1117,1.4318925870621175
1118,1.8712511531695688
1119,1.9605792079302582
1120,1.9881774222159723
1121,2.004216069558968
1122,2.4071367830242667
1123,2.2654048637340387
1124,2.1858320188782177
1125,2.0794175625059146
1126,1.5849346992321127
1127,1.5208867800369867
1128,1.428233966512581
1129,1.4677067129540877
1130,1.5209454242807585
1131,1.510433573125858
1132,1.6170142862672963
1133,1.5990805999927669
1134,1.6087284095670473
1135,1.6517645463084814
1136,1.5508552164574607
1137,1.609707833393721
1138,1.6199366674381828
1139,1.6533963044540834
1140,1.9250422212117446
1141,1.9371071721653055
1142,1.8325444133786992
1143,1.9898280297427648
1144,2.2270956007741662
1145,2.2009644655296423
1146,2.5423518377542886
1147,1.9384007873440248
1148,2.17889392374287
1149,2.311878660163222
1150,2.3540321166673834
1151,2.3941277797698346
1152,2.769693718697549
1153,2.832490655773538
1154,3.033357944243971
1155,3.0206359987421525
1156,3.070942302181704
1157,3.07247836666043
1158,3.1257046500202317
1159,3.152217886416156
1160,3.560253801602167
1161,3.626581505985992
1162,4.237759276075866
1163,4.2565053058592275
1164,4.287533480790826
1165,4.995660225365904
1166,5.343882693246595
1167,5.109236616527183
1168,4.58300849970514
1169,4.371108322850811
1170,5.134507060295392
1171,5.042454559379199
1172,4.800131940630705
1173,4.766705762656128
1174,4.573361663420122
1175,4.367920579307531
1176,4.216692798440709
1177,4.159945332166086
1178,4.131703848613984
1179,3.806384383159784
1180,3.683020564183061
1181,3.59555425733485
1182,3.458266195219844
1183,3.4833595211333512
1184,3.5140062495131907
1185,3.177156528854275
1186,3.4641373339750854
1187,4.372049390982112
1188,4.492794863932068
1189,4.5553668614810885
1190,4.544202125102452
1191,4.705532096921656
1192,4.600835717486836
1193,4.672736890965746
1194,4.752618492003598
1195,4.774531022640852
1196,4.92288405923538
1197,4.864284390674775
1198,4.881738225902047
1199,4.92288405923538
1200,4.8540578980331945
1201,4.822401961232807
1202,4.916842381886715
1203,4.842845790977624
1204,4.833879135302823
1205,4.833879135302823
1206,4.633818660701681
1207,4.460170915048319
1208,4.226906806044872
1209,3.9871707146120605
1210,3.9196356008544297
1211,3.8339660143645307
1212,3.625819633840846
1213,3.536707358151745
1214,3.510076124298233
1215,3.5185409363910343
1216,3.585517633835379
1217,3.6309185962374086
1218,3.7437970557417595
1219,3.707334555741759
1220,3.5820392384769226
1221,3.473961560612789
1222,3.5577582724238352
1223,3.5074999613051228
1224,3.490960251499425
1225,3.490960251499425
1226,3.520906657272466
1227,3.5375736395956983
1228,3.563294194285003
1229,3.6037629442850023
1230,3.620979190893364
1231,3.538870267517326
1232,3.5825738380083965
1233,3.6891322624668215
1234,3.7746177080557146
1235,3.564986721765998
1236,3.5541085487673265
1237,3.4762470649169086
1238,3.7629242963475975
1239,3.721705656871605
1240,3.749145628630511
1241,3.8692143991567245
1242,4.008647272472492
1243,4.2044375364598405
1244,4.56510629478262
1245,4.488623890449919
1246,4.718832381640808
1247,4.795000023942288
1248,5.060541982515337
1249,4.8307452936241635
1250,4.936985765268298
1251,4.930242400126495
1252,4.924748791376178
1253,4.8022572175355664
1254,4.225233596645609
1255,4.312692728885652
1256,4.471259964537808
1257,4.710085185497579
1258,4.65168541428715
1259,4.794760363184456
1260,4.300720081938026
1261,4.451769829020326
1262,4.3046625738110285
1263,4.325494921081181
1264,4.080757800492449
1265,3.893589031964066
1266,3.83765338691059
1267,3.8483284104510798
1268,3.6986174391981725
1269,3.7957179877509266
1270,3.9526623495234134
1271,3.8667346534449822
1272,3.9251547887971032
1273,3.7959491321923555
1274,3.7916810046243428
1275,3.8141194612569955
1276,4.0623344209234515
1277,3.9412295277081455
1278,3.9314482777081454
1279,3.9896333736863747
1280,4.017375973786577
1281,4.083613325901336
1282,3.9276544655905363
1283,3.894875783107085
1284,3.8579008926701412
1285,3.742400169469006
1286,3.4945517893846216
1287,3.904744718448017
1288,4.229763662389464
1289,3.9234077730078094
1290,4.025519412761363
1291,4.335995192712598
1292,3.9367220564114254
1293,3.1870882749044607
1294,3.2256583438375657
1295,2.9048843865503127
1296,2.886384684782712
1297,2.7688420666267954
1298,2.841988498945721
1299,2.7742092289924125
1300,2.629178215639
1301,2.9211158650516156
1302,3.093027249564766
1303,3.233250399618312
1304,2.7412549228951097
1305,2.893017331656852
1306,2.5906096365537885
1307,2.6097184085779723
1308,2.6619300540044653
1309,2.430880357442108
1310,2.47710491076422
1311,2.521648425738151
1312,2.565153558365526
1313,2.4106287375938193
1314,2.71068704841773
1315,2.8593496764534367
1316,2.781984015465854
1317,2.7071108686665206
1318,2.492288652807295
1319,2.5008590878949604
1320,4.1466314583662385
1321,3.5334406852529874
1322,2.902046605284476
1323,2.9962521916201483
1324,2.4398208780830237
1325,2.4489191982892717
1326,2.5344503588485923
1327,2.21366137746204
1328,2.841351571287125
1329,3.336692871581782
1330,3.686709668314572
1331,3.8720219349630565
1332,3.4870796532949426
1333,2.7961256942685235
1334,3.073167559758497
1335,3.00004591550363
1336,2.7334732488965194
1337,3.0404417959132366
1338,2.976988083454814
1339,3.2824041031035898
1340,3.2759152335896937
1341,3.9776832010479386
1342,4.194881041899277
1343,4.9495459025341875
1344,5.132822989427557
1345,5.298848922117816
1346,5.1946837496578135
1347,5.362958822528815
1348,5.132472018178235
1349,5.158276329158338
1350,5.028757114876776
1351,5.033040513598057
1352,4.830916716095629
1353,4.564080472232105
1354,4.454909238116417
1355,4.398019468215388
1356,4.082631625531107
1357,4.105858760795037
1358,4.067883309171364
1359,4.059634835751824
1360,4.010664149249923
1361,3.8960633440312527
1362,3.7581416639956027
1363,3.670556258529653
1364,3.5756312436020523
1365,3.598209706805515
1366,3.621324110913067
1367,3.5287761152794737
1368,3.482747987516432
1369,3.516257272951036
1370,3.478378995222545
1371,3.521223075119256
1372,3.679530283607108
1373,3.5792221567295717
1374,3.6254025275765227
1375,3.5291214364414567
1376,3.584267352487776
1377,3.594979250883498
1378,3.5669935365977836
1379,3.5669935365977836
1380,3.5345994665873337
1381,3.4603816158106597
1382,3.0785671553715983
1383,2.9341560469100756
1384,3.034813664399791
1385,3.247111376536237
1386,2.9192275769499507
1387,2.9668884897231234
1388,3.0383619302583353
1389,3.18496416534431
1390,3.0982841305722677
1391,2.888289252480972
1392,2.7507312866768845
1393,2.848097422698607
1394,2.699649158026946
1395,2.6600936826392707
1396,2.740713966413849
1397,2.6295427780916905
1398,2.464907492338847
1399,2.2422506835078284
1400,2.3489509646905122
1401,2.5959308766966496
1402,2.5261812600644107
1403,2.55498154405435
1404,2.228029694444949
1405,2.355795165035511
1406,2.5647487580771897
1407,2.3806000285249587
1408,2.3828064050397475
1409,2.4400993481800257
1410,2.3054140377246792
1411,2.544703742674388
1412,3.187690822147539
1413,3.045523630029493
1414,3.659189624229002
1415,4.500084148427875
1416,4.301912900045229
1417,3.00638263770472
1418,2.8216932804904347
1419,2.408314790509944
1420,2.59991935952211
1421,2.606827192736168
1422,2.606946569292481
1423,2.5578992024963
1424,2.555314449482021
1425,2.99091082923523
1426,3.7645412975119226
1427,3.694331072423814
1428,4.001561946956714
1429,3.6307574877087756
1430,3.559891217600822
1431,2.9982513453254076
1432,2.7282508271887815
1433,2.664334892053477
1434,2.7055842486026846
1435,2.7113536596043932
1436,2.7058468847402435
1437,2.537538931845691
1438,2.4323338795645735
1439,2.6179630493316424
1440,2.5460747179259062
1441,2.555647462409232
1442,2.5906710055213784
1443,2.5843076695799176
1444,2.4789784019380585
1445,2.5710696945710785
1446,2.7295010487759432
1447,2.6424572014201098
1448,2.4920684202584447
1449,2.74846591367424
1450,2.9218357726192927
1451,2.976068195576009
1452,3.0819020009315152
1453,3.150199920015328
1454,3.0741297826342997
1455,3.039453331122874
1456,3.2921631219902068
1457,2.8627269624479563
1458,3.239928774570063
1459,2.8508822369407127
1460,3.0608799573677086
1461,2.9290642820798727
1462,3.578466692774927
1463,3.70104530344272
1464,3.1702745754618284
1465,3.104484292159669
1466,2.9369560612288206
1467,2.867466560300099
1468,2.614934869836391
1469,2.5651513521286087
1470,2.5467233457515697
1471,2.09889203299973
1472,2.242765768607661
1473,2.4331688199369124
1474,2.5516714894337995
1475,2.56413729403726
1476,2.0614930716892514
1477,2.118717916292225
1478,2.203459395546706
1479,2.5583160104572555
1480,2.1551568165794075
1481,2.5532534595531544
1482,3.0987504937011927
1483,2.279468659671893
1484,1.9159643549165182
1485,1.9910584569670746
1486,1.929912090496021
1487,2.1497095839591642
1488,2.1311984051818063
1489,2.699212364044328
1490,3.2180554191509354
1491,3.003744361519927
1492,3.07942187982181
1493,3.1875971680984567
1494,3.1907092468812213
1495,2.9800372062781464
1496,3.9603240384484146
1497,4.286715212927578
1498,4.3846751643923945
1499,4.566504378161948
1500,4.516600905244375
1501,4.718625032601947
1502,4.727257246228842
1503,4.330708188547767
1504,4.28131268156342
1505,3.9986156130551596
1506,4.164829990840818
1507,4.057897575441178
1508,3.1168239248934917
1509,2.869455740656084
1510,2.5080932242676397
1511,2.467330816556401
1512,2.302460422983967
1513,1.9860049616777982
1514,1.7669529391915753
1515,1.4455890534825033
1516,1.3784693047713845
1517,1.2789674650708909
1518,1.2635384012102233
1519,1.680695106231894
1520,2.3081523308403193
1521,2.4069292534687157
1522,2.267100682300301
1523,2.1723809660117763
1524,2.07470850174145
1525,2.130908414870108
1526,2.1474566790709666
1527,2.5400236248059436
1528,3.0640460182439333
1529,2.9562295791360813
1530,2.86022972876414
1531,2.765442578979375
1532,2.9334160274712526
1533,2.7348553119199472
1534,2.871300837126951
1535,2.9938074202310205
1536,2.8681372603766504
1537,3.01085624343759
1538,2.8071626150017854
1539,2.886463202843756
1540,2.3028488455695113
1541,2.6748963163469397
1542,2.7177318224694935
1543,2.6602023845067713
1544,2.5994322214866084
1545,2.6406345834740312
1546,2.5822745464766124
1547,2.602342872669347
1548,2.458097596955322
1549,2.3784623602050328
1550,2.26284355278377
1551,2.4103938251521226
1552,2.27549674290571
1553,2.2721200329599145
1554,2.4553903557989445
1555,2.4389934408632588
1556,2.561334364063242
1557,2.597401177466337
1558,2.36679926529251
1559,2.4622766943209706
1560,2.3981672297779317
1561,2.34685136398887
1562,2.585942406885716
1563,2.3237173617965228
1564,2.2585547723837056
1565,2.29974416416095
1566,2.262280352395123
1567,2.2035966854437987
1568,2.1537210878001125
1569,2.095021131416697
1570,2.1869953220318146
1571,2.2739033988746735
1572,2.2633443016030226
1573,2.5290652844906925
1574,2.701753361103714
1575,2.2942359253493576
1576,2.3867186639391984
1577,2.3656499218229183
1578,2.3469411690907993
1579,2.477834916023804
1580,2.682026371857707
1581,2.7927955954584633
1582,2.5729144989933053
1583,2.8475906757142915
1584,2.231174840596308
1585,2.110790369684815
1586,2.1665836981622695
1587,2.0603102197969463
1588,2.385642066841311
1589,2.275867668620484
1590,4.4957146964490455
1591,3.042625381762706
1592,3.06359081383942
1593,2.779930591881978
1594,2.6553941483817414
1595,2.5446755758594386
1596,2.377462588595271
1597,2.4156902404198903
1598,2.349039753980783
1599,2.0492439229497847
1600,2.406165889293163
1601,2.3406382577566496
1602,2.296596341745539
1603,2.6077384304741433
1604,3.032991513931835
1605,3.891232522531637
1606,4.537025212815035
1607,4.237230455489027
1608,4.217703184185769
1609,4.338435295381311
1610,4.395085576412937
1611,4.594261960430621
1612,4.685799541562938
1613,4.734320081704091
1614,4.458318662773699
1615,4.355234600597944
1616,4.3070744769514295
1617,4.2211614533470545
1618,4.2071349548090415
1619,3.9220418781060515
1620,3.9017581802921693
1621,3.834826096572047
1622,3.834826096572047
1623,3.8707625443834943
1624,3.8555021458580105
1625,3.7075564548117805
1626,3.6846788735832394
1627,3.7543441192510447
1628,3.5069857487450697
1629,3.090726410537734
1630,2.898311930039296
1631,2.5436683069227732
1632,2.6077823514630034
1633,2.443395007875182
1634,2.417447213078384
1635,2.2822366424343983
1636,2.2583518320890765
1637,1.947942209797969
1638,1.7107734850466203
1639,1.5172611562038243
1640,1.4958905365954833
1641,1.6591151938097377
1642,1.6690247236755953
1643,1.8941566549077284
1644,2.1791247095493502
1645,2.178495322234457
1646,2.1622241003834435
1647,3.5147011159408854
1648,3.309694089518544
1649,3.309694089518544
1650,2.9577344287742293
1651,3.127300940645803
1652,3.6170753148706543
1653,4.004301984084931
1654,3.7222162121602977
1655,3.682972516272852
1656,3.6530833179110695
1657,3.6530833179110695
1658,3.546473315230331
1659,3.206975016757098
1660,3.203590314320671
1661,3.218867454519182
1662,2.9187438798982672
1663,2.8896892495252633
1664,3.0708701122583184
1665,2.6131508275244273
1666,2.6097278135407187
1667,2.5925289846308273
1668,2.587058811623009
1669,2.6576009729112404
1670,2.7307172836050326
1671,2.6772453694629643
1672,2.287332927255779
1673,2.325402337653274
1674,2.575816664004053
1675,2.67210621126235
1676,2.66620290665889
1677,2.628451018769311
1678,2.6691825291859774
1679,2.6263721485943474
1680,2.3734999495513684
1681,2.6226840644545124
1682,2.4543085668201154
1683,3.3579343525342433
1684,3.5126498290370733
1685,3.435680808124438
1686,2.817256858005924
1687,2.7768831497926745
1688,3.2894387655803
1689,3.4077966255208443
1690,3.9052080132629574
1691,3.864439240369184
1692,3.5012594642629447
1693,3.040114113609838
1694,3.064975437308454
1695,2.962466217587957
1696,2.909839528398768
1697,3.0971131515509596
1698,3.6552860708437005
1699,3.879359897433923
1700,3.9542994072758937
1701,4.07019270506884
1702,4.07019270506884
1703,3.647094357119985
1704,3.2212998227087115
1705,3.2527874031069817
1706,3.2753185613224067
1707,3.151951940033086
1708,3.232087094094711
1709,2.98041014170829
1710,3.1718930206553226
1711,3.143910429970146
1712,3.132178287113003
1713,3.132178287113003
1714,3.2102955360922
1715,3.2109037335415747
1716,3.190287662113003
1717,3.022663406160623
1718,2.999086473036275
1719,2.7197816666989625
1720,2.7197816666989625
1721,2.694277946460867
1722,2.657138809556105
1723,2.6498091569888444
1724,2.6321499307983687
1725,2.606124077083293
1726,3.123623260183898
1727,3.180316660090054
1728,2.6439114015474465
1729,3.0388130270534033
1730,3.180316660090054
1731,3.216098092074436
1732,3.2137677180684383
