,0
0,1.2019499881821356
1,1.0034910654402027
2,1.2149224270143293
3,1.293184413098807
4,1.2982412232455456
5,1.3081147598376193
6,1.266783013818286
7,1.2386282252464373
8,1.280778270875246
9,1.4113283837599944
10,1.4012426833266467
11,1.2402471915114859
12,1.192931600697181
13,1.1832934056411115
14,1.0415972840997623
15,1.0407289022740522
16,1.0342506953082964
17,1.0807477372413716
18,1.0509647809197251
19,0.9942662380882686
20,1.1730117101827353
21,1.0764678309974438
22,1.0599178584165703
23,1.1029478553040528
24,1.0142049658780836
25,1.0014055391957462
26,0.998053943111531
27,0.9664810166693792
28,1.0370230490319046
29,0.9350749480101179
30,1.0428421206988916
31,0.9317842222746869
32,0.9480623661460681
33,0.9956530994868285
34,0.9665093266990431
35,0.8892274362089705
36,0.8648819360331471
37,0.8631655906608924
38,0.8665581323056913
39,0.8297842062327773
40,0.8589032324895914
41,0.8223502011911858
42,0.9574052646985021
43,1.207721787009683
44,1.3542716714712812
45,1.6464971985954724
46,2.3334805313579623
47,2.360608844778244
48,2.6535914068819877
49,2.6520875716461845
50,2.4932833875253846
51,2.425166289445026
52,2.6983643418340377
53,3.4517517179493025
54,4.296695243445037
55,4.516042270877857
56,4.995354308102359
57,5.097438020779312
58,5.383553093060482
59,5.609488303980562
60,5.955273449080414
61,6.2879823162554915
62,4.75163240787028
63,4.986092621214842
64,4.766723899740708
65,4.75048650263082
66,5.267889725656205
67,4.258604911814648
68,4.515037451003253
69,4.962519117532764
70,4.965502169865748
71,5.060807596061503
72,5.200568147982547
73,5.343765532259427
74,5.313410472230919
75,5.429972352987452
76,5.455036278389444
77,5.3913100971354195
78,5.541348685342199
79,5.467401647333454
80,5.523780850778515
81,5.587287869105347
82,5.469127878717288
83,5.56802671825259
84,5.031586740406678
85,4.982331022416795
86,5.244159564091867
87,5.3001252405865324
88,4.553548969226485
89,3.9316209282145094
90,3.9105382617533704
91,3.8378241323367788
92,3.8503036904951253
93,3.743054425339265
94,3.404048613801193
95,3.3875962173989715
96,3.022257920072923
97,3.1764691244753367
98,3.082542689375727
99,2.7831309422039117
100,2.7318820992359956
101,2.7145259060526863
102,2.672695526933826
103,2.4142907876310704
104,2.3882463769944966
105,2.384899542786576
106,2.3566961373253092
107,2.5925650743973847
108,2.3576164795698853
109,2.5519668274814196
110,2.6038980671584255
111,2.5363704905548166
112,2.5478029843823196
113,2.1867652017729338
114,2.2077123915447783
115,2.2893663389661945
116,2.0975919136302337
117,2.077952427639081
118,2.0509366233300534
119,2.223192837731235
120,2.0321394210014936
121,2.0028812108452505
122,1.7034958306102632
123,1.656482122072834
124,1.5484430290701652
125,1.5220505528787778
126,1.365329070651872
127,1.2650692467933362
128,1.252950077029182
129,1.2318645068473963
130,1.3399409518146268
131,1.208225967233316
132,1.1649730131363187
133,1.1051676895334823
134,1.0585921993735001
135,1.1006590173141912
136,1.0670802717033845
137,1.1316267075311657
138,1.0453388411121354
139,1.085827686617242
140,0.9901657964391222
141,1.0501869563276822
142,1.106795531857818
143,1.0838060426005436
144,1.3044953431175188
145,1.6416218694812361
146,1.5857802792536304
147,1.6019503518190037
148,1.9571232437294257
149,1.8671180097553108
150,2.244792218732079
151,2.2766565211513314
152,2.480928145775756
153,2.7484747481774052
154,2.5047415315806125
155,3.2077275431497214
156,3.1727184513971256
157,3.768707898792625
158,3.8569599859582793
159,3.7700870109551388
160,3.890144600677664
161,4.293135874801359
162,3.7352895533759405
163,4.099101176451276
164,4.018856494118658
165,3.7717474311382753
166,3.9218833705513902
167,4.322779617862102
168,4.391791133758074
169,4.66443871819945
170,4.611796187806317
171,4.600537679341311
172,4.1938591597546635
173,3.997484394334804
174,3.900187832251457
175,3.88909370873883
176,3.791791611612006
177,3.7940282676284065
178,3.8410184005959107
179,3.8781268987216184
180,3.8181679991781823
181,4.154690362934787
182,4.145065324521188
183,4.038210887433134
184,3.6953549998180466
185,3.5829266252748257
186,3.2718019725950667
187,3.390889159427832
188,2.821753829155644
189,2.8645504215931843
190,3.0173552981435634
191,2.971683167345598
192,3.6007774736763585
193,2.9124710576183634
194,2.938845885259197
195,2.9474306870395686
196,2.9766965045182734
197,2.722166073728697
198,2.7070047615603143
199,2.5672450394439883
200,2.4575250592922226
201,2.4141199670320317
202,2.27969883263903
203,2.345801797809668
204,2.2323261971234096
205,2.4245630002990577
206,2.6292513113979377
207,2.6331952928516795
208,2.3957929254282733
209,2.3609073659610327
210,2.2615870253753325
211,2.2002792192047123
212,1.9382206865293523
213,2.2183132205435405
214,1.9824309873392123
215,2.0714276632347097
216,1.995593633279353
217,2.138757119188096
218,2.1814180382319512
219,2.2746383083796404
220,2.214098480887105
221,2.0629291370741543
222,1.900245653696778
223,1.8301681397894647
224,1.8619459680177515
225,1.7913259442788225
226,1.659004322695899
227,1.6053993310584886
228,1.5899115628910356
229,1.6273952633552706
230,1.5141508215124146
231,1.5855111042847014
232,1.5637270987239338
233,1.7418749624679282
234,1.6368519995593032
235,1.5734726222093582
236,1.327544579415398
237,1.343993486826881
238,1.3571719444791837
239,1.415709962088493
240,1.40721395025393
241,1.3030965284788942
242,1.307609012968755
243,1.4169005038949416
244,1.320406482802472
245,1.226577895243711
246,1.2049632675891375
247,1.2000705401925078
248,1.1890780439061035
249,1.079219782902519
250,1.0078306919810387
251,1.1412483036215195
252,1.231132849444894
253,1.463612196447768
254,1.7540532467588004
255,1.9935543213050062
256,2.0992420174407203
257,1.991345280570388
258,1.5296639042989237
259,1.5886585084700808
260,1.6141472823825533
261,1.817898264782194
262,1.9321591700371363
263,1.9845188288250015
264,2.446766784305527
265,2.5495588397414104
266,2.4287868519882925
267,3.1016162667524227
268,3.1777585106535833
269,3.7305698884591325
270,3.7336821344340385
271,3.190179587670605
272,2.7194574373633222
273,2.606747288701307
274,3.1247620503764866
275,2.63167263888808
276,2.5197369439108708
277,2.1437371877454496
278,2.0234391947418295
279,2.090332647154196
280,2.0029129848725256
281,2.344212209709018
282,1.8577359213375453
283,1.884783724885903
284,1.8163020228594247
285,1.6779568834333831
286,1.6721668020364895
287,1.6384246673655654
288,1.6445024021563766
289,1.59036451933119
290,1.5020793042174108
291,1.52587599941105
292,1.4872091309115028
293,1.5058941485480446
294,1.5155596395234177
295,1.353747103151716
296,1.4349621811301148
297,1.4199921976540641
298,1.3312110394014922
299,1.3296993996156667
300,1.2945050117721868
301,1.3130846297312575
302,1.2460161137817343
303,1.2590622931689095
304,1.3664714543479544
305,1.4214143414662337
306,1.4804815640939584
307,1.3944057966020325
308,1.2737365817545805
309,1.279324723669585
310,1.3139360293398599
311,1.3554721500616804
312,1.3133472541626265
313,1.2877673164549528
314,1.264888476321
315,1.0780400196377586
316,1.2935948204834908
317,1.101757735816151
318,1.0816627971310213
319,1.0555818539955322
320,1.0149802084921482
321,0.9808716916568738
322,0.9433945584590564
323,0.9341108620302594
324,0.8736386365805939
325,0.8555194061500229
326,0.9443113571355588
327,1.0692323098049372
328,1.0604319205796824
329,1.1694808179952314
330,1.1619453297307087
331,1.191838730217022
332,1.4196691814671398
333,1.439746484615996
334,1.4702339370404538
335,1.4723062838360557
336,1.5630646814810067
337,1.561218034176161
338,1.5699222535747155
339,1.6360419278885583
340,1.6910027925890478
341,1.584961507096878
342,1.6115223442712698
343,1.5280538242646102
344,1.7004524491491835
345,1.7486211559444729
346,1.6699791026962758
347,1.5915636422853237
348,1.5049898114565194
349,1.5908573461772901
350,1.4365444227214785
351,1.5966767879217831
352,1.517675728534034
353,1.6182660261149249
354,1.6413796852010212
355,1.6683673361813234
356,1.6542198974448714
357,1.6496931509610926
358,1.6482113328724401
359,1.6257640887584854
360,1.644872597281468
361,1.637360958594315
362,1.6353169099480438
363,1.5992449505402304
364,1.6163405034146536
365,1.6470427631569338
366,1.9487807651215976
367,2.0713022875492433
368,2.183696992890438
369,2.139399320606109
370,2.5069271142751273
371,2.3091801175032405
372,2.6310787371045903
373,2.329274960692502
374,2.707767208829596
375,2.726627896871446
376,2.805406172076063
377,2.7478801181427155
378,3.2273089102835497
379,3.1624897875375897
380,3.4126875777134584
381,3.3522566542225207
382,2.850965923227154
383,2.4739541768475726
384,2.56847140343759
385,2.693181450465291
386,2.9162355620223557
387,3.1150074341256064
388,3.1075026662994376
389,3.40711548257692
390,3.3916161963930906
391,3.426742697814602
392,4.063948415553985
393,3.6231070073820306
394,3.513148146336517
395,3.3640602737385072
396,3.3763531683419497
397,3.7207781013728396
398,3.7591746289317753
399,3.8144067456760173
400,3.670084842361593
401,4.14059680137255
402,4.569219351816934
403,4.468558788803346
404,4.484321013805788
405,4.0376199360937886
406,3.83329443647949
407,3.862307009196662
408,3.5705059608305008
409,3.566855768018564
410,3.2021476247661314
411,3.0827437416899057
412,3.1646680298961005
413,3.0041064152098658
414,3.007982887334105
415,3.0102303359863845
416,3.0226396067012677
417,2.9228971518460423
418,2.7848245156693268
419,2.457779322640498
420,2.780756999036758
421,2.4428725965054103
422,2.452606698421427
423,2.4295641943052884
424,2.119626071411254
425,2.181440509935905
426,1.9082926513787548
427,2.185178245167541
428,2.0715795161915236
429,2.150054114201359
430,2.1367959608507676
431,1.9638173038956004
432,2.26169332311911
433,2.053767035785187
434,1.8019206355015847
435,1.7744006118911366
436,1.7594612069359086
437,1.6198073854978272
438,1.6170325279856188
439,1.6511433421250918
440,1.6120804626282268
441,1.6019552924292197
442,1.6647012853356238
443,1.7326895968988514
444,1.8565527907391988
445,1.7053941292868275
446,1.6749574621387913
447,1.6800095301215576
448,1.5521168450553118
449,1.526486192387908
450,1.4282241468935861
451,1.4387520312706472
452,1.3226854459867998
453,1.364259059543445
454,1.2377356451806714
455,1.3573395896818592
456,1.22869092758443
457,1.3534504006134327
458,1.33149038931448
459,1.383551961005769
460,1.233494241222144
461,1.2116128890531912
462,1.1015145895490888
463,1.0187234470886728
464,1.0233162392194695
465,1.043503478900677
466,0.9617742393854974
467,0.9641471257511736
468,1.0205039394027602
469,1.1128841588734917
470,1.067279338551236
471,1.2032903642999926
472,1.5170137654310807
473,1.3385076849228765
474,1.2758171748862897
475,1.3821105404452125
476,1.472930877752951
477,1.626648533121849
478,1.6218106017855807
479,1.580384420319299
480,1.5553063835847114
481,1.5508382838668642
482,1.4871820841389167
483,1.5041093556312626
484,1.4482881088868167
485,1.3643185397609143
486,1.4733955235662834
487,1.8003755937396944
488,1.7501018269203936
489,1.8527469794101847
490,1.9043191451666317
491,1.8636203528961979
492,1.8065950478903512
493,1.8054912427048286
494,1.7243946152436365
495,2.1524839006747136
496,2.195241070419155
497,1.8747946918066285
498,2.0426485368815204
499,2.181996208827956
500,2.1505496599448533
501,1.7820122276980959
502,1.6183629863682096
503,1.5876123241823594
504,1.606082922848079
505,1.5628086099274496
506,1.6152811025392804
507,1.64924686264645
508,1.6867181620536338
509,1.675519507012345
510,1.7551525738332354
511,1.9921522853692046
512,1.9932152402347743
513,1.7537599397147248
514,2.0751006546930175
515,2.0825548511977607
516,2.0638350692373586
517,2.0456278543537305
518,2.1911560843927904
519,2.158695936571122
520,2.1499670206792567
521,2.5392846676912164
522,2.7182469335161445
523,2.916728428741608
524,2.854856153926915
525,3.12609494507419
526,3.0891294671349696
527,3.170531044685958
528,3.435416341391536
529,3.5154896756304335
530,3.6776360905498957
531,3.949996004837807
532,3.9567308212380214
533,3.649893447562434
534,4.008380829905933
535,3.699859023330634
536,3.602415999261073
537,3.57635276148314
538,3.558613210018174
539,3.3782286630886915
540,3.3554437660093885
541,3.272385971273513
542,3.153079262737981
543,3.178950967127111
544,2.8727521436367787
545,2.5058930420916115
546,2.452311406078742
547,2.7959604325325804
548,2.4731559795754947
549,2.4413206222209243
550,2.430861546685529
551,2.688031102145416
552,2.4362677628206413
553,2.408607803004367
554,2.632145615526336
555,2.452449120442426
556,2.4038420314903446
557,2.430292940675605
558,2.541616147087892
559,2.525570935367103
560,2.577770194524754
561,2.644530989486522
562,3.038268411661776
563,3.150182244349401
564,3.0841096748373173
565,3.041710122304485
566,3.0853551114259727
567,2.664100218499587
568,2.825279813714678
569,2.821787425341
570,2.59697605537299
571,2.203254934165339
572,2.222545158967617
573,2.315425887898429
574,2.8090840039806158
575,3.110750636594754
576,2.6043436366961212
577,3.0105432334847433
578,3.1712490805609677
579,3.5542389271237105
580,3.9605588931454863
581,3.8773609541347365
582,3.90089591610193
583,3.694358541114146
584,3.102863574722675
585,3.275281653890283
586,3.315463642794258
587,3.7145769394056853
588,3.6878598026482012
589,3.2306369882335035
590,3.1710597229119513
591,3.031418934548081
592,2.971009197586061
593,3.0285086044749305
594,2.97898519886889
595,3.0206921348785314
596,3.0862130507680705
597,3.1993631780661738
598,3.71487273611463
599,3.7125333766872277
600,3.5993291527284623
601,3.1939039490577796
602,3.2174269908915636
603,2.845977369480814
604,3.178809510912565
605,3.114824017739538
606,3.1058959445106273
607,2.8149255767745975
608,2.868112333113472
609,3.1807047789771703
610,2.9690074706694767
611,3.121328992195678
612,3.134624719176091
613,3.1527985080531447
614,3.1238594103399255
615,3.1454903756735617
616,2.959297790186844
617,3.136266992706132
618,3.142002416021869
619,2.5027508819639266
620,2.84652525576383
621,2.8589465329427908
622,3.0256341062325642
623,2.939229361847051
624,3.0056991747039556
625,3.063686590197231
626,2.9272646456656566
627,3.1267781154788103
628,2.7742291388782223
629,2.5800383330445436
630,2.8245796452281597
631,2.4920595957069174
632,2.4194767897989586
633,2.4289525801259533
634,2.4347421981570414
635,2.6744802058830204
636,2.4061215573242505
637,2.3567174737841348
638,2.6609301025957857
639,2.2943741798224075
640,2.270017521841609
641,2.258116497044335
642,2.307547039766834
643,2.248254865049989
644,2.1254952450446396
645,1.7908757720321462
646,1.711322137661749
647,1.6204269801148299
648,1.7064510826780757
649,1.7302752797993062
650,2.0522828183041075
651,2.2470399596357145
652,2.381387932305921
653,2.287265820384281
654,2.4027390015547163
655,2.4137407543727702
656,2.312123095119466
657,2.2094284993450874
658,2.1675049087714546
659,2.084075664526075
660,2.008127612127723
661,1.9808072517132982
662,1.8669231305649654
663,1.6229452620638265
664,1.6049245203341158
665,1.6970775083752128
666,1.7963623373884319
667,1.8497413040023567
668,1.6334178995404787
669,1.7274713237505392
670,1.6994994301482376
671,1.6357787714643541
672,1.5926145511426848
673,1.5688947503046422
674,1.814535224176697
675,1.8406007232822914
676,1.857520353236472
677,2.0483561564458856
678,1.7906059826488014
679,2.008581596638253
680,1.8730754318320724
681,2.0491367666829543
682,2.2015152803328433
683,2.5075653221740275
684,2.2473473107518407
685,2.194901163614691
686,2.1714944695988296
687,2.0097456908760876
688,2.014871916923827
689,1.9600029090050806
690,2.004873615380081
691,1.8579370466329477
692,1.9942358932403816
693,1.9127720124706382
694,1.9792600865334378
695,1.8570896878064183
696,1.9285920639119012
697,1.7903811246271628
698,1.7761767168120766
699,1.7843356592418198
700,1.7034177044435392
701,1.8462425237936604
702,1.7009150610406525
703,1.9160150860415697
704,2.370235716994072
705,2.472834873435254
706,2.623722524263484
707,2.6999717358029445
708,2.7579546362325944
709,2.6421035478620953
710,2.207080543597056
711,2.3487706250490747
712,2.448616197663311
713,2.3934183530743818
714,2.421478940368496
715,2.8538447366598243
716,2.730387519498522
717,2.7817449225544824
718,2.98456350975447
719,3.422957004427946
720,3.5166426960847845
721,3.390324840232708
722,3.3249663704021475
723,3.272690205187065
724,2.928754933948726
725,3.236965193011775
726,3.268381950664565
727,2.943399315713827
728,2.959963426247291
729,3.221124527337185
730,3.0859919288682613
731,3.030518645208902
732,3.106861019106612
733,2.9961713297601396
734,3.042279119097624
735,2.918253214534079
736,3.0542813798952504
737,3.1602277872362348
738,3.0108621651402374
739,3.293159412197764
740,3.357718091169475
741,3.280199519602928
742,3.265536209224916
743,3.255765101372052
744,3.2801489146796605
745,3.5913878346311185
746,3.4051936964979475
747,3.2252213880900196
748,3.2569442108545315
749,3.16437302089612
750,3.2889711303543017
751,3.2761270591180485
752,3.229167049949881
753,3.2693491239984156
754,3.3352289497257446
755,3.2440352475072216
756,3.2412207665354407
757,3.0190264099057367
758,3.129167053237793
759,2.9371548073539104
760,2.9084617579798913
761,3.1617933755283087
762,3.2401242621977584
763,3.277899854993326
764,3.7348393624308627
765,4.285782866226834
766,5.190537622833141
767,4.989147089416755
768,4.846591429323337
769,4.3058523681092
770,4.5241297330130195
771,4.241671140037089
772,3.669885546602187
773,3.4574895434999986
774,3.6787323506047858
775,3.6005488147140627
776,4.378190616515524
777,3.996500716765471
778,4.0817551449065865
779,4.072059687724733
780,3.66895794843543
781,3.7338821447396997
782,3.4309319691491624
783,3.660017522926318
784,3.2588146288031745
785,3.2335585151131228
786,3.2577450036306574
787,3.2919267449142557
788,3.702734373035616
789,3.229289094883538
790,3.7793717990232514
791,3.8553714986708303
792,4.55439618458433
793,4.385674989437997
794,4.713777606678693
795,4.619232310759729
796,4.555940262014863
797,4.136219425356903
798,4.151067766024093
799,3.663623282491548
800,3.624783765589853
801,3.36239880447548
802,3.4393108151055753
803,3.264722514001988
804,3.3288079320044313
805,3.1127830566763923
806,3.113155069248424
807,3.0675967556877737
808,2.7349547585407272
809,2.7575769029539847
810,2.684840824776543
811,2.4574133197599815
812,2.3929081019758915
813,2.202892729399791
814,2.5005495198953582
815,2.5203639334069905
816,2.718049897692356
817,2.967837471413684
818,3.4184610108024356
819,3.4225593721117287
820,3.611453698221644
821,3.569830516271975
822,3.38325071712085
823,2.959745240370634
824,2.9293176513940016
825,2.9215578714960895
826,2.5882024559372083
827,2.766097796299464
828,2.7216360386067975
829,2.686056804349324
830,2.207784161802243
831,2.730974097480928
832,2.456204072272272
833,2.4868697753236444
834,2.756298751726756
835,2.875352730453448
836,2.5373845494346385
837,2.38844311563685
838,2.5065612734415765
839,2.6699185401439407
840,2.94102808831585
841,2.942872224122147
842,3.104423217719292
843,3.1399033203862468
844,2.89083118471689
845,3.024439728914197
846,3.0507411951176517
847,2.837376524792856
848,2.4318468167181178
849,2.4386536062180815
850,1.928121010286903
851,2.1706063214121536
852,2.132069739559662
853,2.1848145054376014
854,2.1322585199228334
855,2.2890255792611365
856,2.058907048578524
857,2.213384093681299
858,2.0791748934855203
859,1.6967105243470482
860,1.6533591268238619
861,1.5131214418421084
862,1.5263435783847925
863,1.544447270693862
864,1.542140207066577
865,1.5434173929719057
866,1.5592191560045372
867,1.6282990272259859
868,1.5584616335599244
869,1.461519943522571
870,1.3467280520139693
871,1.4089640084184125
872,1.4581636606136261
873,1.3448623363240222
874,1.1896815532231189
875,1.1201519219605172
876,1.027895523953547
877,1.0024404651899286
878,0.989840756723625
879,0.9677500814697816
880,0.9160417319915831
881,0.9285648245159722
882,0.8827772603310151
883,0.9287458254411565
884,0.8718598994344363
885,0.7953763222354623
886,0.799563397533859
887,0.7723314870615152
888,0.7599908724379899
889,0.7226044504025426
890,0.7291270726227835
891,0.7234168342626471
892,0.7214072884551213
893,0.802849398148558
894,0.7226325258056765
895,0.7307730268088438
896,0.7735131616303754
897,0.9343088795649617
898,0.7843532647236524
899,0.8926952504181525
900,1.425753553347377
901,1.5512242682051618
902,1.5071482262443956
903,1.4858407229506634
904,1.5076634666169006
905,1.6117167308140135
906,1.6022081164915634
907,1.8383257245734042
908,2.030097156090795
909,2.5985311657110586
910,2.6832212742584023
911,2.562318656118579
912,3.644886162299281
913,4.247876758112149
914,3.83976301862944
915,3.8252180308152357
916,4.149292048518769
917,4.323306331538703
918,4.4809218787143745
919,4.1272424423924035
920,4.426538391317371
921,3.896594923602536
922,3.790013376048773
923,3.819873160556143
924,3.8301402074175006
925,4.206410084484761
926,4.407314578335473
927,4.325709031929023
928,4.1413706669932235
929,4.189459817264325
930,4.194502675714845
931,3.381334534012516
932,3.6590645507070287
933,3.4972000734854825
934,3.497928417213237
935,3.3701208676559085
936,3.401699150663833
937,3.4245710771154267
938,3.6532683931965644
939,3.6799884950241375
940,3.6425279816155545
941,3.769910858375914
942,3.7767084366049297
943,3.725673637571132
944,3.7129022828136296
945,3.8445302436010937
946,4.3936801196511475
947,3.9415866924147935
948,4.1642794679990445
949,4.18821675641412
950,4.212743965479511
951,4.54212450399228
952,4.5464113907441615
953,4.351162213557724
954,4.219239569718104
955,3.9528128214445273
956,4.151197771513496
957,4.163966171790018
958,4.329535994758445
959,3.937280356541551
960,3.848079628117306
961,3.7694697407828803
962,3.827028265229483
963,3.7310902089689293
964,3.7126435616646867
965,3.694507009232623
966,3.255366724233006
967,3.081217745103174
968,2.9901804533342045
969,2.8231239664678203
970,2.5634751997825287
971,2.636682083686
972,2.677478712699481
973,2.6732274652390737
974,2.4469909626844135
975,2.6419195535220394
976,2.3953130218596663
977,2.2485302197496733
978,2.3552228065860814
979,2.3177426406355677
980,2.1169452524334003
981,2.1094159046612284
982,2.0702578102538087
983,1.862222823547497
984,1.8614034975628941
985,1.5957064557735807
986,1.7190487630747797
987,1.6162134161029362
988,1.8336582485490094
989,1.7909432242442995
990,1.8162938762513106
991,1.7815114045978067
992,1.6288634843733145
993,1.577166843425703
994,1.6040847647450716
995,1.4400654433065692
996,1.4377566801416513
997,1.4560190632444512
998,1.683992117731292
999,1.6338857206863409
1000,1.84005262616378
1001,1.9875437459079728
1002,2.316224265306228
1003,2.2254416481873385
1004,2.2059778532176035
1005,1.8389451648621702
1006,1.6492357861027656
1007,1.6402217063136473
1008,1.622186707372731
1009,1.700495105446821
1010,1.8757267072733832
1011,2.019590397235819
1012,2.2486872254082066
1013,2.5637858751317
1014,2.4289775758244256
1015,2.4766047154050574
1016,2.5615615655248503
1017,2.470736894990774
1018,2.141256925902911
1019,2.566741546872235
1020,3.484247765909388
1021,3.4666981439281037
1022,3.460194096381
1023,3.172749126676441
1024,3.6371977550477737
1025,3.535376980974272
1026,3.5026272850310107
1027,3.6792310959553816
1028,3.6949681967822077
1029,3.5967413978963494
1030,3.4071947011251993
1031,3.2766009780435295
1032,3.37824241211756
1033,3.075728488347967
1034,2.9631508362759478
1035,2.9310848723492757
1036,2.974483017963983
1037,2.908628141576686
1038,2.9449645565736273
1039,2.906226968534716
1040,2.624909540729297
1041,2.6188848458264173
1042,2.5514353756484818
1043,2.429798193271526
1044,2.5186967439038264
1045,2.363545490897619
1046,2.482474105784314
1047,2.4003452767022555
1048,2.4084912864561008
1049,2.3242806279956856
1050,2.557206992668598
1051,2.7605616760427
1052,2.629639017185629
1053,2.707790390105721
1054,2.2532441822037454
1055,2.2533139175978034
1056,2.1272730217213107
1057,1.93792752967612
1058,1.9258511938320773
1059,1.8740920707344721
1060,1.8551039215652512
1061,1.7865309321440783
1062,1.8213768246843292
1063,1.8335519147380575
1064,1.634867075793502
1065,1.62278187579018
1066,1.7449133933218988
1067,1.6066450674453991
1068,1.6304271919307383
1069,1.6793125136708047
1070,1.5499014793790613
1071,1.465291629737497
1072,1.5776001355539564
1073,1.612456555990984
1074,1.609548631347598
1075,1.8000341884175788
1076,1.6573259941890424
1077,1.8104786633210026
1078,2.104350147608026
1079,1.9869365201199327
1080,1.9169153354704689
1081,1.7598291145042628
1082,1.6442583877476444
1083,1.6375511870446815
1084,1.537364299286674
1085,1.455633187001862
1086,1.441140072840424
1087,1.3805486335084718
1088,1.345531778556818
1089,1.4031295525944967
1090,1.314060046698143
1091,1.3662122715667182
1092,1.3707667247711466
1093,1.3683138206450636
1094,1.2993503769835903
1095,1.2606981257835277
1096,1.2270861883724862
1097,1.105035296045911
1098,0.9691577378834908
1099,1.0212963221207154
1100,1.0404357803411415
1101,0.9831551819643989
1102,1.0994024217690053
1103,1.0149552907235757
1104,0.9172584147534721
1105,1.1566940727186183
1106,0.9870169240509126
1107,1.1612099867548276
1108,0.9079929046439579
1109,1.0825402868889813
1110,0.9436680414487613
1111,0.9248387141253608
1112,1.008627024752372
1113,1.3276112108416218
1114,1.3849404350771175
1115,1.4637819990500784
1116,1.8658585458137733
1117,1.4933246385880432
1118,1.3981630698316183
1119,1.9111615076047905
1120,2.2334659786201922
1121,2.426044933770646
1122,2.3532848758756533
1123,2.338673514524785
1124,2.3180552382166795
1125,2.3451344666093323
1126,2.034065343839192
1127,1.7602847962648651
1128,1.9285704757103042
1129,2.0584348788061972
1130,2.232014262620358
1131,2.193059604185065
1132,2.2783747261552008
1133,2.585451859158081
1134,2.5919926504128576
1135,2.588958696831743
1136,2.469527422387032
1137,2.1960062441940393
1138,2.6769578118280557
1139,2.265194334666269
1140,2.8633436973555186
1141,2.6448680493908827
1142,2.1987128350907494
1143,2.3772375208381264
1144,2.2186337613054357
1145,2.394887780554772
1146,2.671517314830398
1147,2.6444286680845894
1148,2.9349922902521257
1149,3.2476378623533653
1150,3.4315453781383387
1151,3.4855973347427454
1152,4.079490039989844
1153,4.151256758871921
1154,3.9134842762644584
1155,4.739122090965686
1156,4.942289812436564
1157,5.261451059604307
1158,4.760091827048674
1159,4.827552122320787
1160,4.967772086105899
1161,4.148508156866452
1162,4.082501937384526
1163,3.9889502348678385
1164,4.03279448395584
1165,3.7840975199570686
1166,4.015839576776381
1167,3.785316774301935
1168,3.991202756504586
1169,3.5315429768533324
1170,3.44830233622178
1171,3.076002884541202
1172,3.2506727061393326
1173,3.228650524708235
1174,3.8952947366773962
1175,4.160088529034151
1176,4.113431663232748
1177,3.431483637795768
1178,3.4825086384083384
1179,3.7859565760670746
1180,4.14635714150111
1181,4.326259994763867
1182,5.124968380310113
1183,5.239547167382913
1184,5.325896935274194
1185,5.325529991467425
1186,5.303213513470417
1187,5.865803421491049
1188,5.899925117011556
1189,5.944306161892601
1190,5.883317047955107
1191,5.87292589222687
1192,5.845594279255278
1193,5.827096248812804
1194,5.886397781791154
1195,5.896639393905234
1196,5.790642673393688
1197,5.883249736915841
1198,5.085312762215534
1199,4.983751446814596
1200,4.948893155058869
1201,4.93428809063927
1202,4.906108411984591
1203,4.7905434123784625
1204,4.41594924895274
1205,4.367215340343069
1206,4.180657554399389
1207,4.3926339394526925
1208,4.432669243017371
1209,4.412256497547367
1210,4.462589132101796
1211,3.8137148395759226
1212,4.073980374873526
1213,4.072881941779511
1214,3.508627656519336
1215,3.4443236550721377
1216,3.5261288346912014
1217,3.5804655574086213
1218,3.5700738772633946
1219,3.3611753010880054
1220,3.428865983852427
1221,3.5052513801452263
1222,3.068666147540099
1223,3.177458955567354
1224,3.588706346212014
1225,3.245829878877731
1226,3.231441668143569
1227,3.0598594620512403
1228,3.1072343178003674
1229,3.078401621916702
1230,3.2487373721898676
1231,3.999429085129861
1232,4.189437692170121
1233,4.762676641076193
1234,5.0834586784857
1235,5.103632428303953
1236,5.171423133097971
1237,5.2564650557686985
1238,5.371463697465363
1239,5.445034684625974
1240,5.36422708941163
1241,5.485059830024683
1242,5.480360264523761
1243,5.640922813025064
1244,5.547432403048732
1245,5.236503215506092
1246,5.26816494352354
1247,5.155139612565037
1248,4.644564087075617
1249,4.5013958898923985
1250,4.560142232250392
1251,4.371819324660424
1252,4.808258841351681
1253,4.501661553531806
1254,4.447349489236489
1255,4.9863206984962885
1256,4.953766593642896
1257,4.647340132793039
1258,4.780170522684422
1259,4.526728464203492
1260,4.813587568102153
1261,4.158843063161014
1262,4.094525472431141
1263,3.8980289738796965
1264,4.3281780851054865
1265,3.7928830609059423
1266,3.7763931495852128
1267,4.027443820978504
1268,4.2557968695008555
1269,4.4904001220991026
1270,3.787958754970769
1271,4.276337349821519
1272,3.685557716638409
1273,3.716166656339967
1274,3.430907386591616
1275,3.4190971976616162
1276,3.2755203795038583
1277,3.5217345521845864
1278,3.2464339410232466
1279,3.1868439217298152
1280,3.220352836760839
1281,3.1953673520637462
1282,3.198828074205467
1283,3.597123045512123
1284,3.914745434959314
1285,4.207830018247501
1286,3.932359660828857
1287,4.501378935915301
1288,4.425179717929465
1289,4.819955520845241
1290,5.077255852132196
1291,5.204723461152786
1292,5.02273388133934
1293,4.961603936850548
1294,5.1359502449143895
1295,5.231204696320251
1296,4.136189167641146
1297,3.8615070818813972
1298,4.043488925283279
1299,3.770700528173336
1300,3.4637563594507044
1301,3.0781796402475
1302,2.9917527789451386
1303,3.02052442367623
1304,3.3442930942659572
1305,3.245356120589063
1306,3.3098973693986338
1307,3.397330823974446
1308,3.3249050411798375
1309,3.0367028144833257
1310,3.069391904017533
1311,2.788536328851848
1312,2.776807781884924
1313,2.4884959322156552
1314,2.480692770144632
1315,2.5074531147511023
1316,2.3759070544698995
1317,2.361808043984858
1318,2.437635800884529
1319,2.665941869918649
1320,2.7612352060441077
1321,2.900485649894609
1322,3.7938163419199213
1323,3.8294836369248824
1324,3.579807107069784
1325,3.547201835540422
1326,4.31977652906092
1327,3.6978394440001243
1328,3.660742997292285
1329,4.495065176944245
1330,4.361010192154327
1331,4.250491397245574
1332,4.540187334016622
1333,5.086297511459477
1334,5.27584415397826
1335,5.335592192654636
1336,5.3279198237764565
1337,5.370702390327508
1338,5.136339230494566
1339,5.459033926722228
1340,5.657912557705383
1341,5.503912358399834
1342,5.540860608729867
1343,5.561338228190649
1344,5.509450865268876
1345,5.503765159506671
1346,5.627297268409751
1347,5.563579241065112
1348,5.509304724213304
1349,5.471072141797204
1350,5.474941046403185
1351,5.500520603803205
1352,4.995987735309102
1353,4.670922589743713
1354,4.295003091631374
1355,4.433150990556454
1356,4.327233086163404
1357,4.3135135371917555
1358,4.323785007304182
1359,4.149883663037301
1360,4.087651400582126
1361,3.97021527038323
1362,3.9039924982820278
1363,3.926608986915254
1364,3.5494946129520124
1365,3.0530959407066036
1366,2.8131006005822976
1367,2.5325134443454593
1368,2.5621246935581055
1369,2.7318783720649535
1370,2.514749101663401
1371,2.794106584170928
1372,2.760268438274109
1373,2.680480700675613
1374,2.796622206169599
1375,2.759603642722328
1376,2.724821837688635
1377,2.578582110918391
1378,2.4084040758480714
1379,2.3090096805972706
1380,2.252863126483806
1381,2.3081572434026625
1382,2.379370266097433
1383,2.3715573047425753
1384,2.787689059440727
1385,2.427189112039469
1386,2.2700260414418487
1387,2.258642171650606
1388,2.2231620867808815
1389,2.20390456659494
1390,2.340440156351267
1391,2.6703889640460834
1392,2.7634212627805406
1393,2.6803671933152504
1394,2.7395638743598805
1395,2.7196377627567885
1396,3.548967511451574
1397,3.6933191618014027
1398,3.904246477609841
1399,3.8872266222061653
1400,3.2913180821270314
1401,3.807560770003435
1402,3.9787599639301146
1403,4.220003318285111
1404,4.57074392375757
1405,4.135195372044561
1406,3.329517059306939
1407,2.954826148048821
1408,2.2561098999308538
1409,2.5539746520674775
1410,2.32590104653641
1411,2.257579015427603
1412,2.2372603944859177
1413,2.298175748502612
1414,2.3043709909747307
1415,2.4907941969320695
1416,2.672522970256518
1417,2.9070926118779825
1418,2.7439237243335355
1419,2.468610246555794
1420,2.6397866746247978
1421,2.4359364548591294
1422,2.5825824929363583
1423,2.6312922569475607
1424,2.725504075074739
1425,2.7245327612574006
1426,2.371238195702934
1427,2.4175426387791425
1428,2.381809257990516
1429,2.380042642073011
1430,2.2727784318807
1431,2.3988492573327016
1432,2.2343366273042693
1433,2.261122382634238
1434,2.2071327941812364
1435,2.1880208575175595
1436,2.113550702178705
1437,2.2052019342058036
1438,1.927180294978869
1439,2.0841245578211236
1440,2.0449351596451
1441,1.8325958752678904
1442,1.8180195228311786
1443,1.7373185794892454
1444,1.9171506839980204
1445,1.5894090012978137
1446,1.665483556836151
1447,1.7263987074420366
1448,1.8279140908666218
1449,1.6874323539349967
1450,1.866904976609425
1451,1.8186548509406262
1452,1.5774694135287932
1453,1.6405804118111504
1454,1.5476916153586002
1455,1.5680639668514962
1456,1.486674048995466
1457,1.5165001656023294
1458,1.4959539082914077
1459,1.5619122245308354
1460,1.55643476849707
1461,1.664863213267479
1462,1.5271297635532257
1463,1.5155671516174098
1464,1.4189178199545158
1465,1.4337315131488773
1466,1.4328420389027419
1467,1.3372343651986751
1468,1.3355411436877032
1469,1.2536050410362392
1470,1.1902701275374163
1471,1.2393627923281414
1472,1.1890930825035761
1473,1.2404114081160584
1474,1.2138079660102723
1475,1.2385339832230855
1476,1.5205259875782067
1477,1.3757145641944526
1478,1.2788389684352899
1479,1.1274660689234812
1480,1.128308224710853
1481,1.2195430780762992
1482,1.1917352916602515
1483,1.1372416037868995
1484,1.2386898026754636
1485,1.1208041623126006
1486,1.1687898665476713
1487,1.2590424750180247
1488,1.35208076513191
1489,1.4139430537446827
1490,1.3934846697798884
1491,1.3225916332841676
1492,1.1961660582930764
1493,1.177045058746359
1494,1.2231225235271757
1495,1.196930848333105
1496,1.1775286154895306
1497,1.2181046042236907
1498,1.2159127828779923
1499,1.1570972761199068
1500,1.1156750757005736
1501,1.286487437400888
1502,1.1101481283119157
1503,1.124026148261044
1504,1.1190488058321066
1505,1.1615691071985224
1506,1.1615871308154468
1507,1.2073388032249575
1508,1.4269327668734277
1509,1.4691144785428978
1510,2.4185839572072583
1511,2.5091097254858856
1512,2.865369428870275
1513,3.4627292761388118
1514,2.4469620574976028
1515,2.4931833293008783
1516,2.2238954529961825
1517,2.191580511195079
1518,2.2956998423114032
1519,2.3519737987300755
1520,2.38954373980475
1521,2.3116321328641205
1522,2.116672149345437
1523,2.3198451169475507
1524,2.321921050462939
1525,2.453887820228547
1526,2.7584154225739073
1527,2.6281083418106355
1528,2.5980515662885595
1529,2.5378740859663473
1530,2.4783731394254587
1531,2.4314803093974575
1532,2.374178335411555
1533,2.367383171167697
1534,2.203853744594203
1535,2.0534776453432904
1536,2.149181377678303
1537,1.941698383963266
1538,2.259077868070052
1539,2.1541150331184604
1540,2.266646514179169
1541,2.248603571633844
1542,2.206450295077059
1543,2.2378432872393526
1544,2.285864404199366
1545,1.8767822638474743
1546,2.281553951920335
1547,2.257045228463231
1548,2.081079598372502
1549,2.028237907633048
1550,1.9247524058463916
1551,1.8831687555038903
1552,1.7758910724108203
1553,1.867671594227662
1554,1.9428475882163376
1555,1.8250333609227514
1556,1.8129555487894626
1557,1.7403419736987054
1558,1.6213564563708347
1559,1.670279839868967
1560,1.7214302516331776
1561,2.441138153013282
1562,2.530973936641578
1563,2.753306857060068
1564,3.010457599127313
1565,2.9583962130230437
1566,2.9526824942098804
1567,3.014217327090115
1568,2.762938109047878
1569,2.6670218043086935
1570,2.2752405634444868
1571,2.3136594872512504
1572,2.098218499466183
1573,2.1323422471472133
1574,2.0489033421291847
1575,2.1205945856095636
1576,2.38449910644712
1577,2.7161733772819443
1578,3.625893439478558
1579,3.821996257951223
1580,4.3492125767999354
1581,5.258337315030828
1582,5.101848205470609
1583,4.621264103664976
1584,3.733274199321344
1585,3.7756991049911206
1586,3.785226191036103
1587,3.7962321232914342
1588,3.798803697334132
1589,3.50654157076915
1590,3.695100767519801
1591,3.8545747483505566
1592,3.85951363880251
1593,3.827882288557215
1594,3.6780601719997947
1595,3.2158403433297638
1596,3.186372777491164
1597,3.5819852046610774
1598,2.934448785998766
1599,3.069640858992196
1600,2.866021404523843
1601,2.7499532438880707
1602,2.6850878637424884
1603,2.8684733479624
1604,2.7176796611372422
1605,2.881279790914317
1606,2.9600605702279275
1607,3.0808403297180025
1608,3.285710854547341
1609,3.2510321511387086
1610,3.3156002031467766
1611,3.789407321174741
1612,3.6784526292858732
1613,3.5747558502486236
1614,3.5717872044986616
1615,3.7244255914159803
1616,3.096212003279129
1617,2.4790537459818487
1618,2.355414807868618
1619,2.102358786922053
1620,2.0785289813518317
1621,1.820001226174864
1622,1.7296574004940861
1623,1.5029302118091563
1624,1.468360901757881
1625,1.5541297570117463
1626,1.7566092213660693
1627,1.7290546246105243
1628,1.7363282737963948
1629,2.3198386898437873
1630,2.6363749658706093
1631,3.2556573449845407
1632,4.31150286324241
1633,4.486351730929557
1634,4.476783713290991
1635,4.491102526042303
1636,5.3138075814634
1637,4.631844050928465
1638,4.389905935463807
1639,3.326044962531907
1640,3.4285967895275475
1641,2.895426856032621
1642,3.075053099832462
1643,3.0917071680701733
1644,3.9155528728401556
1645,4.514235648895077
1646,4.657308958524032
1647,4.140979174396858
1648,4.04840569581131
1649,3.8435832882962875
1650,3.426737295212469
1651,3.2722327045897375
1652,3.2243048179320044
1653,3.027790117430869
1654,3.1349325510488417
1655,3.204586669045311
1656,2.8289691249008655
1657,2.7778557749378607
1658,3.090586112136748
1659,2.934816412022937
1660,2.753817317924631
1661,2.6650036405897217
1662,2.534643945720019
1663,2.767015742728555
1664,2.8992312766645862
1665,2.916812872744425
1666,2.834175450127753
1667,3.023644301017839
1668,2.883011227286339
1669,3.090743097921641
1670,3.171203601290185
1671,3.4712229724236265
1672,3.6974449249928325
1673,4.244050421621827
1674,4.576859858405394
1675,4.253484079505289
1676,5.618326534448613
1677,5.5523733873682355
1678,5.646145424886157
1679,4.669188424114673
1680,4.832616933572607
1681,4.561317036614078
1682,4.01970690997828
1683,4.467312915274696
1684,4.441014944548628
1685,4.35470022944485
1686,4.5106727268586795
1687,4.6101192152743655
1688,4.4948709592240235
1689,4.4223934371346
1690,4.227438667974688
1691,4.099905378665732
1692,4.0931732506802305
1693,3.964521514847507
1694,4.033772036507512
1695,4.088059957300565
1696,3.7543257339825487
1697,3.491148867261424
1698,3.4952687130803923
1699,3.7630966874365974
1700,3.20315333220703
1701,2.9699837615661546
1702,2.9913699648784573
1703,2.9202516265596934
1704,3.03523748504667
1705,2.8307021301153408
1706,2.8927670715945313
1707,3.3225131164490307
1708,3.20516143799749
1709,3.185310330118404
1710,3.19495333787259
1711,3.221171813719375
1712,3.1689815455616963
1713,2.948445928314387
1714,2.8646470236632764
1715,3.0881936492320126
1716,3.148136772765273
1717,3.2514554819330304
1718,3.1824975231349164
