,0
0,3.6941200284476903
1,3.7436346880370595
2,3.824306341779224
3,3.9638604365192265
4,3.6561846849064366
5,3.433829735074975
6,3.5312999952468287
7,4.022313241457621
8,4.1303379060207135
9,4.266374015487804
10,4.058206006332789
11,4.665910801164842
12,4.962456661426897
13,5.477502647468771
14,4.683737736712274
15,5.265409234014706
16,4.786740435696366
17,4.643864829983228
18,4.826258921020044
19,5.103158289984463
20,5.563764829735541
21,5.335472862980532
22,5.338873220977239
23,4.547734651653221
24,4.308582046222551
25,4.1869172289971415
26,3.943080987991801
27,3.9415679825459806
28,3.9645609554500796
29,3.857498718378931
30,3.4550485362250596
31,3.402940168486095
32,3.1662772469209624
33,3.2431182066195805
34,3.1473430777794733
35,3.2475955183183247
36,3.2443453686305963
37,3.2991359000240683
38,3.5752915940985517
39,3.8462041712396755
40,4.4244677687819625
41,4.025337735924008
42,4.962625378061761
43,5.153637446787236
44,5.546875035450419
45,6.605688889511056
46,7.519574408944729
47,7.631409082061204
48,7.6704636130647925
49,7.677772438909171
50,7.721404533135752
51,7.375376417225339
52,6.6672194983623365
53,6.772857824137675
54,7.475835432804075
55,7.421360636663263
56,6.7596557094373075
57,6.164414968296824
58,5.50835228978668
59,6.093119727280709
60,5.631494307057102
61,5.611623990969204
62,5.38326998089005
63,5.168948489902534
64,5.056255437964836
65,4.459055020015102
66,3.8119778823746593
67,3.7585915781756642
68,3.630831657398256
69,3.5701269374905635
70,3.3773261078032433
71,3.2636233333549725
72,3.3205286236163567
73,3.041486678233961
74,3.0084277799054604
75,3.029909960331432
76,2.9993424845091825
77,3.02426117616608
78,2.9240682057650713
79,2.966799599470434
80,2.7770006382672467
81,2.7092735421385843
82,2.650206879499918
83,2.5826455167764517
84,2.558367909439759
85,2.4543647454114823
86,2.548110508826424
87,2.5651469638566606
88,3.1073952745604
89,3.030242557919338
90,2.941953490197848
91,2.788631670078204
92,2.5948165770216924
93,2.3565175529894358
94,2.5794144860743806
95,2.3291104878340256
96,2.458181985918036
97,2.534661252709314
98,2.47172678772417
99,2.597929052679387
100,2.3150276878898524
101,2.6482646490746258
102,2.506923496006275
103,2.3155915518441628
104,2.533185643986899
105,2.304097193322386
106,2.238273571312876
107,2.441638801614202
108,2.571354002582549
109,2.9643883453893265
110,3.3730162812296975
111,3.45812005050547
112,3.0703589264286384
113,3.0683389079483483
114,2.9907800849121955
115,3.3196467987969633
116,3.103855362157137
117,3.1659172569651544
118,3.107919652098024
119,3.1364648909388935
120,2.8635587357827252
121,2.675689917820812
122,2.695078481376888
123,2.6181524069865825
124,2.56920238565187
125,2.5616532966349737
126,2.432507892308195
127,2.6952052513761444
128,2.5416108507519324
129,2.508358307221843
130,2.5086729427827126
131,2.271204903934392
132,2.2217468521027914
133,2.096098888295497
134,2.1234614914949947
135,1.9501056035397366
136,1.935519468385139
137,1.895086269013139
138,2.0896853375511113
139,2.18595037715403
140,2.350146763771255
141,2.2135158176502325
142,2.8863267512259845
143,3.3261381453201335
144,3.833954174320742
145,3.8084499636925004
146,4.215141670346957
147,4.33961496220998
148,4.750502316960291
149,4.560915496881694
150,5.640737786294312
151,5.860090055724949
152,5.688753121235709
153,5.540720985984607
154,4.442789182839109
155,4.472451032105115
156,5.603294158144165
157,5.838777713232433
158,5.714469535129639
159,5.876293751027864
160,4.52684853387497
161,4.887920021860517
162,4.593436938657232
163,4.4417095275409535
164,3.944076046496357
165,3.9430307584137885
166,3.82076335175019
167,3.7039408537095264
168,3.426848077472635
169,3.185874325652277
170,3.2314109316271913
171,3.0744639555825826
172,3.2389358616086517
173,3.075239599801972
174,3.0995802137511914
175,3.148300509259247
176,3.1107930945042015
177,3.067063592774738
178,3.0050528268681944
179,2.982705216373377
180,2.9504882579778906
181,2.7685113411544813
182,2.648145357667756
183,2.6696273763320457
184,2.6204889761816124
185,2.475229429241626
186,2.27766635676054
187,2.193147508101892
188,2.2454862102492985
189,2.4439773501043374
190,2.430298578160998
191,2.2980248024210126
192,2.1412839433058255
193,2.0550688652724687
194,2.021395501179901
195,2.0046364143616375
196,1.7915506681472544
197,1.5803662365624693
198,1.680674971698245
199,1.5309338258138205
200,1.7282202204958643
201,1.8537070491640724
202,2.1691427636238183
203,2.1862905167348234
204,2.305680763265631
205,2.426444736853472
206,2.927597792328266
207,3.379403768211462
208,3.455450534159988
209,3.4110206766097466
210,3.2775782726796168
211,3.152778132119217
212,3.1102278869566784
213,2.9754626593894304
214,3.001512547760009
215,2.8069387702490234
216,2.7474132552587798
217,2.6835797710112015
218,2.6511913194558847
219,2.6225449899065905
220,2.6421491491190916
221,2.8739321541404914
222,3.067957856596975
223,3.201613105747659
224,2.7872311073332137
225,2.837329156894372
226,2.667881785543554
227,2.726526333259198
228,2.704422742156604
229,2.7266658866123783
230,2.797989017802572
231,2.907037771342153
232,3.279504538208858
233,3.1532446528821003
234,2.9790237335781105
235,2.97069549965459
236,3.1286601132293272
237,3.267039652620915
238,2.9790257242547256
239,3.03404011444935
240,2.927001222071146
241,2.654106440215581
242,2.4960455196060702
243,2.595002255019154
244,2.630364677991914
245,2.7257272292756034
246,2.711309582677158
247,2.5719360875659474
248,2.60758121026451
249,2.5461903746732535
250,2.441632619062667
251,2.4132204172665483
252,2.547165232019785
253,2.46221433958667
254,2.431004595304271
255,2.2047725565196257
256,2.2010173535490725
257,2.137917765691967
258,2.0646529396688718
259,2.137180210220687
260,2.097132698688172
261,2.164202888142044
262,2.333258693926849
263,2.4965196067007716
264,2.5061683011258133
265,2.6405226428663706
266,2.6334529076268884
267,2.654193391456821
268,2.6307878073738244
269,2.48257328737767
270,2.4494177672084563
271,2.3343405468078213
272,2.127435245821845
273,1.930890316101612
274,1.9706682230299053
275,1.9397497411995333
276,1.9898562135549664
277,2.0906056543539133
278,2.016736726144708
279,1.9755106399507958
280,1.9251230308229452
281,1.774177069971892
282,1.6978283528987206
283,1.560162053557831
284,1.3918003941013124
285,1.2511269854671274
286,1.210168060932135
287,0.9881534527129483
288,1.1197653734845707
289,1.0696694941438603
290,1.1298351405124805
291,1.124203764390632
292,1.1683045435318669
293,1.0862016976777165
294,1.0876334408555863
295,0.9561991036647391
296,0.9540416560365069
297,0.9320346348573992
298,0.8496040355139038
299,1.0467118506537072
300,0.8854311545989333
301,0.8891713234010921
302,1.0894620095708814
303,1.0070604855559815
304,1.144623624935587
305,1.3286694489643598
306,1.3462834376958603
307,1.6833800317012373
308,1.8995334844984455
309,2.2893614949564256
310,2.44079014477526
311,2.4868697068524557
312,2.7389746193755755
313,3.070924222969616
314,3.049025674942684
315,3.1046415233583198
316,3.7354032319890433
317,3.5550760675838355
318,3.571371824755995
319,4.250897025405017
320,4.000172602710274
321,4.362739391910701
322,4.351100257113363
323,4.182380352205791
324,3.9701423362142423
325,3.605174266394599
326,3.4511166019942863
327,3.6283889563744323
328,3.2208178069801283
329,3.196320793239696
330,3.3399605949205737
331,3.41514218870739
332,3.3493734710485885
333,3.585830453167514
334,3.3769164519458554
335,3.234499901582668
336,3.0085227384786304
337,2.934664194094372
338,2.853516701834437
339,2.8551496065821937
340,3.077660238840556
341,2.984490663553215
342,3.0429808039258037
343,3.2894564194272644
344,3.544872170243921
345,3.6268672320069646
346,3.6768970128848824
347,4.138501094186993
348,4.009364873779093
349,4.134710349664832
350,3.962243514229062
351,3.403098160539517
352,3.477428115862738
353,3.312632840795542
354,3.06868115310117
355,3.0518435420857783
356,3.0589927667008365
357,3.231452941997556
358,3.3212307459338697
359,3.28233033689823
360,3.2485821068216607
361,3.3087948794318223
362,3.111120949736666
363,3.1573200021090098
364,3.399163951910702
365,2.977174506943224
366,3.2050545747222663
367,3.3092709633805644
368,3.687421967059989
369,3.8210240787250176
370,3.3516113546008155
371,3.343724739148707
372,3.7289397152839667
373,3.9953422290327105
374,4.057112632147684
375,4.053590630648593
376,4.050226360916709
377,3.940892414614938
378,4.667399941595568
379,4.183380190532862
380,4.112420958365566
381,3.90143473990574
382,3.815554680865657
383,3.6834037415648986
384,3.966973806147358
385,4.012734813993679
386,4.003609130559482
387,4.013584980797001
388,3.487864839145823
389,3.9915761821417286
390,4.070644236962461
391,3.978234105034744
392,4.701903618395978
393,4.187812125901814
394,3.994669973976394
395,4.0358186643388505
396,3.528029177030195
397,3.5290137913830333
398,3.62134141638513
399,3.7719031982678617
400,4.0190410973033055
401,4.012364166746453
402,3.96304223992888
403,3.511121716449698
404,3.972532070845278
405,3.7771650910629475
406,3.7694243802700402
407,3.4028900860162685
408,3.56715234838978
409,3.228560496555524
410,3.31907151289991
411,3.3751878049172666
412,3.391664281389103
413,3.192607240652172
414,3.229281262469734
415,3.334114731604139
416,3.3651583489955925
417,2.915635047012989
418,2.95592767496797
419,2.9598891161244256
420,2.665436707294714
421,2.599886681945969
422,2.6979276383060293
423,2.719881721751076
424,2.498971024925152
425,2.2963408147213094
426,2.37421993290149
427,2.203365420548168
428,2.09954688176272
429,1.885683057879648
430,1.8779365414607565
431,1.7385234798030316
432,1.8113329257443616
433,1.851517788475714
434,1.7002770358762613
435,1.6607219495055359
436,1.675456836379407
437,1.6583155673060344
438,1.6737015747035995
439,1.6584501782642016
440,1.6620146319448963
441,1.782953989589378
442,1.8048117212420032
443,1.772663443733617
444,1.8264736456176764
445,1.979611187875563
446,2.1907106891938617
447,2.4697154253573976
448,2.5197406837153022
449,2.8743760723767684
450,2.894177615805302
451,3.281718316914103
452,3.5078409848025123
453,4.06581438088391
454,4.252975536656409
455,4.521787105973593
456,5.200868837440453
457,4.638346695807722
458,5.130392979550638
459,4.680132114437957
460,4.748045196434843
461,4.609519770063153
462,4.29620874274021
463,4.786744953751113
464,4.10776398087325
465,3.924281418254373
466,3.8684565882254995
467,3.518397924894146
468,3.1215054309441204
469,3.0849697748146756
470,3.0437266446861178
471,2.912089418271657
472,2.9859319499254857
473,3.010810968787857
474,2.957861340551893
475,3.2341644077962806
476,2.9878594410937813
477,2.9852122136647927
478,2.962691948421832
479,2.8652746780549796
480,2.8405835714155723
481,2.8247317854883565
482,3.0173191902402907
483,3.430028671359552
484,3.654281082327081
485,3.449047616354509
486,3.4858642318951847
487,3.5760866073406605
488,3.5076735876005642
489,3.534500965733592
490,4.0491936851106445
491,4.24118680682252
492,4.250019083469715
493,4.251794670700017
494,3.90483303284158
495,3.4781282119950667
496,3.410655719633738
497,3.8015443902375634
498,4.28953554982506
499,4.365645239640316
500,4.503886561869167
501,4.305598044425339
502,4.351168799333953
503,3.911534974094005
504,3.944324204617527
505,3.838781121173596
506,3.7734742581736067
507,3.4027972249248073
508,3.340665431174958
509,3.0953942614486833
510,2.8663747268615665
511,2.5628537560009557
512,2.4175116936744283
513,2.530452667719443
514,2.300241000368855
515,2.253195791646975
516,2.230677370426991
517,2.479708582026527
518,2.5103347319338125
519,2.578834956978931
520,2.5196116161038398
521,2.3470997621297633
522,2.2887367668182437
523,2.152325879453356
524,2.082129102861551
525,1.9880925551868718
526,1.7625178419559382
527,1.7608657659848752
528,1.58408321653794
529,1.6192043487354484
530,1.5013985075085672
531,1.4001388523355889
532,1.3092538795517752
533,1.3213792889236624
534,1.3391363432198065
535,1.5539564917493427
536,1.813948516021683
537,2.2997845657673244
538,2.6350466096498897
539,3.048838137915318
540,3.8815143232501415
541,3.594486784122528
542,4.344627384700321
543,3.9815082272107234
544,4.841175187526375
545,4.623783265540494
546,4.457913132773717
547,4.396107617782257
548,4.978959246501683
549,4.270593762558433
550,4.685895286178225
551,4.796228982076597
552,4.414840141625706
553,4.25182390631465
554,4.314708892994974
555,4.34740274600012
556,3.9302290755147773
557,4.1306957861642815
558,4.384423695628115
559,4.387652509995336
560,4.366326489725125
561,4.001026109255613
562,4.1919995058939605
563,4.118604975549611
564,4.645875097841805
565,4.191798134536148
566,4.400562564323197
567,4.887359496616606
568,5.025173197437881
569,4.700007009187851
570,4.578477415055877
571,5.343693064032543
572,5.592948327775229
573,5.432332592704445
574,5.372590252645494
575,5.197012512217986
576,5.090777387265174
577,4.853354043398037
578,5.065170439100231
579,4.9449939000516885
580,5.0292320574885
581,4.6784937582589325
582,3.988917865918057
583,4.1512301161725444
584,4.039928040629923
585,4.10115227639227
586,3.9634734921765093
587,4.134727335739202
588,4.359175631596423
589,4.228491921351418
590,4.755149406753638
591,4.86781646338296
592,5.073930549073437
593,4.8230957174619835
594,4.862989823525514
595,4.394194427591938
596,4.338182659535384
597,4.247851979650466
598,4.070285584821298
599,3.853586709383198
600,4.004857933026147
601,3.8721710146337256
602,3.7577118069697333
603,3.783746808291892
604,3.6707218634970906
605,3.6905736137300336
606,3.825517839484431
607,3.411708278572755
608,3.7186394294258296
609,3.747151641705578
610,3.732975881462041
611,3.692575047111086
612,3.750828507436386
613,3.708690900768864
614,3.4345428870342762
615,3.3732668126197365
616,3.2944470649508903
617,3.5279147227555865
618,3.297770047645853
619,3.1597133095283425
620,3.145794201422088
621,3.0871854342719223
622,3.0859570742489617
623,3.553606166538234
624,3.1925710795255693
625,3.1761227910035834
626,2.8533051335112867
627,2.7469421279980915
628,2.6402116789460384
629,2.5915878886252055
630,2.6464762721541866
631,2.8580855088587436
632,3.0070135260770163
633,3.267847682808674
634,3.0670917710192316
635,3.214499187917683
636,2.9285606540112634
637,2.70569570751215
638,2.8559023916419273
639,2.577408035195116
640,2.607604739797466
641,2.2953331163842003
642,2.472327520561012
643,2.3004950288885997
644,2.530994525017231
645,2.313874022486928
646,2.2434241415789273
647,2.1489934998782547
648,2.1920914163776306
649,2.189168377210475
650,2.0567324062287176
651,1.9238546861443178
652,1.9187451653001608
653,1.9155764208383077
654,1.7875373153916503
655,1.8207295320587522
656,1.8284879369805993
657,1.714362967364759
658,1.848066750185748
659,1.8771703696279287
660,1.8885203578359009
661,1.853337164220943
662,1.8920422901280296
663,2.3242575211308756
664,2.454403788309562
665,2.5764247530738644
666,2.817947162817951
667,2.8236701319822854
668,3.185526523367868
669,3.563963114852516
670,3.7427589159561485
671,4.209980454823649
672,4.586469337585565
673,4.6339823365341735
674,4.628781520488877
675,4.498939762431752
676,4.020992061561947
677,3.8079683425245108
678,3.372096823448344
679,3.3631573483499944
680,3.1731875070421696
681,3.3281357334540687
682,3.6685445809358708
683,3.830380830010409
684,3.8280551174378905
685,4.212777260141545
686,4.1152298114259365
687,3.766724256408276
688,3.7503498778643864
689,3.2937338752759957
690,3.3306074993533805
691,3.1297704177179906
692,3.1148491641950975
693,3.2285314624910955
694,3.2122404735965335
695,3.2645209238962147
696,3.35111657669633
697,3.2863763496412544
698,3.107068603452258
699,3.024999932504169
700,3.0222989753760308
701,2.9559359973208346
702,2.921985556864677
703,2.9856294188262127
704,2.911234063529901
705,2.696074395538207
706,2.624576918654818
707,2.569379282798982
708,2.6628926159769635
709,2.681458293879756
710,2.722693451836009
711,2.6647920830859855
712,2.64007403307951
713,2.7662130593923715
714,2.8663843019736883
715,2.7056244797363465
716,2.6406803898867435
717,2.5779174708000645
718,2.9752387783842313
719,2.798879459132755
720,2.9657509918912472
721,2.931187406928267
722,2.92075502211989
723,2.799820394021041
724,2.8796837121355465
725,2.7074339489565147
726,2.687779376667508
727,2.713319246713069
728,2.7517387873490646
729,2.4978343708729764
730,2.7967624295765288
731,2.735663487831185
732,2.709886970869273
733,2.542742027060317
734,2.477452642001022
735,2.409213673407051
736,2.289344421262731
737,2.596545683209954
738,2.7080419048234208
739,2.755170905917009
740,2.983007228340633
741,3.8674149767855557
742,3.9466272251776897
743,3.8634464463530196
744,3.5293982938017434
745,3.5612434177267263
746,3.4301173170180315
747,3.538128072996969
748,3.6371098901235985
749,3.5044543128181083
750,3.5063137432857223
751,3.440550884203621
752,3.1614998021076337
753,3.291565531656983
754,3.0952620373390154
755,3.2882832903624215
756,2.8827625985420227
757,2.938279860311275
758,2.7559299719323596
759,2.992807926450588
760,2.9880872311327424
761,3.342983930996481
762,3.3962494045519507
763,3.6271122289628916
764,3.3321343259650122
765,3.277427127631238
766,3.6380499759508695
767,3.754034404521651
768,3.749392517944349
769,3.4471587885253534
770,3.6100859595893935
771,3.7108141953533322
772,3.7649909848896352
773,3.890231650146723
774,3.9761335758029244
775,3.788729729405251
776,3.4676552795232767
777,3.2436520465729206
778,2.976651000238369
779,2.954869012803294
780,2.893432591540866
781,2.61395289615662
782,2.5478040628842833
783,2.5369895324144327
784,2.1758708119349084
785,2.481478480643495
786,2.305360184603747
787,2.254468596308648
788,2.0522349211723663
789,2.2076545274457606
790,2.007075968184739
791,2.0444248098218676
792,1.8366896832708344
793,1.9408828000074732
794,1.8756813798814964
795,1.800775585435494
796,1.8453627317207713
797,1.815567192546469
798,1.5923645890921074
799,1.6693284831839799
800,1.8306306698549497
801,1.6789795594068968
802,1.7853040987944355
803,2.014601478905466
804,2.1578264090438517
805,2.2184321961859172
806,2.0871676435276667
807,2.5084541155701765
808,3.028508269071775
809,2.62499202970897
810,2.582223002785567
811,2.9385369994773214
812,2.8165771591533075
813,2.54074195441377
814,2.5602052952548164
815,2.401040901951402
816,2.225243234636581
817,2.0630715026745863
818,2.08539614140569
819,2.20464412357071
820,2.190155450566706
821,2.16373159910704
822,2.2144123095179506
823,2.3959413903012265
824,2.270648017892783
825,2.0470161210841766
826,2.0106100933186384
827,2.0050079834489005
828,1.978724709647897
829,1.929982948317598
830,1.903098492529202
831,1.8702692705055468
832,1.7629355261382584
833,1.7634788650838364
834,2.0513501450311757
835,2.181603915140417
836,2.1261195292265587
837,2.1548574704827796
838,1.865762346929249
839,2.080318487524991
840,1.851460687372333
841,1.6960404804032196
842,1.5387905965445914
843,1.4277562376655732
844,1.3271927762346079
845,1.2905367232044067
846,1.226168736997278
847,1.26534837075685
848,1.26309726130038
849,1.1939449191606535
850,1.1682288934229386
851,1.1406089497767373
852,1.1374728527598112
853,1.073745652125564
854,1.1158592771526743
855,1.1920925604897916
856,1.2006458464149934
857,1.2388617440033682
858,1.3329425806066084
859,1.5250651571919853
860,1.6260388145953235
861,1.6382936278346953
862,1.654168448312668
863,1.8048519582096352
864,1.7600829064830936
865,2.2629813252352307
866,2.5268114334872886
867,2.6981826035896317
868,3.323200948904857
869,3.509113555976459
870,3.68766097247798
871,4.470243941457628
872,5.058599849472805
873,5.222834198073809
874,5.424528932296491
875,4.8513032739268205
876,4.320753698952024
877,4.236244502263823
878,4.257132910203133
879,4.101216350446078
880,3.625277106472946
881,3.851676162802061
882,3.7703890913056743
883,3.7151627682105035
884,3.8114863861194688
885,3.82632358865549
886,3.472757496909017
887,3.3650831762292226
888,3.4377233149388626
889,3.2962932428664304
890,3.9237432193676858
891,3.7213115069185294
892,4.109295537746868
893,3.9376523043400833
894,4.405607119395972
895,4.790872678374781
896,4.787235633935822
897,4.409828058637372
898,4.252862898721249
899,4.145174571547818
900,4.247504688294185
901,3.9811784372151497
902,3.85440516196182
903,4.076556310553238
904,4.577680605073076
905,3.923127017606159
906,4.069086209808988
907,4.044132701388496
908,4.1223109536293965
909,4.769762745178842
910,4.230011617753854
911,4.265114320576409
912,4.192909865099885
913,4.160952469766683
914,4.166553403929647
915,4.162609367151368
916,3.550172240078892
917,4.027788055726021
918,3.764936731080732
919,3.516639267329092
920,3.4297460158063062
921,3.582734723408124
922,3.800133168581135
923,4.096988157964791
924,4.058361345168861
925,4.08605339645697
926,4.074111459576407
927,4.158654126427791
928,4.174026192368903
929,4.155297537285682
930,4.241881983791255
931,4.740817186351516
932,4.285207286074965
933,4.215620314795047
934,4.0961170375610525
935,4.20039453139025
936,4.117986326773286
937,4.133460064846544
938,3.9538749293846918
939,3.810503549220704
940,3.7244088664832815
941,3.3954095035837053
942,3.38045246196116
943,3.179087729768759
944,3.2816422362223787
945,3.2502268226989264
946,3.3199508575223207
947,3.743455962134212
948,3.9116106142631
949,4.322102541944793
950,3.996756709671128
951,4.030349777575284
952,3.891645330666337
953,3.8715181606893503
954,3.7976607180231245
955,3.697224380133194
956,3.8125093650506563
957,3.927580026735481
958,3.9447324023251813
959,3.8774456404428146
960,3.5299575590443144
961,3.8888214260646783
962,3.9301969567562294
963,3.7972765226349976
964,3.4335716096035793
965,3.3254432489763706
966,3.370020043989217
967,3.2966725377475
968,3.293439256279613
969,3.084851228850311
970,2.9716215724661432
971,3.2970474970555474
972,3.0047835235015263
973,2.7502027570496423
974,2.5390289730532833
975,2.544372241129878
976,2.543177858343873
977,2.316622390324249
978,2.383195101232961
979,2.284004652909965
980,2.2408792973822136
981,2.1784048419781685
982,2.070774034994025
983,2.338784270618211
984,2.462079795864584
985,2.21239605529974
986,2.0057234529636205
987,1.8661219955452342
988,1.7416699085507479
989,1.6360190521793676
990,1.5661115275175117
991,1.6039635871143294
992,1.5580011184872062
993,1.6797667596997434
994,1.87423349072676
995,2.27089138198662
996,2.004726770030738
997,2.0485447577084845
998,1.9553093566191104
999,1.9805702829793699
1000,1.9696615077537358
1001,2.065029440849639
1002,2.017821428410591
1003,2.165817253955127
1004,2.3551857485308516
1005,2.955336088798126
1006,3.086138699878239
1007,3.1265992627364967
1008,3.2044751515785763
1009,2.9523521226828318
1010,2.271678936549818
1011,2.5746556066861506
1012,2.297126363409735
1013,1.9834292110417306
1014,1.8970257126666124
1015,1.836679638925318
1016,2.0060410255632317
1017,2.2025617319283017
1018,2.1274254907703547
1019,2.220843897141054
1020,2.32670461322136
1021,2.4576317925665774
1022,2.5255253967236055
1023,2.2583631855312323
1024,1.9825336972676486
1025,1.9100675162046272
1026,1.8901806513272437
1027,1.9479113463528
1028,1.8885464921693023
1029,1.8772364447336245
1030,2.206050617270403
1031,2.1139224687880906
1032,2.2816085861970006
1033,2.3835906313936164
1034,2.3187910810051524
1035,2.6902665737077918
1036,2.694327767892483
1037,2.8802345896387798
1038,2.738696417907188
1039,2.7303959142871093
1040,2.869704013342299
1041,3.0423470632715293
1042,3.3177706316264826
1043,3.76311484807259
1044,3.8872119583828
1045,3.895810114439443
1046,3.868298107195203
1047,3.853503391143468
1048,3.887563450001062
1049,3.4109774346724677
1050,3.7736405106808775
1051,4.140416594871119
1052,4.161823613158309
1053,4.245628228426992
1054,4.277287808990351
1055,4.609265257082787
1056,4.241476324439762
1057,4.192777937976384
1058,3.9157582629502437
1059,3.847021055791083
1060,3.077372882191412
1061,3.007976876920595
1062,3.1900172095040666
1063,2.8981231764616
1064,2.631365522565176
1065,2.692513174126254
1066,2.501435648677565
1067,2.6100609117346107
1068,2.456024852303851
1069,2.3508725541592934
1070,2.264477416323458
1071,2.1831937683919285
1072,2.1665810918040025
1073,1.9985342227434382
1074,2.065154485836182
1075,1.9767937726963847
1076,1.820349972470288
1077,1.9257687381015416
1078,2.045001771480201
1079,2.557526147264038
1080,3.0123829491944476
1081,2.822787287288857
1082,2.586613134311799
1083,2.4939524403612507
1084,2.6454297786718177
1085,2.418052839215492
1086,3.0707610378658594
1087,3.1126115334954196
1088,2.970798284736612
1089,2.6622208850034124
1090,2.8688948717855913
1091,3.730953764350123
1092,3.915146704123205
1093,3.892982778260673
1094,3.389086502579358
1095,3.396064537682321
1096,3.222685429544487
1097,2.986125079438871
1098,2.903344643966305
1099,2.9075017948568895
1100,2.894442534949646
1101,2.9456373771264386
1102,2.9869141786350997
1103,3.2535149216708836
1104,3.5846893377981783
1105,3.756303101812772
1106,3.8405570228200077
1107,3.992180046818556
1108,3.7930501465385222
1109,3.546747772760905
1110,3.7216385535007213
1111,3.7578888836661624
1112,3.6185794543658
1113,3.4293776436163608
1114,3.2565223808086734
1115,3.283459027460534
1116,3.0866291288095136
1117,3.0426318854907244
1118,2.875339889260671
1119,2.7645370758270977
1120,2.6926124079816236
1121,2.6439868710031718
1122,2.7057491588331266
1123,2.29779030626355
1124,2.4340687409089696
1125,2.601176202337704
1126,2.9410079059325898
1127,3.001642964600655
1128,2.6224158194476432
1129,3.107665912774312
1130,3.294045631294389
1131,3.3385518127934937
1132,3.162283210802701
1133,3.333859253225676
1134,3.548037180781509
1135,3.2713726951903146
1136,3.326664773523272
1137,3.3393932981432957
1138,3.691136253818421
1139,3.7806108260543154
1140,3.4297290733892907
1141,4.144432520457908
1142,4.142565676313229
1143,4.035688599222583
1144,4.025942646383893
1145,3.9951575653377187
1146,3.83958128075025
1147,4.031054530455952
1148,3.871466789254638
1149,3.520573798843347
1150,3.2129099433570936
1151,3.3946288355811536
1152,3.605799072598348
1153,2.9947954724872643
1154,3.251305666576353
1155,3.168115704026232
1156,3.3689090520023517
1157,3.6141645075748716
1158,3.4180225381093763
1159,2.989794723642463
1160,3.1113497738788207
1161,2.964961310182509
1162,2.983727794199365
1163,2.9348274014850855
1164,2.981648120172827
1165,2.9968308661326284
1166,2.696525391247626
1167,2.9982963276925405
1168,3.053401554178561
1169,3.0243128503512415
1170,2.9069815047869927
1171,2.998927500939849
1172,2.5967942780479127
1173,2.5355063292131463
1174,2.9712108664576067
1175,2.672137347354046
1176,2.947221237222347
1177,3.003371003119429
1178,3.5795366580819494
1179,3.7582970437495717
1180,3.7617257529033177
1181,3.7680909569326446
1182,4.0146914896422645
1183,4.051088661855301
1184,4.079376447198114
1185,4.100421043530991
1186,4.063755487301592
1187,3.94300485197758
1188,3.8839322414085737
1189,3.8085518462040726
1190,3.393758223331357
1191,3.696393233874277
1192,3.455417489888377
1193,3.563590647761249
1194,3.4519612451268236
1195,3.058739299329012
1196,2.981281633460443
1197,3.07364768631453
1198,2.980659093329072
1199,3.149788575749212
1200,3.498845781589219
1201,4.240616364001841
1202,4.327589251749363
1203,4.619792430453241
1204,4.11809856610228
1205,3.9758024866803066
1206,3.9273411111655894
1207,3.749757325613337
1208,3.457920608310046
1209,3.656018859749428
1210,3.431409821019294
1211,3.7019078261334735
1212,3.073973560145411
1213,3.153877214027732
1214,3.3642573161291836
1215,3.418666175967944
1216,3.611760684626794
1217,3.5125581222723343
1218,3.6759418893644593
1219,3.8398773392354446
1220,4.142125855602879
1221,3.9279378114321086
1222,4.311933518475619
1223,3.8326979969994337
1224,3.815141783799018
1225,3.738392094082062
1226,3.7864945593688555
1227,3.419361719485085
1228,3.34206991730083
1229,3.2576832638391178
1230,3.2945723669025195
1231,3.209279803417296
1232,3.40196144230533
1233,3.2010909803196794
1234,3.1473832909126673
1235,3.087065140408624
1236,2.9375630523394842
1237,3.202395730389173
1238,3.0552384851938506
1239,3.0413375201675854
1240,3.076601025151115
1241,3.0051319783812005
1242,3.090690774743504
1243,3.2946194297874043
1244,3.0215653576749038
1245,3.330532821945413
1246,3.687614336888841
1247,3.4091015429448617
1248,3.292097269536965
1249,3.5856048578953637
1250,3.3229193711354186
1251,3.6596044035152833
1252,3.395051632097828
1253,3.3810250877072776
1254,3.330791856956362
1255,3.407603078234438
1256,3.2044281875669838
1257,3.41594749870432
1258,3.3258681834211585
1259,3.2002296844247016
1260,3.004887430976756
1261,3.1996127989534973
1262,2.937531794051651
1263,2.987115742868157
1264,2.9125937149759937
1265,2.733468187929134
1266,2.8314922413680206
1267,3.076947771178799
1268,3.370281965806996
1269,3.5897180449833934
1270,3.750223024898084
1271,4.038992309310264
1272,3.9849502463543542
1273,3.9208898648488013
1274,3.836812874899536
1275,4.052068192224681
1276,4.051189513067352
1277,4.329860421685045
1278,5.014121139065403
1279,5.826735138723125
1280,6.044545880323658
1281,7.0986962017701725
1282,7.100302595836252
1283,7.86552760846521
1284,7.610129986781512
1285,7.64168948765808
1286,6.981756029619638
1287,7.094071374684484
1288,6.794118369574504
1289,6.648623232546695
1290,5.976724802207508
1291,6.197534853344439
1292,5.682508141716521
1293,5.393964913204439
1294,4.882796046445842
1295,5.136819426787071
1296,4.8223514359014255
1297,4.772595686055537
1298,4.422609301819829
1299,4.174672431166386
1300,3.9113725467662244
1301,3.4295473979355866
1302,3.66981173490858
1303,3.4270091567844494
1304,3.3507386500429304
1305,3.1133334603719596
1306,3.2076602561556884
1307,3.2401681359503454
1308,3.3866796071642
1309,3.299665319719977
1310,4.238396685018037
1311,5.339136285012022
1312,5.723063977666956
1313,5.89172351126914
1314,6.13148394693015
1315,6.968036281662773
1316,6.935745272068828
1317,7.026572522525186
1318,7.081007487739526
1319,6.546284926455485
1320,5.668216309367773
1321,5.491248744130387
1322,4.9260524887760475
1323,4.958684700610486
1324,4.864818977851477
1325,5.144627004207934
1326,4.440059885214006
1327,4.41140173861719
1328,4.005638277258174
1329,4.253731388681924
1330,3.710258146834897
1331,3.5870264892813726
1332,3.69789841371811
1333,3.554296520953344
1334,3.2840381465500244
1335,3.3671401946345494
1336,3.83971403698629
1337,4.1256120154435685
1338,4.422918479994324
1339,4.432674960459724
1340,4.714374432939285
1341,5.375458424044583
1342,4.961233727043101
1343,5.186917923388806
1344,5.649346603618515
1345,5.3986073314668905
1346,6.35961644157714
1347,6.083200534887573
1348,5.970294614260133
1349,6.7187621161012965
1350,7.186025851490402
1351,7.27091014981167
1352,7.572946296151214
1353,7.708300374348321
1354,7.7052066815199405
1355,7.610889037050148
1356,7.708672318295145
1357,7.645119165791768
1358,7.6390387328107385
1359,7.62101016780849
1360,7.615572619245939
1361,7.572632564813286
1362,7.5637655776337995
1363,7.320815473439953
1364,7.4329974745581096
1365,7.265272329464722
1366,7.354452855827501
1367,7.2467086891009815
1368,6.56601520070441
1369,7.183787471501687
1370,7.407486943899856
1371,7.268232637189232
1372,7.189875950422458
1373,7.320763702403591
1374,6.192698712250848
1375,6.4603423695927376
1376,6.440595731057743
1377,6.080012638556964
1378,6.392964890669451
1379,6.161298172041299
1380,5.59156934874528
1381,5.483662021630654
1382,5.022692299344953
1383,4.994084481360178
1384,4.89187226844315
1385,4.67167990688643
1386,4.791480411911786
1387,4.68783999567282
1388,4.821105644502734
1389,4.618288816050784
1390,4.758385092676014
1391,4.227611172238471
1392,4.19836495484594
1393,4.048705214653271
1394,4.102801854179339
1395,3.783630825321644
1396,3.782188650412653
1397,4.016743523484161
1398,3.909258549208782
1399,3.805599662454098
1400,3.6865801227169244
1401,3.418246122795268
1402,3.3861729433966024
1403,3.3863556023631736
1404,3.2763205184629123
1405,3.147886409238806
1406,3.1926770462866254
1407,3.271252653872933
1408,3.029985349888113
1409,3.1181067474799415
1410,3.0091345378767302
1411,3.050708674899224
1412,3.029429345537703
1413,2.7734001910210204
1414,2.643130143660354
1415,2.9638680199832685
1416,2.656001282668793
1417,2.6189970881114077
1418,2.614772240735352
1419,2.340475710122242
1420,2.494294680457352
1421,2.4382757541521367
1422,2.501907248808827
1423,2.2693506364916045
1424,2.5198518834042787
1425,2.461078378312509
1426,2.5211315037113677
1427,2.916813036130679
1428,3.825409244776528
1429,3.9978482603169456
1430,3.836605204726626
1431,3.8248919713050955
1432,3.8681509140444517
1433,3.9982669839269627
1434,3.835172283364664
1435,3.5833930459886703
1436,3.446467490948123
1437,3.4544705198715318
1438,3.4184745393356786
1439,3.758009927109691
1440,4.3033015860972785
1441,4.360328214247891
1442,4.2107699439576685
1443,4.101335719584023
1444,4.198642060986963
1445,4.157646009814134
1446,4.025309487715734
1447,4.259141893976544
1448,4.42344156271196
1449,4.178228744131369
1450,4.802098286514116
1451,4.912466064783505
1452,5.326778421058258
1453,5.698825435592369
1454,5.690391301398029
1455,6.2340873921832385
1456,5.807857188548682
1457,6.031182117567743
1458,5.861988717634908
1459,5.560831454799946
1460,4.862107453952672
1461,4.859070612458667
1462,4.55900754015066
1463,4.669433445552328
1464,4.399209198899781
1465,4.754577229795735
1466,4.500863464795574
1467,4.3818007069360645
1468,4.210707026753411
1469,3.9348361959227365
1470,3.8916086936720347
1471,3.774911087094026
1472,3.3971022061008562
1473,3.3642331312964164
1474,3.3378332146136986
1475,3.102980530555618
1476,3.045549226475607
1477,3.0382734481214504
1478,3.032382937141078
1479,2.602490889102928
1480,2.471132564767673
1481,2.4070344669711505
1482,2.2854235532044607
1483,2.320766345416319
1484,2.3099610769986034
1485,2.271252350493417
1486,2.2323966769387673
1487,2.126600186611749
1488,2.13148756535908
1489,2.4188467791507273
1490,2.6833192260223586
1491,2.9926860761626166
1492,3.2666931673530413
1493,3.4681758343882074
1494,4.92831812921377
1495,4.945902374812897
1496,5.278129627821335
1497,4.948638597496802
1498,5.574176895358384
1499,5.286848716019794
1500,5.475108051264083
1501,5.436698340321803
1502,5.515411891648324
1503,5.531860206270606
1504,5.4283103490946125
1505,5.46250698415593
1506,5.416935351760891
1507,4.975975614846367
1508,4.903287264124702
1509,4.599987746177944
1510,4.437863370956696
1511,4.550586074574916
1512,4.589565293205052
1513,4.389030441060567
1514,4.19510316910257
1515,4.249479428730722
1516,3.9705355312526485
1517,4.0090295533333125
1518,3.8341625221227367
1519,3.7460726639714492
1520,3.7622555054843003
1521,3.756647482388883
1522,3.817785866659859
1523,3.724268976585187
1524,3.7384960344562246
1525,3.66335402889446
1526,3.60785120689185
1527,3.568602142432462
1528,3.725090295027295
1529,3.6506285039603164
1530,3.756148073447767
1531,3.6799078488507937
1532,3.277151632421383
1533,3.2453164034021977
1534,3.3580399008683304
1535,3.05288811846643
1536,3.204386475479764
1537,3.0453984871047974
1538,3.0363605703144096
1539,2.851419425097095
1540,2.648153708244821
1541,2.660273999133376
1542,2.65013299687213
1543,2.4357678159397707
1544,2.604614724536428
1545,2.873680834712109
1546,2.4203075582792177
1547,2.42615138121684
1548,2.2629241484288025
1549,2.4412900593306586
1550,2.226160571647069
1551,2.559335781012815
1552,2.245948859053368
1553,2.156639131330021
1554,2.1498372955218485
1555,1.925082263009738
1556,2.160497955921363
1557,2.1886645023463838
1558,2.1769484686633973
1559,2.387453220654568
1560,2.464455716932855
1561,2.5377191471011
1562,2.9333893347958484
1563,2.5829395647354496
1564,2.4674635297790837
1565,2.221905992591804
1566,2.1830614398969423
1567,2.309930294339885
1568,2.452658802574498
1569,2.377647899996591
1570,2.597335888628749
1571,2.3100865454280033
1572,2.6576522955617587
1573,2.5418609220202586
1574,2.4668948480447903
1575,2.449713068927076
1576,2.4013280975254325
1577,2.4366555115537767
1578,2.1920191991977074
1579,2.0654813419131295
1580,1.9207704158716095
1581,1.7799539502912765
1582,1.8237695901540167
1583,1.795068046616129
1584,1.6583057104535759
1585,1.773666138322673
1586,1.7733681165721829
1587,1.7468611638509506
1588,2.1754409849397374
1589,2.3611261650935305
1590,2.589962027834468
1591,3.017889715964422
1592,3.2580688146768604
1593,3.239828339835733
1594,3.0811675022265916
1595,2.6578198521251535
1596,2.919975972645685
1597,2.600424177225999
1598,2.623012490217013
1599,2.831736354471979
1600,2.867949952918956
1601,2.6967107851371486
1602,2.6517088486424725
1603,2.537749296155105
1604,2.5972312460978393
1605,2.615056015875185
1606,2.6379104609748696
1607,2.5327417524675644
1608,2.438331025746822
1609,2.5816774155048274
1610,2.595720255935586
1611,2.5126992512110924
1612,2.717500833210665
1613,2.8840554798541405
1614,3.010386411078237
1615,2.9672278755404116
1616,3.3352412378525744
1617,3.279978174692798
1618,3.6977165945881922
1619,4.018493182897794
1620,4.57294400289202
1621,4.13995577357214
1622,4.133387311628928
1623,4.085251829126314
1624,4.040179425239974
1625,4.0826243219448815
1626,3.938143751345063
1627,3.823822507541812
1628,4.01649310299856
1629,3.451874458906752
1630,3.4663027618586404
1631,3.4004897681836352
1632,3.418049675241081
1633,3.676988186286633
1634,3.743226284574842
1635,3.2958164616797943
1636,3.048130032051489
1637,3.2393949816958765
1638,2.971390309384112
1639,2.999573264986383
1640,3.0403536730366074
1641,3.094819474248608
1642,2.8323643078205385
1643,2.6609960658400205
1644,2.711696645201781
1645,3.225805121849773
1646,2.9963108157937666
1647,3.2419361532758413
1648,3.342451601180757
1649,3.7911474028452106
1650,3.570308401092569
1651,3.487535570565502
1652,3.890171743287181
1653,3.774571106313752
1654,3.1096212199378397
1655,3.1040131912825033
1656,3.0076597776901717
1657,2.808266054939288
1658,2.7454094598683096
1659,2.3100726893489094
1660,2.4376257784998288
1661,2.298857910078757
1662,2.273950661603934
1663,2.2812719503294137
1664,2.1290521749658455
1665,2.048109398279854
1666,2.038352776937664
1667,2.046049423567089
1668,1.984071994345611
1669,2.1676103776118896
1670,2.1927434415531506
1671,2.3553206892787966
1672,2.2941863846318733
1673,2.2799346087535697
1674,2.440203270797679
1675,2.3743979222408207
1676,2.2534698154600243
1677,2.0384844031890483
1678,2.088694990054687
1679,2.037444344398917
1680,1.8956833243144322
1681,2.1803455970313212
1682,2.112317880772389
1683,2.2158195345908482
1684,2.199680776372945
1685,2.1383982913663933
1686,2.4076216656671803
1687,2.5846751061095894
1688,2.8475165225473598
1689,2.9921413797872125
1690,3.545778102763665
1691,3.956897146351936
1692,4.1273005075736116
1693,4.9389866720479505
1694,5.139813616907526
1695,5.286785084256988
1696,5.190318532950983
1697,4.700735885744971
1698,5.047968420662023
1699,5.0373595262855915
1700,4.208178063544503
1701,4.043709649275639
1702,4.126432273997492
1703,3.390289319200625
1704,3.4051968285487995
1705,3.2540580636541843
1706,2.8778034358184903
1707,2.9831917083032584
1708,2.8455474995326595
1709,2.700164105578681
1710,2.674419951636196
1711,2.566039104400653
1712,2.699797293252966
1713,2.6523063131996065
1714,2.652565013040235
1715,2.592316847095362
1716,2.7614726960093843
1717,3.0399713024102586
1718,2.947041056083358
1719,3.085164166303365
1720,3.389931729337343
1721,3.510323477011276
1722,3.513681081419603
1723,3.6267881496325955
1724,4.210061083193174
1725,4.42928918508848
1726,4.6406283146421625
1727,5.406686021427715
1728,5.7376545941094514
1729,5.7007703505675495
1730,5.605813866220538
1731,5.5752867983945595
1732,5.4399258790175455
1733,5.46081947076283
1734,4.835540754822648
1735,5.2443032081640375
1736,5.253899496397991
1737,5.179913215269166
1738,5.193912311892519
1739,4.955022198761098
1740,4.40633210843245
1741,4.932480265160664
1742,4.763254462378428
1743,4.450238147634004
1744,5.011303983725126
1745,5.2384692351199815
