,0
0,2.9874313282471445
1,3.134778627038823
2,3.1201938775834845
3,2.9426733702651355
4,3.38044505750639
5,3.1783006358989567
6,3.5179505651881113
7,3.8172459632057194
8,3.9315294457001886
9,3.966002023160033
10,4.058042060178304
11,4.058042060178304
12,4.012953622575945
13,4.058042060178304
14,3.975073572070894
15,3.975073572070894
16,3.9245035616215738
17,3.868454062874706
18,3.5785965458101114
19,2.9735769826653717
20,3.616038816341512
21,3.868454062874706
22,3.6664516412449193
23,3.868454062874706
24,3.9889314223180907
25,3.5722931779796165
26,3.1500693921339797
27,3.420914357918854
28,3.5169764291385124
29,2.970497751803884
30,3.5234606388908167
31,3.1052033476049195
32,2.628517973914092
33,2.562567595164719
34,2.6525807997041
35,2.8030994861080125
36,2.8078627737267197
37,2.6974685626456734
38,2.5971442686488433
39,2.6332559947878673
40,2.5060484783165475
41,2.255031393893598
42,2.1598127540510172
43,2.5712004268236903
44,2.930788718985561
45,3.190296001667365
46,3.2155911405562545
47,3.2711036779079143
48,3.4226732352701554
49,4.122012409081048
50,3.96127097787839
51,3.96127097787839
52,3.8531245927284177
53,4.41820189238845
54,3.3941971250031955
55,4.485051677823747
56,4.41973712468365
57,4.440155213997709
58,4.259351054878338
59,4.47817341553629
60,4.701424805210447
61,4.431364376873802
62,4.450656310869352
63,4.142161291115342
64,3.970147969119878
65,4.016957007782365
66,3.970147969119878
67,4.062045445384724
68,3.9525291470858477
69,4.169929349177508
70,4.581905839558728
71,4.980189251440057
72,4.68605857504054
73,5.259677851651693
74,4.769621294377916
75,5.356368925139002
76,3.5796696412372544
77,3.332330835460822
78,3.341882005949492
79,3.155339821601558
80,3.1019139002417613
81,3.172361945009551
82,3.0724080621746213
83,2.7182051585684204
84,3.049835618218295
85,3.049835618218295
86,2.9169453595207724
87,2.725277221768841
88,2.753974170784447
89,2.879635600843002
90,3.0247048126770215
91,2.840712215404911
92,2.6249555961608655
93,2.605120111063748
94,2.268125555689531
95,2.0786945638481065
96,2.179476362060022
97,2.4704246557259446
98,2.4961450898381123
99,2.5932375116922755
100,2.67941418349132
101,2.7441344367409615
102,3.3129204594655297
103,2.91494237943276
104,3.2025095404590216
105,3.109542144833729
106,3.6587677569475696
107,3.6377108340303392
108,3.654886592368563
109,3.4163965206834535
110,3.494082811966482
111,4.08458987036977
112,4.08458987036977
113,4.08458987036977
114,4.1224699208748214
115,4.2379713623338775
116,4.314324562609762
117,4.088798406326288
118,4.012339617619548
119,3.9713126002840604
120,3.9796909622337107
121,3.932881923571224
122,3.932881923571224
123,3.7855438481391244
124,3.633493527391332
125,3.00983510069013
126,3.644224146796214
127,3.7989170892514856
128,3.800490743603223
129,3.0931532257565846
130,2.972902798519498
131,2.916602811229299
132,2.3634090429726853
133,2.4245036619324924
134,2.3229038055957694
135,2.91930347065644
136,2.222897552816343
137,2.3026787576387906
138,2.411774440895147
139,2.9529998859428326
140,2.733383602863326
141,2.8512711483261914
142,2.6336034478733694
143,3.1548570491780894
144,3.0237282151993563
145,2.9867518551931314
146,2.7736144628957797
147,2.6059763344402853
148,2.8265069699488787
149,2.734504518087156
150,2.7953230054043994
151,2.7094680952232038
152,2.6567526988938046
153,3.3041614792567984
154,4.685070152560354
155,5.002245440179787
156,4.876604834686653
157,4.883114909450448
158,4.450656310869352
159,4.06539021102483
160,4.026811472823141
161,3.7313172819150857
162,4.015850411678633
163,3.02395896767796
164,4.039501432767411
165,4.039501432767411
166,3.932881923571224
167,3.932881923571224
168,4.039501432767411
169,4.039501432767411
170,3.975073572070894
171,4.453176578150295
172,4.87095331489951
173,5.379944922579615
174,5.556357675155556
175,5.556357675155556
176,5.437227144426217
177,5.124462569870521
178,5.124462569870521
179,3.787742167910828
180,4.8794716651142105
181,3.313488950645358
182,3.313488950645358
183,3.1028054437233985
184,3.0014021893238922
185,2.767056274548679
186,2.3595487117847997
187,2.314679946490763
188,2.3462555722802385
189,2.2993676043995723
190,2.1966772192853052
191,2.379182192385559
192,2.2545386710265594
193,2.3618099648668185
194,2.567269362281746
195,2.333638354387558
196,2.078260234771706
197,2.0564141411441743
198,2.0536089794786596
199,2.1556571436755587
200,2.4550526711219693
201,1.9905033380868753
202,1.8901466251048586
203,2.0544448299766582
204,1.822751299628025
205,1.9940337472879626
206,2.727890743660379
207,1.9394333993169743
208,1.9069297224716337
209,1.9594648515543382
210,1.9984105998330925
211,1.798650372028684
212,1.8679230294618039
213,2.1616839894141835
214,2.2882192280766915
215,3.1277446984153316
216,3.215405223704264
217,3.5590353085577675
218,3.7300093618985297
219,3.7910039855544437
220,3.7299119173312287
221,3.6867424878210726
222,3.6939247623533893
223,3.6778919347278216
224,3.01301238908753
225,2.9618035455501155
226,3.034712711380424
227,3.560239708119971
228,3.5562251495901216
229,3.0201815171851085
230,2.9785992227822815
231,2.778462853680644
232,2.8410744340857836
233,2.276261050378774
234,2.2089765013237925
235,2.2384836803505186
236,2.2478843334211556
237,2.4726179409169773
238,2.3558096211035977
239,2.226576986063437
240,2.225549854641217
241,2.2755336407319318
242,2.3286622151515735
243,2.4597744502140326
244,2.3202930151556105
245,2.356607674331258
246,2.426387251107329
247,2.0049017155324846
248,2.187335017387854
249,2.121363906634071
250,2.088611829851841
251,1.8706812917379256
252,2.070822126225534
253,2.7838771170008103
254,2.3329900450502574
255,2.1781125764278717
256,2.389615475081956
257,2.3132179962789734
258,2.252338296004125
259,2.3631792756172523
260,1.845912339180896
261,2.1394577341672725
262,1.7863085713023845
263,1.760851854849565
264,1.7423350676655753
265,1.7708763235983975
266,1.768861172083246
267,1.6565179985806031
268,1.591417855862004
269,1.744350219180727
270,1.7664695991542052
271,1.716143290108478
272,1.7236619364720112
273,1.6981417879304173
274,1.4479113738269742
275,1.4619247293961761
276,1.465443179808409
277,1.2797271884538832
278,1.298436148865833
279,1.1931089035285656
280,1.1861034536740858
281,1.217753390869591
282,1.1839349849532488
283,1.2339746744448021
284,1.1649783163178584
285,1.0728692263322503
286,1.023326061924744
287,0.9605738084493026
288,0.9680295392926095
289,0.9915788204980374
290,0.9711424845494478
291,1.012410584389721
292,0.9556810717953834
293,0.9271064034644044
294,0.8767251148369313
295,0.9293435029999335
296,1.0168601213692097
297,0.8766389757370477
298,0.8982127110674012
299,0.922871037322333
300,0.8665472276841698
301,0.8503886839353083
302,0.8524310757874457
303,0.826983059684699
304,0.7894741152087492
305,0.8239420528643518
306,0.9162847689523729
307,1.2043461225597394
308,1.347401300083722
309,1.3214647231802334
310,1.7211708300653081
311,1.4316602738054414
312,1.5158211012516427
313,1.6525459156524496
314,1.3856504688827054
315,1.5062211877113145
316,1.6442071183565121
317,1.6803392777560293
318,1.752101780649018
319,1.7715526645862076
320,2.0306703507277826
321,1.7154749428888296
322,1.5270341400861915
323,1.4308873075322632
324,1.3894774138149764
325,1.4392581201845633
326,1.4534122552332862
327,1.4088461462722182
328,1.361786410047186
329,1.3757041902731055
330,1.588146100866098
331,1.8818874275987914
332,2.137289623734612
333,2.3259102994643435
334,2.439777325042915
335,2.1125765917360946
336,2.640669903413676
337,2.6598903335212025
338,2.3201443926711423
339,2.1661184900021033
340,2.089880627142091
341,1.8475260433322997
342,1.7498090024171384
343,1.8107269026233845
344,1.7239063395421308
345,1.7416659654316544
346,1.7732324890385305
347,1.8240017718577923
348,1.945868304189567
349,2.0328527465728228
350,2.0943744088186227
351,2.2631120430798846
352,2.31790280342256
353,2.7658312530267954
354,2.9265724994854625
355,3.0741374653503506
356,3.15135822491486
357,3.464795841881267
358,3.346512623625524
359,3.5541172686872162
360,3.251613034427321
361,3.0182844205070576
362,2.9807478619099057
363,3.0579182535792846
364,3.000589912798682
365,3.107561411876308
366,3.4668839189018015
367,3.570310821497169
368,3.514072039445887
369,3.240626415319685
370,3.2797898793205875
371,3.148650147886752
372,3.140901730817592
373,3.1423161823422605
374,3.053779424526433
375,2.9138558217974846
376,3.103728142475151
377,3.0946800093217544
378,3.1325499541746953
379,2.9219960342628206
380,3.146360153693099
381,2.9223375303535044
382,2.6953979443489433
383,2.705762058463058
384,3.0076358973843753
385,2.7407293379465
386,2.736127209864449
387,2.6883698160395815
388,2.58302858106767
389,2.5315205074515377
390,2.6260704510130295
391,2.7216089447244602
392,2.345119826769516
393,2.4037219428932195
394,2.428388296884223
395,2.1271017402843744
396,1.8628284264119777
397,1.9767406143401731
398,1.8572987997642338
399,1.9758423690902696
400,1.856059651930446
401,1.7485859785388131
402,1.9374236742889466
403,2.0359013402750157
404,1.8836646020762948
405,1.9169267402649035
406,2.0034533158038514
407,2.063736589446165
408,2.0046581388055187
409,1.8798960249039143
410,1.8815129525293808
411,1.7356332987901129
412,1.642730424670016
413,1.9981437075844437
414,1.9717910290130152
415,1.6629054856056456
416,1.6896526823791447
417,1.936031286900105
418,1.9537412815837836
419,1.621519918721367
420,1.7348113494963942
421,1.6072917619371958
422,1.6342353103242926
423,1.540072929413492
424,1.6047204586896426
425,1.648262084400768
426,1.4442568353316207
427,1.4343619502520408
428,1.4193949363631517
429,1.4402520518664819
430,1.455106063949672
431,1.3835971678588954
432,1.4237130143596168
433,1.4043627766636957
434,1.3440748514363339
435,1.3979026656930003
436,1.3682371358837533
437,1.2906754058707737
438,1.3063548844854465
439,1.3044288107308584
440,1.2763862849322842
441,1.2909519316289033
442,1.2181516744189147
443,1.2781539707259992
444,1.157898641705274
445,1.295449626647148
446,1.707790405939925
447,1.8509126142126884
448,1.6538493316167142
449,1.8230001008008794
450,1.6986803467241518
451,2.086995013384043
452,2.1562624208116024
453,2.28911509521601
454,2.4347930473435437
455,2.0435388828597674
456,2.4500172830307885
457,2.538638410072261
458,2.4313487209305205
459,2.408024613322528
460,2.6238376831983445
461,2.5517735974126445
462,3.386020673316317
463,3.3383797297895876
464,3.312045944133215
465,3.5026935899307476
466,3.3821537759743503
467,3.0241395900366728
468,3.1841629389975905
469,3.367756221279465
470,3.521720094634466
471,3.671965183980445
472,3.7076985834936154
473,3.878765421852844
474,4.059762661238432
475,3.975073572070894
476,3.975073572070894
477,3.975073572070894
478,3.975073572070894
479,3.975073572070894
480,3.975073572070894
481,3.975073572070894
482,3.975073572070894
483,3.8879035504745234
484,3.0574704210982837
485,3.0238207666591554
486,2.968246690578564
487,2.948332148515493
488,3.1029011075988184
489,3.252219902980351
490,3.3295546401135323
491,3.4457616218579727
492,3.1559398646544508
493,3.132322495297021
494,3.1455822210189117
495,2.794588842574838
496,2.4203217889573305
497,2.2893303383541177
498,2.250985372288439
499,2.4032474191652935
500,2.3146950330378386
501,1.8644149915696209
502,1.7425926794391615
503,1.6218008313673424
504,1.7093305412505526
505,1.7732888888777942
506,1.7661460801011175
507,1.7601147250262672
508,1.6877068723603752
509,1.7078906127493394
510,1.7190285943396844
511,1.7977297995630206
512,1.659870164563926
513,1.597500920787731
514,1.6330384781696043
515,1.521350446205914
516,1.5962527187057887
517,1.4990287319404976
518,1.4480887932775177
519,1.4453614796872647
520,1.4791908822340223
521,1.3415151234728453
522,1.2796993114012534
523,1.338330711185295
524,1.1498680452026762
525,1.0859960360516567
526,1.0884408136628514
527,1.0560205148200936
528,1.044147763114748
529,1.0058371975979243
530,1.0054503329957805
531,1.0958824587102578
532,1.0084123998709515
533,1.0584259720613396
534,0.963627163195662
535,1.0709248856250566
536,1.1624489470739656
537,1.1979623915615891
538,1.2107750773241535
539,1.3205358379184964
540,1.7797718689225652
541,1.5846327412451573
542,1.5323896268383776
543,1.8816245804845817
544,2.126168936432456
545,2.0509330044293486
546,2.3548648915522254
547,3.0117041958808803
548,3.5173976604455617
549,3.5870764181506347
550,3.963174683794455
551,4.026123833415468
552,4.013200619806846
553,4.058042060178304
554,3.774340347426234
555,3.774340347426234
556,3.4805017998010226
557,3.655774381039679
558,3.724679810550434
559,3.9063341133797564
560,3.9063341133797564
561,3.5825683686212333
562,3.7848467220184117
563,3.868454062874706
564,3.868454062874706
565,3.7211159874426065
566,3.3654869033752313
567,3.3959193528701808
568,3.6075058894725363
569,3.3550443060464445
570,3.1899604361021545
571,3.230994554459642
572,3.342065071149561
573,3.3852031537289737
574,3.365005305362265
575,3.4300163546494162
576,4.194912527017365
577,3.728913026265265
578,5.17425690064631
579,3.629452494185518
580,3.4588646115618857
581,3.738779999324208
582,4.7916804059997995
583,3.4207556117996605
584,5.08009541623885
585,5.036426461977535
586,5.1340372461585595
587,4.846574754551885
588,5.277843178928655
589,5.328615326011462
590,4.591054270343024
591,5.4754994558683405
592,5.4754994558683405
593,5.4754994558683405
594,5.4754994558683405
595,5.4754994558683405
596,5.396973709657995
597,5.651912208444281
598,5.30332603389729
599,5.328615326011462
600,5.052299796729203
601,5.356368925139002
602,4.800440618418099
603,3.5086589423376746
604,4.274321620239417
605,3.408651338380889
606,3.2721919789103073
607,3.28172959203248
608,3.218196030178572
609,3.190180892924276
610,3.138597201531037
611,3.230334444396459
612,3.075297551070157
613,2.9080895272891465
614,3.0117247227188035
615,2.367915809117175
616,2.7795383055601217
617,2.8975957499127216
618,2.728654964590277
619,2.6712782754013142
620,2.468714928605375
621,2.5127830383447525
622,2.469512811312777
623,2.4938073933404734
624,2.4587168515019027
625,2.3501740099865205
626,2.5160035987387004
627,2.4164795603138014
628,2.430529491204272
629,2.345772481036469
630,2.2811378359466357
631,2.094828716289233
632,1.9182104633670238
633,2.1498235149902185
634,2.209218362724676
635,2.590585083443327
636,2.4780566619324023
637,2.1938249913207386
638,2.112902127376696
639,2.1149878344196074
640,1.990869946148123
641,2.0067483723196524
642,2.0730053553551246
643,2.1130113806887865
644,2.0086726758480253
645,2.0573113620729093
646,2.075641631675485
647,2.0474583646857956
648,1.8631891772151392
649,1.9727237161389373
650,1.9899564832522767
651,1.9667121895897133
652,1.9037371574127218
653,1.8214946374781469
654,1.654124557869151
655,1.635233995620155
656,1.657634217283471
657,1.6356807624384502
658,1.6997289473522168
659,1.5173566133857914
660,1.5840489374453413
661,1.452278332388951
662,1.3988116901250698
663,1.4445204848026143
664,1.4428386775711748
665,1.588625826963758
666,1.5855360216667729
667,2.0824975554150797
668,2.1921705476065187
669,2.128540075037432
670,2.08927191404736
671,2.174052403821813
672,2.112321101716775
673,2.0403637216873842
674,2.2333963687200984
675,2.2519309252773096
676,2.8202169857741657
677,3.090029079609627
678,3.3354225568382856
679,3.262933765102614
680,3.386082112879559
681,3.3229411763302084
682,3.278252204587665
683,3.52110746361134
684,3.421315996197474
685,3.7592771952534116
686,3.7637699832792606
687,3.850394516530417
688,3.59475174967928
689,3.752760952157383
690,3.563518731536044
691,3.7999496694356694
692,3.6425628936655055
693,3.76206961893062
694,3.8879035504745234
695,3.975073572070894
696,3.975073572070894
697,3.975073572070894
698,3.975073572070894
699,3.975073572070894
700,3.860224794441951
701,3.975073572070894
702,3.724907681435942
703,3.4779254887577107
704,2.9813198165363963
705,2.7530974870910834
706,2.947943723593924
707,2.353370676740995
708,2.7321067137826014
709,2.560455184603841
710,2.6443669412870827
711,2.2936337289036177
712,2.397132543919018
713,2.2754349122707462
714,2.2914934738945103
715,2.2372534562872133
716,2.478661531270153
717,2.268048060960174
718,2.1371137790055506
719,2.547402364779397
720,2.5397425795245208
721,2.431903661768576
722,2.2972256488324074
723,2.385833534349295
724,2.4200290409525467
725,2.52262108556686
726,2.617176535005237
727,2.5351616295421855
728,2.595043386032832
729,2.5590149792594685
730,2.7049432616273346
731,2.59319050827201
732,2.730405350964082
733,2.6808419334172493
734,2.6698461880617006
735,2.624328698195228
736,2.644037032675852
737,2.3323031426220897
738,2.346472592843166
739,2.43241863524071
740,2.2811303184230125
741,2.169357276456732
742,2.475349465511107
743,2.5562555419257817
744,2.365054417815679
745,3.346897627124346
746,2.7912443377245313
747,3.1821864598809073
748,3.1702703243956596
749,3.021645807671256
750,3.263224593444419
751,3.4543817911474872
752,3.631647454797995
753,3.508490047390587
754,3.688638300915814
755,3.652086503176517
756,3.528651429399532
757,3.651141085457662
758,3.6589184285355425
759,3.892868210688113
760,3.847779773085755
761,3.7271424233797665
762,3.682990124529192
763,3.1125876810229975
764,3.1687472089455833
765,2.5876020959796144
766,2.781816337287692
767,2.4089062393553484
768,2.8590824010444456
769,2.5820833489228874
770,2.4124210699891497
771,2.321140338934947
772,2.419885402959987
773,2.278998317459407
774,2.2774844171216073
775,2.337768905737465
776,2.23843339937163
777,2.360974832925006
778,2.3703228590607472
779,2.382175255439219
780,2.2989021553025117
781,2.0861407055206107
782,2.1291915132419397
783,2.1652936538483183
784,2.0745941877767966
785,2.3863532999471024
786,1.871508576688692
787,1.9646738679543538
788,1.8137410542732053
789,1.7403364738283404
790,1.8274937230049928
791,1.6283858440647758
792,1.7798082663280341
793,1.7643370343551859
794,1.56960743140088
795,1.397658396135552
796,1.2627642998831432
797,1.3055111810319568
798,1.2313201928933057
799,1.2574617488776036
800,1.1417145572517826
801,1.2096334180887125
802,1.1423943699703902
803,1.1392591687051188
804,1.1296420271787406
805,1.1548411715910993
806,1.1030864591159744
807,1.0725055963144094
808,1.134276010096251
809,1.0976178803716092
810,1.1050689122777975
811,1.1736046956217716
812,1.20836850703556
813,1.1355417744008502
814,1.2194418873080808
815,1.2464360684375895
816,1.2160357863538012
817,1.316839136690445
818,1.492583357614132
819,1.8611056183723709
820,1.8618946621319445
821,2.00875791765254
822,1.9629433348136733
823,1.8232109103018215
824,1.7135888733155775
825,1.7239198559552342
826,1.5181171950523211
827,1.6536440009899618
828,1.515990166240504
829,1.3866361927329125
830,1.4027504322680295
831,1.2722392818185193
832,1.3453131032756567
833,1.3569640956678062
834,1.303096070401601
835,1.254575446859472
836,1.2616135923508045
837,1.2446277835057356
838,1.2316849337048572
839,1.1952666745804708
840,1.0347182169956894
841,1.0122072193928318
842,1.1150914507332583
843,1.0902950121449717
844,1.0726877590425026
845,0.9359663601738776
846,0.9542293100679538
847,0.9741980006356605
848,0.9265426161748398
849,0.9085739926424846
850,0.8725418685674468
851,1.0893629231236193
852,1.1297728053165899
853,1.0156034553184419
854,0.9609767609441918
855,0.9666931788784977
856,0.92048960367526
857,0.8864393510134558
858,0.8960198199837077
859,0.775533846002407
860,0.8207371972664014
861,0.9699296334502444
862,1.1239066334280579
863,1.2054049581202926
864,1.2073113354372944
865,1.2073113354372944
866,1.2173061331271273
867,1.6170041617572304
868,1.5564410507279995
869,1.3426399973060823
870,1.645831447322405
871,1.738552613161036
872,2.566264238060869
873,2.6519119204491224
874,2.5972183294975104
875,3.1874282691628917
876,3.612312491232253
877,3.7401211592124826
878,4.013200619806846
879,3.8782405868616325
880,4.058042060178304
881,4.095308105726957
882,4.095308105726957
883,4.104851098840791
884,4.104851098840791
885,3.9514225509821155
886,3.9436001589284104
887,3.9063341133797564
888,3.9063341133797564
889,3.7211159874426065
890,3.6664516412449193
891,3.6225212698619162
892,3.463394163436946
893,3.6508918280403653
894,3.5962274818426776
895,3.6522769805895443
896,3.4566607666039375
897,3.644224849979191
898,4.32136680570453
899,4.688683265890071
900,4.964150364284259
901,5.467969508620226
902,5.556357675155556
903,5.556357675155556
904,5.556357675155556
905,5.437227144426217
906,5.242649064573314
907,5.242649064573314
908,5.242649064573314
909,5.338203597862039
910,5.338203597862039
911,4.067531095306254
912,4.937583927871535
913,4.937583927871535
914,4.597672144588455
915,4.212195934083985
916,4.899543849919193
917,4.9970761275530435
918,4.7830880468614
919,4.71323015453231
920,4.9333506143418395
921,5.204585584297989
922,5.156602004015998
923,5.437227144426217
924,4.576999134607741
925,5.242649064573314
926,4.929884490017618
927,3.40664349607752
928,4.280507198827617
929,3.3960097717207804
930,4.8828554363046575
931,3.693797404698001
932,4.1319040162351035
933,4.979678820793407
934,3.816426403869683
935,4.849669834206488
936,3.5353990140844735
937,3.3528957597239994
938,3.323480280363507
939,3.3179700466348026
940,3.2708683400649994
941,3.3760318944776206
942,3.78019692118895
943,3.535355614363676
944,3.7797280249923673
945,3.628319374649619
946,5.025439023306343
947,3.821544280081953
948,3.5085578992182858
949,3.37263399769819
950,3.3171164262299655
951,3.3397037850870115
952,3.594689734145204
953,3.3420978404622748
954,2.969579143790425
955,3.125207730160421
956,2.3771380075949087
957,2.4509364212454363
958,2.766057781473614
959,2.367371773306125
960,2.4244046096172758
961,2.4793382598328195
962,2.2982547225431054
963,2.315186652097603
964,2.3638892413582875
965,2.4390235178391775
966,2.4025029526283355
967,2.2774182314704015
968,2.1564065307871605
969,2.2864171602521335
970,2.2476745946624765
971,2.2480197793128336
972,2.0830113631501748
973,2.0051954723582384
974,1.8074487817200893
975,1.5610336032022099
976,1.562559820351869
977,1.5978600221274943
978,1.6130166132862132
979,1.6243607826834867
980,1.666804704809891
981,1.6829789283826757
982,1.5983520013258787
983,1.5054753776649572
984,1.467448726548179
985,1.4939103075504108
986,1.36431030279055
987,1.403894366830204
988,1.3641079065014539
989,1.3489747341345502
990,1.387663052885577
991,1.3310153619901057
992,1.27861276817272
993,1.2496664902474204
994,1.2399120692169714
995,1.2046129643196262
996,1.2043738552578716
997,1.226621685031167
998,1.1667359101276806
999,1.0960751813061225
1000,1.100709412258907
1001,1.0278466905149908
1002,1.0867991188304653
1003,1.0975769967963396
1004,1.0152177585862394
1005,0.9856740259488779
1006,1.0171798066241302
1007,1.034824526571424
1008,1.0876225333638319
1009,1.1504335738007379
1010,1.11636609861207
1011,1.1746585987975426
1012,1.2457898551040112
1013,1.2917431466125182
1014,1.413923448068742
1015,1.3017661317527764
1016,1.2882511602149553
1017,1.2707693873180779
1018,1.3189925139442118
1019,1.2840905304048407
1020,1.247524189511628
1021,1.2828159482721213
1022,1.2121563944721057
1023,1.1267832795668191
1024,1.0716826025123072
1025,1.099995999738744
1026,1.1861579634086739
1027,1.1907421684983746
1028,1.1486419941861825
1029,1.2292395261094347
1030,1.3018469482251374
1031,1.3135566306316957
1032,1.3115346573106612
1033,1.204181234458868
1034,1.326353777976306
1035,1.3145672878825199
1036,1.504302242762016
1037,1.371796518611322
1038,1.479976906595953
1039,1.8095842516601857
1040,1.5632520421948404
1041,1.8135082411075714
1042,1.9128412008583133
1043,1.8734654510785445
1044,1.8969586267102243
1045,1.9539092260454587
1046,2.249191470143208
1047,2.2736326390859354
1048,2.4376320031439946
1049,2.5260192128809704
1050,2.5101452015623478
1051,2.761271067228737
1052,2.676969684996495
1053,2.587831560339564
1054,2.4766295802721743
1055,2.4127179504633625
1056,2.3350739087317063
1057,2.1706136904797764
1058,2.3296646206909326
1059,2.222001526507481
1060,2.161039479800275
1061,2.3088996785037974
1062,2.2798220687720616
1063,2.3183532031356884
1064,2.026254473119842
1065,1.9919144533683628
1066,1.9904250711482183
1067,1.888677610328584
1068,1.8685309584877139
1069,1.821143730550684
1070,1.81061013674864
1071,1.9009472703047043
1072,1.8788254961252207
1073,2.0533961499602635
1074,1.7279141074545437
1075,2.3435766211863682
1076,2.2620320333438375
1077,2.1034361400854564
1078,2.4884126033211103
1079,2.739845223903486
1080,2.8938875345561335
1081,2.621528139041894
1082,2.7034645372831676
1083,2.3465845209154357
1084,1.9225956927271748
1085,1.9643607983113074
1086,1.8123343770523737
1087,1.8619931982398674
1088,1.949958999484028
1089,2.317726189653296
1090,1.7652635183821717
1091,1.7329682303284502
1092,1.7128303177843889
1093,1.8376715966051242
1094,1.5905312545831571
1095,2.185479947129592
1096,1.91413344867591
1097,2.048460267014717
1098,1.8878799655768022
1099,2.019309024809486
1100,1.9505459621215249
1101,1.8413637380151384
1102,1.9408781198878986
1103,1.880767417668818
1104,1.9573955486886296
1105,1.973849028718149
1106,2.1093895567730923
1107,2.436081800511732
1108,2.5801419551591955
1109,3.0633752617645356
1110,3.0616826705423414
1111,2.994700659984699
1112,3.1459584576330406
1113,2.887027135253901
1114,2.894503838717941
1115,3.0537347514100697
1116,3.2625878793883665
1117,3.09845670895157
1118,3.41263899770508
1119,3.4524762376979514
1120,3.7797887904024923
1121,3.4934623315589555
1122,3.4934623315589555
1123,2.933779997224333
1124,3.114476938148559
1125,2.733617821711094
1126,2.369910265330796
1127,2.408173029286668
1128,2.3068634381498043
1129,2.2635855605426762
1130,2.292699666781783
1131,2.297290819092347
1132,2.5603086419261696
1133,2.544674362628224
1134,2.640400183173465
1135,2.5735768792053517
1136,2.6506941253532252
1137,2.6321137407221324
1138,2.1953134460136217
1139,2.1479592808314574
1140,1.8628284264119777
1141,1.8637310389721529
1142,1.8689657437450147
1143,2.1942071718954965
1144,2.336944513107564
1145,2.2754415194430697
1146,2.1048851658729775
1147,2.0930285040163152
1148,1.922081735551197
1149,2.0002504229949016
1150,2.1490846537489356
1151,2.141157090208177
1152,2.0948827776528223
1153,2.1607833580574565
1154,2.0806078167895765
1155,1.7173980598907026
1156,2.0714093610682416
1157,2.0738276184574036
1158,1.9012465909832752
1159,1.9981437075844437
1160,2.0627118767795856
1161,1.8232497074702907
1162,1.861499851669711
1163,1.9728042559960008
1164,2.111524040080377
1165,1.8821367369955246
1166,1.969312031337391
1167,2.613393048424881
1168,2.3487251901193575
1169,2.3817507042562402
1170,2.4207217787077235
1171,2.350948946724511
1172,2.9556166757696016
1173,3.2627869811073036
1174,3.2670920609319745
1175,3.339105790930346
1176,3.8119244903352123
1177,3.8388630176184977
1178,3.933235311990792
1179,5.073052709099382
1180,4.994526962889037
1181,4.994526962889037
1182,5.073052709099382
1183,5.073052709099382
1184,4.994526962889037
1185,4.985216653101407
1186,4.641758741682469
1187,4.365876120919365
1188,4.203984869004331
1189,4.104237093884394
1190,4.008578645832714
1191,4.1149273173303
1192,4.32744722410444
1193,4.32744722410444
1194,4.180890410322016
1195,4.073006506529232
1196,4.123576516978552
1197,4.802411908520116
1198,5.099319782169397
1199,5.651912208444281
1200,5.651912208444281
1201,5.651912208444281
1202,5.651912208444281
1203,5.651912208444281
1204,5.532781677714942
1205,5.532781677714942
1206,5.454255931504595
1207,5.338203597862039
1208,5.338203597862039
1209,5.338203597862039
1210,5.338203597862039
1211,5.135519815594923
1212,4.780215687356012
1213,4.901517622612467
1214,4.901517622612467
1215,4.506693164638487
1216,4.901517622612467
1217,4.576917324040728
1218,2.9279676648561606
1219,2.8811017869823634
1220,3.031450460524236
1221,2.874392646975076
1222,2.7089818701768054
1223,2.854139411922939
1224,2.751481253435396
1225,2.8521635568639776
1226,3.070807965703928
1227,2.7425907190456895
1228,2.7657523451998256
1229,2.7544085244674044
1230,3.3874290809171543
1231,2.862132481875489
1232,2.751952043528726
1233,2.721542398108332
1234,2.665390073910543
1235,3.1785385319212303
1236,2.7800520733959546
1237,2.768611372588897
1238,2.6684727644322783
1239,2.7282895891840084
1240,2.5286717569761024
1241,2.6063777215551607
1242,2.401775010895458
1243,2.579205790228972
1244,2.7470672468069792
1245,2.7994300801986483
1246,3.2105453282356153
1247,3.5379474548634438
1248,3.52004488205963
1249,3.4061271370566404
1250,3.311116223869978
1251,3.122562930138987
1252,3.197118890986404
1253,2.878660155310777
1254,2.8284187059532564
1255,2.7401386601934345
1256,2.810569772383172
1257,2.881954329759177
1258,2.7062729396349
1259,2.8321175526118627
1260,2.7900059758893345
1261,3.1396915115760646
1262,2.758706314344516
1263,2.5277416996085273
1264,2.8801668249248285
1265,2.495445941013252
1266,2.484179390286102
1267,2.566774935211729
1268,2.5279793267449584
1269,2.3477311798748994
1270,2.4331796492020414
1271,2.477626045434413
1272,2.510061394866507
1273,2.151895252480603
1274,2.0559028270075066
1275,2.302742018316776
1276,2.260704181398412
1277,2.546853313476435
1278,2.534804272253095
1279,2.4751985642797507
1280,2.725988289310921
1281,2.679903909552656
1282,2.4687738508197987
1283,2.3430618862832455
1284,2.7040293327405784
1285,2.5569225690746924
1286,2.668391222023489
1287,2.669449372055108
1288,2.9334322324110813
1289,3.1040158179095876
1290,3.8377324081419153
1291,3.8559018563837317
1292,3.6910331854587013
1293,3.8108134187813736
1294,3.90238448656262
1295,3.911251184265963
1296,4.053667083435074
1297,3.8361048486007316
1298,4.000970474781839
1299,4.104237093884394
1300,4.0969572781149415
1301,4.118094944131591
1302,3.590459071770391
1303,2.537431149695767
1304,2.450216323577959
1305,2.428943973641816
1306,2.4791539849701683
1307,2.2388894146896265
1308,2.2334908362973973
1309,2.1741838946597043
1310,2.1024739032142827
1311,2.077656498337134
1312,2.297582423350822
1313,2.364663731484575
1314,2.378017619847987
1315,2.1660968932752107
1316,2.3568922790728615
1317,2.3568922790728615
1318,2.2620334773879036
1319,2.15207009814587
1320,2.109187466038281
1321,1.8089739456562297
1322,1.6895938932538246
1323,1.6454167496869372
1324,1.6430850415527927
1325,2.026293777954306
1326,2.287009470363427
1327,2.682114381843618
1328,2.5395373552051566
1329,2.653289105341185
1330,2.632521773404334
1331,2.784616162053526
1332,2.5988975301603907
1333,2.572762947047759
1334,2.4124480200226515
1335,2.117612042689661
1336,2.297888097714854
1337,2.217081428455823
1338,2.1394091439193317
1339,2.0877985928363825
1340,1.6490261402988922
1341,2.2481325609705003
1342,1.7662689606118736
1343,2.349372172885246
1344,3.1279047693054007
1345,3.008909690227955
1346,2.7046718404427073
1347,3.235232339504052
1348,2.8226002264468444
1349,3.2899232374782836
1350,2.958786523739368
1351,3.167310474871397
1352,3.2202123216302616
1353,2.787965233205125
1354,3.4524260506116526
1355,3.366441009369725
1356,3.663463938480059
1357,3.7031085347180674
1358,3.9784381045284287
1359,3.9341163253476314
1360,3.9389863407695302
1361,4.008578645832714
1362,4.008578645832714
1363,4.008578645832714
1364,4.008578645832714
1365,4.008578645832714
1366,4.008578645832714
1367,4.008578645832714
1368,4.073006506529232
1369,4.073006506529232
1370,4.32744722410444
1371,4.124840911575149
1372,4.134081371659529
1373,4.134081371659529
1374,4.224588686695086
1375,4.4285401891085145
1376,4.6745614325564215
1377,5.230728319645867
1378,5.532781677714942
1379,5.532781677714942
1380,5.437227144426217
1381,5.437227144426217
1382,5.242649064573314
1383,5.437227144426217
1384,5.437227144426217
1385,5.437227144426217
1386,5.242649064573314
1387,5.242649064573314
1388,5.242649064573314
1389,5.242649064573314
1390,4.929884490017618
1391,5.242649064573314
1392,5.059776616805032
1393,4.6507752472744865
1394,3.412481140628131
1395,5.11018944170844
1396,4.754885313469528
1397,4.929884490017618
1398,5.242649064573314
1399,4.197056938957662
1400,5.11018944170844
1401,3.5333421600127153
1402,3.304012061096551
1403,3.2623716659725495
1404,2.9818798403243703
1405,3.194316096281216
1406,3.1892492153489784
1407,2.879166360756628
1408,2.8561684571372528
1409,2.8777866828156964
1410,2.907146029863997
1411,3.3348311470577494
1412,2.7573518309110403
1413,2.782103826579406
1414,2.753881317824293
1415,2.718464976481629
1416,2.6563494739629596
1417,2.2103413822124995
1418,2.632415707885306
1419,2.1864076161348454
1420,2.1864076161348454
1421,2.2162067938704557
1422,2.1864076161348454
1423,2.0211875675977558
1424,2.186779099011418
1425,1.9917598727387174
1426,2.073868637556603
1427,1.8165829778849996
1428,1.8798471668440666
1429,1.917069931755491
1430,1.8295785231664226
1431,1.8050743936202314
1432,1.7406373669632988
1433,1.5919275137251088
1434,1.6746806259187257
1435,1.637914394365105
1436,1.7081492116724188
1437,1.7381252735944823
1438,1.8592949180118168
1439,1.9706276958476532
1440,1.7716225770293468
1441,2.064108649391864
1442,1.9012207993875736
1443,2.3292514695196123
1444,2.3013694530900586
1445,2.1923690841126002
1446,2.439759897456566
1447,2.492184041445238
1448,2.5470256776486035
1449,2.6262937759468308
1450,2.591428529710069
1451,2.609174706100969
1452,2.379381113534411
1453,2.3865045474056292
1454,2.1534735149828825
1455,1.849243790809758
1456,1.9740937671568917
1457,1.7400615667033716
1458,2.028562009464119
1459,2.130918884022475
1460,2.0862371837630054
1461,2.053750472418239
1462,1.8629958647700744
1463,2.261536336760441
1464,1.8318521137677057
1465,1.860094202328434
1466,1.7816435191580418
1467,2.252623765127739
1468,2.213013893882249
1469,1.7240500258903868
1470,1.802482062063049
1471,1.7544973561364723
1472,1.7857322229907935
1473,1.7693516253027488
1474,2.3745834441773868
1475,2.268495411043074
1476,1.8620033682902986
1477,1.821563180579483
1478,1.892672128843567
1479,1.936408940604043
1480,1.7703753232468529
1481,1.7140229703487515
1482,1.623271254541765
1483,1.4743537376131453
1484,1.957191748366532
1485,2.173005342832994
1486,1.5053950573260357
1487,1.573294281213406
1488,1.4330441714684279
1489,1.3004319189739515
1490,1.2509825836683504
1491,1.2115821174476107
1492,1.2498757585870066
1493,1.2472202391130631
1494,1.1606619779409812
1495,1.1678219550957132
1496,1.463825607137186
1497,1.846896350073977
1498,1.9019534855353926
1499,1.9281219246624555
1500,2.083249241432068
1501,2.3689948530920155
1502,2.1893952797925587
1503,2.0009156929097784
1504,2.247501655097716
1505,3.265445817618654
1506,3.382025913068003
1507,3.3145813185783024
1508,3.378891874782951
1509,3.522794560843903
1510,3.4873129366940967
1511,3.468041749997342
1512,3.7648982327308933
1513,3.814293248666917
1514,3.8048511339715763
1515,3.962383612126624
1516,3.962383612126624
1517,3.962383612126624
1518,4.006858044772586
1519,3.969591999223932
1520,4.021882610733381
1521,3.8718069529683383
1522,4.020162009673253
1523,3.9245035616215738
1524,4.081422243568478
1525,4.75516152314051
1526,4.976770261188689
1527,5.180936612892167
1528,5.276491146180892
1529,5.18228864563993
1530,5.0220254500002275
1531,4.782728975545838
1532,5.18228864563993
1533,5.233060792722737
1534,5.242649064573314
1535,5.437227144426217
1536,4.6670302180347205
1537,3.4503852723980946
1538,3.272105552154131
1539,3.2914712429605006
1540,3.230297124108859
1541,3.1417416501152102
1542,2.9931638258989617
1543,2.7429202303504847
1544,2.8954932130065583
1545,3.273076435756586
1546,3.1833323740350656
1547,2.433522962999329
1548,2.8633451374663017
1549,2.3636417796315374
1550,2.2811339948679112
1551,2.340700334369845
1552,2.2035201924992633
1553,2.1398721880662808
1554,2.173269864452937
1555,2.008149530303534
1556,1.7710566465646609
1557,1.7035419783802725
1558,1.6993127132846348
1559,1.6958178339764312
1560,1.732461403160852
1561,1.687603204849423
1562,1.6141050890059985
1563,1.5470357636911678
1564,1.7756355017301308
1565,1.6001863490200698
1566,1.8547311819811456
1567,1.9947264046476747
1568,1.9578335534335858
1569,1.9430501937289446
1570,1.8436297586866337
1571,1.8372432668874323
1572,1.8176692050518868
1573,1.801000424932215
1574,1.8095679037006482
1575,1.8686161585852805
1576,1.9630923565593792
1577,1.95730231124122
1578,2.0384546411767306
1579,2.0984850987921817
1580,1.9602662339857118
1581,1.9965605465662593
1582,1.6652451293652104
1583,1.9004672667200346
1584,2.007943994873091
1585,1.8532583949759118
1586,1.8744900761301817
1587,1.7601854748437447
1588,1.8102174842177519
1589,1.567478723687554
1590,1.7631570368889484
1591,1.6048451399051866
1592,1.473002681678153
1593,1.5192709152113815
1594,1.4421155336506433
1595,1.4206804648985245
1596,2.464283966490987
1597,2.6126543520130854
1598,2.5291807730202693
1599,2.634007303561212
1600,2.8327009673891026
1601,3.01765173962553
1602,3.1478120872732
1603,3.612312491232253
1604,3.3479824509817564
1605,3.291527176480781
1606,3.5247065032271867
1607,3.552270712537268
1608,3.5511602239311175
1609,3.644866754043162
1610,3.4153862767429906
1611,3.566911480674624
1612,3.4706952779798277
1613,3.105045055144838
1614,2.9933573967020695
1615,2.979401869674199
1616,3.0761661088232812
1617,2.8283520847696066
1618,3.6037634203826534
1619,3.2267056280634407
1620,3.2603013746984275
1621,2.88531999616167
1622,2.8634261333012185
1623,2.7527956477129276
1624,3.3261375768984722
1625,3.2546710090460347
1626,3.8119080397740737
1627,4.016957007782365
1628,4.124840911575149
1629,4.022591273745409
1630,3.857781810051182
1631,3.967926927547721
1632,3.261024050664359
1633,3.308073106295508
1634,3.303300767462533
1635,3.6333694850117055
1636,2.9766222633667745
1637,3.257091963960213
1638,2.9810554153848754
1639,3.298815915427121
1640,3.093397570419119
1641,2.754158963332146
1642,2.424902495352281
1643,2.4478224903289854
1644,2.4626817262069594
1645,2.4848415235543206
1646,2.468777037523984
1647,2.4441611315780425
1648,2.3954269994361774
1649,2.6464227678923997
1650,2.4494912466888943
1651,2.557080498301335
1652,2.5470392387300396
1653,2.951860828773843
1654,2.6610735089520916
1655,2.697944004978678
1656,2.7958632254442626
1657,2.908508233457893
1658,3.0330528573367515
1659,3.0206409231965896
1660,2.3409085720558758
1661,2.5086219709141355
1662,2.3549377611184004
1663,2.3258167970729255
1664,2.1368042735365704
1665,1.9963185026388146
1666,2.2664142049752884
1667,2.253319501393674
1668,1.9208465390110108
1669,1.9726567793775278
1670,2.2939149748834775
1671,1.8430826528462427
1672,1.7238905412294
1673,1.6413368885758262
1674,1.621347227208678
1675,1.7160842311816482
1676,1.7315816289560815
1677,1.7895472977407016
1678,1.832164796281042
1679,1.9718106567188838
1680,2.194944464548416
1681,2.1586311863052052
1682,2.2262929950857417
1683,2.170753460720768
1684,2.0406123921734145
1685,1.8444373637012907
1686,1.7697631168568366
1687,1.662662349960958
1688,1.8794536176122347
1689,1.6647093999529405
1690,1.6494054058563503
1691,1.5433295078750686
1692,1.5305620580620447
1693,1.4688615353828296
1694,1.522144055851537
1695,1.4836334739561754
1696,1.2877377694204966
1697,1.5883399683586197
1698,2.223874648810027
1699,2.3205576685232887
1700,2.585991668120723
1701,2.3736937785868726
1702,2.425366956463808
1703,2.615625390688705
1704,2.248965648540962
1705,2.122741568081512
1706,2.392754457564226
1707,2.027008603772484
1708,2.019822591677368
1709,2.267331238985088
1710,2.330593048767072
1711,1.8642538992175846
1712,2.119233771874946
1713,1.7945860468763588
1714,1.8498084341931007
1715,1.6772283033925952
1716,1.7206347229910857
1717,2.2302367518889867
1718,2.1119415594723945
1719,2.4282650911889725
1720,2.4711641657985735
1721,2.3424798590323572
1722,2.448330260589251
1723,3.1918987798092995
1724,2.9106564619956847
1725,3.1531508803158443
1726,3.33111797465199
1727,3.4083519882574325
1728,3.362636817683772
1729,3.3523069078234635
1730,3.659974745595657
1731,3.7613618332269385
1732,3.8415778736228274
1733,3.8263923394384793
1734,4.043862594420136
1735,4.057492822260335
1736,4.059148656282035
1737,4.008578645832714
1738,4.008578645832714
1739,4.008578645832714
1740,3.9525291470858477
1741,3.9525291470858477
