,0
0,1.8546282708783537
1,1.7835798842607449
2,1.679002455857978
3,1.654949204487769
4,1.648408856364303
5,1.6323353100315385
6,1.6098749361041105
7,1.596931614683582
8,1.4995563000743457
9,1.5765999066146104
10,1.5488531307961064
11,1.5648429438756974
12,1.5457519275989455
13,1.6053724140866774
14,1.5669632653263073
15,1.554644072731301
16,1.6547186662097224
17,1.5357829301570542
18,1.5450056458433221
19,1.4641310313336333
20,1.4999075246164026
21,1.3619386394320299
22,1.2970966733854927
23,1.446197291365362
24,1.5105326276063467
25,1.4502346546197484
26,1.3234145549271983
27,1.1710347766811486
28,1.2866192738097617
29,1.331300337696505
30,1.4007503004263093
31,1.2193008748242502
32,0.9840332175247918
33,0.9891810242203534
34,0.9195362775868816
35,1.0184449104508824
36,1.00036369485361
37,1.0262376308289267
38,1.0194959583517573
39,0.9130280856943693
40,0.9298128515409465
41,0.8983444296274644
42,0.9004079090908028
43,0.9703317258811323
44,1.0838644772424244
45,0.8798459614760852
46,0.9593392341697605
47,0.8324265717445153
48,0.8252415207494589
49,0.8137263347242587
50,0.8422305363612916
51,0.8256857337902845
52,0.8276633486214434
53,0.8309473907295164
54,0.9226081664438257
55,0.9286298936544136
56,0.8670284212871342
57,0.9326224826682736
58,0.8728258111270127
59,0.9008929880587779
60,0.8323684298483705
61,0.8588538007472224
62,0.9375664042770603
63,1.1912936143235924
64,1.2449617629259186
65,1.1625484365937926
66,1.2401951889878318
67,1.4424406345648322
68,1.648381072997559
69,1.7120201062665477
70,1.9837694938759831
71,2.0034366880859404
72,2.039075568119598
73,2.516982982605043
74,2.187347103222132
75,2.5455139255133417
76,2.0477735285279035
77,2.001501147600223
78,2.0898317491387233
79,1.9109968688986885
80,1.5325724916676033
81,1.5011672364775737
82,1.4450661367338562
83,1.4373501789078007
84,1.394712955529533
85,1.3728165810370119
86,1.347873151937243
87,1.2999086974887242
88,1.2946645184620849
89,1.4161965272582353
90,1.5614691361911952
91,1.4231355222443285
92,2.5366015563788316
93,1.755175680328012
94,1.8481452400467848
95,1.7559399364530879
96,2.7661267046132076
97,1.7826803390423793
98,1.7678367815693885
99,1.8475898319830824
100,2.578117962254548
101,2.535505093164188
102,2.109419407759212
103,2.1688682558626913
104,1.9691813491016599
105,1.9574578370995483
106,1.885384332429018
107,1.9854831732854443
108,1.932838664402311
109,1.9383213561611121
110,1.8653302369062155
111,1.6218782183111433
112,1.425399441416638
113,1.576622951916688
114,2.2005811301345615
115,2.4163324719399633
116,2.368561494390782
117,2.621648680208687
118,3.2470447995750886
119,2.7903506973644188
120,3.355076064787113
121,2.531315387058279
122,2.724753791737278
123,2.713199383497507
124,2.3736439464202195
125,2.5233017739593113
126,2.4317024156684215
127,2.2347581709244815
128,2.2101242703643877
129,2.23343396046292
130,2.2623948821245485
131,2.3888414198499293
132,2.183789718240542
133,2.348389829979332
134,2.453044216838932
135,2.802230722534719
136,2.4685313878637034
137,2.5943480562293657
138,2.5901494287802826
139,2.5704376520721084
140,2.5942245312445955
141,2.5435224680444346
142,2.6874509668318565
143,3.60080844464797
144,3.6954200157191694
145,3.927114063875273
146,3.6324403075907092
147,3.5902953916109057
148,3.595920268944346
149,3.5331618588258453
150,3.6096753626998375
151,3.519094938966787
152,3.699965021017928
153,3.657795278570202
154,3.9485082064434187
155,4.377362077293862
156,4.333354496159367
157,4.168391292291946
158,3.916260115935684
159,3.7632407292405974
160,3.918914898588807
161,3.937095094476265
162,3.8356335303644546
163,3.874874172285282
164,4.849236072035635
165,3.938328222013446
166,3.9566056656035697
167,4.769296420955736
168,4.813790759439894
169,4.765230351684376
170,4.8744417163701454
171,3.9324095085426176
172,3.8269994098262408
173,3.7794207828139577
174,3.6960605745576522
175,3.7481690739628677
176,3.6714156242419094
177,3.6028095980628683
178,3.497962543563929
179,3.7308115938829696
180,3.2928775615215065
181,2.72560739738552
182,2.679468221500667
183,2.973348482248462
184,2.8360283902636163
185,2.8385011196203127
186,2.8569004775894755
187,2.851440938477356
188,2.736375771653322
189,2.7098197820496877
190,2.9662454019426465
191,2.6347924084219265
192,2.548536528993287
193,2.657851548942976
194,3.0674222797859088
195,3.028022233763865
196,3.0542527510956416
197,3.1238400213745923
198,3.037787271028542
199,3.0056134737942894
200,2.7982718140788956
201,2.62585072737056
202,2.636526591868657
203,2.6635042176745767
204,2.281448742189937
205,2.180510230695966
206,2.0993111351177585
207,1.8257361056538044
208,1.8459956689098604
209,1.8634345198277513
210,1.8696689377924285
211,1.9159761532633561
212,1.971061000035503
213,1.9372924450757742
214,1.931705132485427
215,1.9937845270728731
216,1.997464975171284
217,2.0513172515520655
218,2.1501829163530233
219,2.056520544806099
220,1.8916733967056476
221,1.7955789389016923
222,1.8113347137241051
223,1.7792741180955327
224,1.7548361202084009
225,1.7524334894212128
226,1.735657136619208
227,1.748973661299497
228,1.7194079002967317
229,1.581870468818882
230,1.6991141689943041
231,1.6446813794039257
232,1.7411600853418914
233,1.7087146059527125
234,2.1333748826937358
235,2.7637022390223502
236,2.827039429926964
237,2.091050746986215
238,2.7534140570097185
239,2.880726630972012
240,2.6663699006596953
241,2.513951998565617
242,2.5392760226405406
243,2.4154363334411055
244,2.528005253141088
245,2.4198811308668438
246,2.333791931646189
247,2.0490229106940063
248,2.048920000139764
249,2.011474808039551
250,2.1480630680889576
251,2.180603941005941
252,2.311375796226909
253,2.2710846944831893
254,2.1882046947169322
255,2.093833270982196
256,1.9126911260636537
257,1.955610171215279
258,1.9465180866315361
259,1.819988725415826
260,1.939226237438222
261,1.678883858584715
262,2.529468243731181
263,1.7576302531956218
264,1.7678741711344594
265,2.2957845604376756
266,2.1968846293691513
267,2.485350157236791
268,2.6115131896073014
269,2.5320057306792236
270,2.5418173407844473
271,2.5631508406421935
272,2.504541301355337
273,2.491981126236487
274,2.947142628660233
275,2.5535745273989296
276,2.6094618894244386
277,2.8301522771912424
278,3.26352035897182
279,3.365637980863606
280,3.4539657608988796
281,3.679352382193579
282,3.517328365362334
283,2.97037396925323
284,2.6373221365441597
285,2.8420651818785716
286,2.4999237311502567
287,2.215051895427743
288,2.0045004510289552
289,2.048703608566124
290,1.979900448443324
291,2.1294315280340164
292,1.9067020022031722
293,1.85539319925865
294,1.8755465622997514
295,1.7225881886227077
296,1.76032489380097
297,1.8480691408044259
298,1.7705080418355899
299,1.7940211383538809
300,2.088757480892535
301,1.7113088309408335
302,1.7439938122480452
303,1.7547136168987978
304,1.5748978200426487
305,1.7085955339594172
306,1.521728589726785
307,1.4300530471548596
308,1.5301290464733974
309,1.482094393991612
310,1.6739943148039669
311,1.525766197823285
312,1.4993267256236067
313,1.5569568425168119
314,1.3345620414176378
315,1.4224886191110901
316,1.220013859226279
317,1.1681897671359458
318,1.13878742835388
319,1.1249955108311716
320,1.073877472722349
321,1.0708208524491984
322,1.0700118678628874
323,0.997512273021466
324,1.0866184366964262
325,1.0270116971727705
326,0.9598797645037199
327,0.9555213648943782
328,0.952886929210429
329,0.9489317343478838
330,1.136653286857884
331,1.1401707725860193
332,0.8753288716823694
333,0.8923958179985525
334,0.9701534618235682
335,0.8384872850941103
336,0.8140874323999815
337,0.7918457262218449
338,0.7709636633753324
339,0.7307582699495629
340,0.7602698562430502
341,0.7173486562721024
342,0.7351454096534907
343,0.7310197537623327
344,0.6758315234982228
345,0.6929663338962587
346,0.6748007686623039
347,0.6376750969778583
348,0.6191242317364395
349,0.5974245982656692
350,0.6117552270701679
351,0.6083711151787591
352,0.6649861608329646
353,0.8455881176985373
354,0.9012369906178627
355,0.9577715881282204
356,0.7946567816956094
357,0.751015436389552
358,0.8831615329513907
359,0.8938881490699939
360,0.9146186415679894
361,0.9736675269836054
362,0.9856399436594743
363,0.9921909413040081
364,0.9728256260462423
365,0.9813885680114726
366,1.2223149576768912
367,1.1240202193416637
368,1.3581778961182174
369,1.2833067932738658
370,1.2553118930115927
371,1.0338982121577343
372,1.1477851650361106
373,1.1450648898465743
374,1.0531405194569892
375,1.033705870117267
376,1.0438630558151145
377,1.026452307101449
378,0.9369733611057778
379,0.9111831070639478
380,0.9131770460596338
381,0.932134216502215
382,0.8842760220633269
383,0.8456621074917117
384,0.8616296406064177
385,0.8485135716556389
386,0.8514944578523088
387,0.851363627665485
388,0.8167692121372815
389,0.8586127134034762
390,0.868329510958275
391,0.953877935245938
392,0.9304522994790746
393,0.909345185214449
394,0.865091374915076
395,0.7823340375167803
396,0.767146839306606
397,0.7757689003950448
398,0.7621732941890016
399,0.7622307962732213
400,0.7688938532149225
401,0.7809576237436252
402,0.7326759174337858
403,0.7170501809639738
404,0.7105950812573258
405,0.7081105520395361
406,0.7288659066722369
407,1.5985999554470232
408,0.7703922191491298
409,0.9501127246417561
410,1.5394190323704162
411,1.4413213764688846
412,1.6269526792732858
413,1.851830423633068
414,2.223826121093642
415,3.6398464828613495
416,3.7126909820718135
417,3.310412377642993
418,4.026577885906984
419,3.8326890865080565
420,4.020499867537477
421,3.632664931647166
422,2.852969964800701
423,2.475151193950718
424,2.277829412124019
425,2.367424545739758
426,2.3290737076899863
427,2.2321812210780987
428,2.1525339152232825
429,2.3591143640414725
430,2.2780464476796305
431,2.441493012590875
432,2.4983491086572305
433,2.5317370767701735
434,2.3385599962449843
435,2.513536760910966
436,2.8748541912739762
437,2.916573340425734
438,2.985045840955472
439,3.2073998028826223
440,2.8533623346665378
441,2.906787176458945
442,2.7348330708328055
443,2.982663221843765
444,2.895828557906859
445,2.8614730546058547
446,3.0547758591047045
447,3.295651294504595
448,3.346163803323379
449,3.6143043140992432
450,3.6394170419540313
451,3.4937870577699135
452,3.522463749473155
453,3.5968962734076464
454,3.701810961740995
455,3.7478700701497045
456,3.5440310106649173
457,3.2067963923033176
458,3.3144487490445362
459,3.7348901950216957
460,3.7585297626348106
461,3.6710429260129795
462,3.7315001816910276
463,3.6918773282871014
464,3.834180680638038
465,3.7188779477808303
466,3.618693944495539
467,3.3737974916504183
468,3.384279608624872
469,3.566250576995179
470,3.6389547440876835
471,3.4515120653901183
472,3.614530315553148
473,3.546576127144808
474,3.8040357647367746
475,3.547401713625734
476,3.7498947866444197
477,3.823838628196635
478,3.566812208663684
479,3.7262520308048535
480,3.5319277066727555
481,3.227414374402808
482,2.6966220740783835
483,3.1257414664883765
484,3.304911491122185
485,2.5921746764021965
486,3.110888041865246
487,3.33335854984992
488,3.1929158261299015
489,2.534198503935706
490,3.078136892463805
491,2.336423538465725
492,2.730681954876441
493,2.235009827026984
494,2.1753747579614497
495,1.9567243215688122
496,2.0631101210057428
497,2.261228663615481
498,1.977029735968415
499,1.9571089055338131
500,1.953873498815218
501,1.9135161019201665
502,1.8977576603576245
503,2.1172821053049886
504,1.9719621379490375
505,1.842397142436861
506,2.124994414659002
507,2.2626238015729228
508,2.2430084059861595
509,2.0740811251508946
510,2.009114395587846
511,1.8991839730703717
512,1.9243582778066317
513,1.8075391161458219
514,1.8166006193838122
515,1.7349841623045064
516,1.6351012158179197
517,1.8582574741004962
518,1.7396961090573084
519,2.1340851005237345
520,2.1191610716354865
521,2.062950527281251
522,2.0480655463242714
523,2.0638901017157965
524,1.9851399136619885
525,2.0680913864533887
526,2.0176280381101157
527,1.9645867565448705
528,1.9759999566128519
529,2.0554307163082113
530,2.132969636665919
531,1.8395096380454854
532,1.8548946214013056
533,1.7957735703556328
534,1.8105266062422838
535,1.8214680436761674
536,1.8465616976728
537,1.9309426134684684
538,1.8613412517650871
539,1.9580319081003188
540,2.0942836482188008
541,2.1824677853031154
542,2.3579159082343004
543,2.2676121236575963
544,2.1195684833321264
545,2.081129435599611
546,2.1924121296775807
547,2.3514363671818788
548,2.2896191845368494
549,2.1709476491553903
550,2.3789679499378993
551,2.4219601317114288
552,2.4469839408302247
553,2.4646577263613794
554,2.485890344255313
555,2.439588934290251
556,2.4345858697538545
557,2.0544159134960873
558,2.147056297072684
559,2.4529292579564865
560,2.4190467296325493
561,2.2826283862285184
562,1.804570582649831
563,2.4174831568274935
564,1.7972866315012292
565,2.104165848336587
566,1.474021322114911
567,1.3471339030494058
568,1.3004984359488319
569,1.1756289581958606
570,1.1483530191301046
571,1.1328455661833297
572,1.1404302592683866
573,1.131919333261893
574,1.1480579815823737
575,1.1597082250104906
576,1.1564688553580327
577,1.298860652017078
578,1.4121515852058524
579,1.5710536087463078
580,1.530645978169857
581,2.193433680371215
582,2.3617987075328344
583,2.418014295908195
584,2.3236540844028077
585,2.229090995600947
586,2.2935499654432094
587,2.1690884367700383
588,2.17668183491589
589,1.860260192894058
590,1.8476702244667744
591,2.0086419922138994
592,1.976981428942436
593,2.24741601791129
594,2.1710455584280934
595,2.1285493623654412
596,1.9074968358322237
597,1.86388987644743
598,2.0984134587928054
599,2.67916984602401
600,2.6808238488919316
601,2.8243600584734048
602,2.6683369630964524
603,2.697914339806348
604,2.514805866247069
605,2.4223173705497163
606,2.505185707996507
607,2.4257417220231914
608,2.5312410533561644
609,2.391956703354083
610,2.390416259764986
611,2.3569849960450737
612,2.3508124895581943
613,2.352017792438472
614,2.5205223649237976
615,2.330202943325303
616,2.399035447646906
617,2.3673986606166393
618,2.3642297870156357
619,2.286821902123586
620,2.338634487416803
621,1.8202734045845939
622,2.3225643006344505
623,2.4067782511305
624,1.8001469078278802
625,2.248967914021393
626,2.0621728380380437
627,1.8868684936482323
628,1.9645029559569718
629,1.5795133460739255
630,1.479174479514606
631,1.4958035607712494
632,2.093665182980538
633,2.1438981306152844
634,2.5459832134227183
635,2.4925476038645464
636,1.7596392315463716
637,1.8283197866745973
638,1.4392755568296807
639,1.5389018441435391
640,1.3071049855497514
641,1.474888266831215
642,1.5272323138359327
643,1.5077458178441991
644,1.417571786831419
645,1.3448650003725822
646,1.3065770267477166
647,1.1741609648877913
648,1.1389013629076328
649,1.1296145082399827
650,1.0963819875332803
651,1.137485647259175
652,1.0649220816385117
653,1.0852348621219199
654,1.0285675939389938
655,0.9722362198492849
656,0.9455440819265949
657,0.9569445997285712
658,0.9413889732653123
659,0.8508904314874788
660,0.8273513119368067
661,0.7848145290720393
662,0.793712940253016
663,0.7973308904720219
664,0.8575111267389386
665,0.829417896641456
666,0.8358809106598101
667,0.8453654072753669
668,0.8841032277415559
669,1.3653030405330489
670,1.3811406046918413
671,1.3790173924365117
672,1.4393639417820163
673,1.8126058147964508
674,1.6985696312993428
675,1.5984916440344235
676,1.4954235945542773
677,1.4652754037018005
678,1.3617463238996779
679,1.386729859389559
680,1.3020348604230803
681,1.2953687338803812
682,1.5785745849413415
683,1.6431088973111294
684,1.1486641227451702
685,1.1252322350316635
686,1.0599593491444013
687,0.97645569951797
688,1.0118879677126846
689,1.3145360784122497
690,1.7392967460262971
691,1.7330107004025466
692,1.865697598815184
693,2.071453380554632
694,2.096907159050661
695,2.24115125535241
696,2.4110570629593977
697,2.1212359766114326
698,2.0016672556324386
699,2.03479304772727
700,1.928800021001274
701,2.0594864782585436
702,1.908317209375692
703,1.9536953592060127
704,1.9436081311433298
705,1.7025642022929455
706,1.6757186589807165
707,1.7358399637745034
708,1.6147577099455515
709,1.6827670557685646
710,1.7089752182171187
711,1.8804110317050182
712,1.877891775947051
713,1.7616859330179995
714,1.5981694345175348
715,1.4747525003586723
716,1.4469120390731711
717,1.4984899974140995
718,1.55426741394705
719,1.5474375635712363
720,1.6085276895479643
721,1.465775523421563
722,1.44148949275861
723,1.321830334960291
724,1.1891009071080791
725,1.2108849307034704
726,1.2019237993619027
727,1.1983655260993462
728,1.2164897279368294
729,1.1505239159649832
730,1.1096215939029508
731,1.1078315548688913
732,1.0742914973395108
733,0.9966952891193663
734,0.998513148612078
735,1.2692064772777258
736,1.281379116029438
737,1.4722748922308508
738,2.0099275626417885
739,2.2496930809407387
740,2.3663516560872258
741,2.040718041929362
742,2.2527054655974896
743,2.171649728256532
744,2.3669254073908452
745,2.54014006370234
746,2.6096855130886336
747,2.786007465761559
748,2.548034540131228
749,2.2809155795200353
750,2.2297943350317326
751,3.8392414391643093
752,4.177931614419711
753,4.261434725634263
754,4.223176422635078
755,4.1526531523289405
756,4.103556022475755
757,4.440786650169382
758,4.403132503528435
759,4.496168608867677
760,4.534586321453407
761,4.575271882465267
762,4.487102418788084
763,4.482072621745299
764,4.580022957891109
765,4.890339819743157
766,4.6675650548158165
767,4.64705012596917
768,4.618193011062226
769,4.609934638174328
770,4.541321502791065
771,4.608444921945222
772,4.5422238650417635
773,4.472784339582042
774,4.363541493533144
775,4.272901212077641
776,4.362781027099237
777,3.8740017336060344
778,3.233985775702898
779,3.072688355305175
780,3.6785498703987725
781,3.6676667792226523
782,3.6795895039425184
783,4.055089704778655
784,3.9839037355148217
785,4.0440162759073806
786,3.510256962189374
787,3.065800238910241
788,3.2260368493745686
789,3.3198408976298333
790,3.2675886693565515
791,3.222540418252375
792,2.7350788983034473
793,3.0807783616407014
794,2.775191649506664
795,2.571583299626081
796,2.278400241944827
797,2.4509592872799018
798,2.2394414057175043
799,2.0646860345887017
800,1.8874916255344807
801,1.787114863726761
802,1.7770130072092418
803,1.5562914368877472
804,1.6719307791756286
805,1.4219179048373878
806,1.531068642655993
807,1.6571416135039785
808,1.646271909355993
809,1.45250022212289
810,1.6651582221945778
811,1.7469274524415845
812,1.6677655737977848
813,1.682776556285838
814,1.7167963936488941
815,1.9574963092761988
816,1.9181317361221089
817,2.0317764449374667
818,1.6594072572138339
819,1.751283345065118
820,1.6174411603336658
821,1.405284930977341
822,1.2617946007725815
823,1.2417628248256471
824,1.1370365577061277
825,1.1108809948457439
826,1.0721538186331534
827,1.0715638474988292
828,1.0641262563498162
829,1.0333763869411567
830,1.0143735776960754
831,0.9797913841547158
832,1.3969515416955909
833,1.5234209707720958
834,1.573460663083146
835,1.9071270213086144
836,1.8136579092087817
837,1.6583638397873735
838,2.4306136651940737
839,2.372779331405757
840,2.0329686850887896
841,1.5503290132585077
842,1.4031683695313526
843,1.2697923556969049
844,1.3404389473838847
845,1.2621664575202856
846,1.2217894144673742
847,1.2294987613186568
848,1.2537261001439142
849,1.2472132008623726
850,1.4111972783148194
851,2.019881396772988
852,2.2293278911540755
853,2.279726127515764
854,2.2817260782085125
855,2.8876676863873447
856,2.893872901518517
857,2.9058204475840927
858,2.4055436137826467
859,2.185672673019692
860,2.702532340307094
861,2.8885290440583877
862,2.4226417182310436
863,2.7229799476144065
864,2.223669126998825
865,2.0638122863999104
866,2.19366217401977
867,1.996642134012438
868,1.9807562515125847
869,2.0847902330280306
870,2.0979176096132357
871,2.1200576840303995
872,1.9989569175500037
873,2.197973084812882
874,1.6669521945892316
875,1.6884668393780058
876,1.565659939323945
877,1.7183648536087917
878,1.9806581159543952
879,1.59907717564445
880,1.6240991285957158
881,1.5530698283419364
882,1.492473485124968
883,1.5930991078008903
884,1.5533068630556817
885,1.8445011550417734
886,1.7722613363315918
887,1.8582433262061526
888,1.595064504171421
889,1.7489951988648618
890,1.6805843178668018
891,1.5058209345139228
892,1.6873539921544147
893,1.7022192976026858
894,1.7268703345082161
895,1.8243235985096438
896,2.0101101876698477
897,1.8820530167441802
898,1.9496177383379039
899,1.8012801289882792
900,1.8190603549681095
901,1.7879735595831268
902,2.0093362419609795
903,2.0721185851527535
904,2.1863423503696624
905,2.052848320355989
906,2.2198919658831078
907,2.046017805743792
908,2.338420323214099
909,2.168164952427681
910,2.004306545242253
911,1.9440885937994272
912,1.9212655931926141
913,1.8720222561184745
914,1.7714129258629283
915,1.7652995366947783
916,1.8593266392732009
917,1.675557800684821
918,1.6485944292834975
919,1.7224075416574858
920,1.68384737651393
921,2.6490957246612066
922,2.93499897736677
923,3.055756461056251
924,3.6810546993582687
925,4.093079387756779
926,4.291442762821772
927,4.273479049848356
928,3.1304188458085433
929,2.8457943936698595
930,2.67072653345276
931,2.477309468141118
932,2.535159744196015
933,2.4571057243009977
934,2.3954761601343137
935,2.2377558479123283
936,2.439191967738585
937,2.5515045731903063
938,2.9404915789321464
939,2.7060291374113965
940,2.8778102550551847
941,2.7411615152340842
942,3.7281085624080554
943,3.8397064708326845
944,2.826478565021628
945,2.605778713979856
946,2.60586821312272
947,2.745833110337082
948,2.7068063954041555
949,2.486532049213446
950,2.5731264731752086
951,2.3538335241600086
952,2.2633654892143475
953,2.285046850147935
954,2.1688302798548005
955,2.2346625833710196
956,2.130049640389833
957,2.1075892051643583
958,2.102564207555463
959,2.0187744942995036
960,1.9762288649797521
961,1.8993515651699775
962,2.1738412494517
963,2.697769798258584
964,2.8882989660596166
965,2.982071017179211
966,3.0391289938915302
967,2.9071861276198585
968,3.264832960298052
969,3.8698476225152203
970,4.092641202831311
971,4.500299329290668
972,3.511892042416699
973,3.849317659581145
974,3.782297917555838
975,3.9590559191085517
976,3.892996132917451
977,3.876374229304029
978,3.4703502433420654
979,3.579139256102754
980,3.0504994203356106
981,3.090588616945011
982,3.6242985334894544
983,3.468432380646564
984,3.459266423497253
985,3.381913920679894
986,3.3295974583315817
987,3.3864077413963587
988,3.384791408236246
989,3.676498623128308
990,3.472516016298759
991,3.3888240135526853
992,3.3028396835435925
993,3.2642614608791938
994,3.0485810805065463
995,3.204433322842991
996,3.0639709247218856
997,3.1229497627808946
998,3.015668389684703
999,3.0305706917743174
1000,2.9366428239117464
1001,2.8807636622446084
1002,3.0220362516078514
1003,2.8896746902266703
1004,2.911371629906306
1005,2.780032048479187
1006,2.4066433300559265
1007,2.6874102121428454
1008,2.9403556512998423
1009,2.899286488911335
1010,2.621062486079545
1011,2.810067832218536
1012,2.79543490121498
1013,2.952139869213026
1014,2.5525013804152157
1015,2.7243833526997223
1016,2.544952794133573
1017,2.3264313580727536
1018,2.3592658243184093
1019,2.229143535594935
1020,2.300323411983979
1021,2.250862957090634
1022,2.2131069736142392
1023,1.9842389217851462
1024,2.1445517239660234
1025,2.070010461129855
1026,1.9552584283436394
1027,2.055746233226697
1028,1.960381832541093
1029,1.8197265231791895
1030,1.848500112094661
1031,1.8372530251726327
1032,1.7857490297469183
1033,1.7331021852367763
1034,1.7293814915945243
1035,1.7149202713523255
1036,1.5796720323711788
1037,1.7072191170792024
1038,1.5664410995206703
1039,1.7348346380312323
1040,1.559823032186223
1041,1.5237444726799396
1042,1.4885067749323653
1043,1.5245184043156226
1044,1.7181108240901215
1045,1.609811914349869
1046,1.3692148601637768
1047,1.7305555183231973
1048,2.153845348278161
1049,2.3012035086735936
1050,2.2115905644566856
1051,2.348538006476518
1052,2.350151477301124
1053,2.38050491810101
1054,2.365319754675131
1055,2.277057487692502
1056,2.0154931309141744
1057,1.9534275589892207
1058,1.9941049871465422
1059,1.945894598616831
1060,1.884335089621392
1061,1.875894986764512
1062,1.8103074938103842
1063,1.851100432184555
1064,2.2076058956943334
1065,2.254789108557567
1066,2.4510765531027268
1067,2.5332489418402147
1068,2.552049190273369
1069,2.5457617746417367
1070,2.5575745021883756
1071,2.5215110396827676
1072,2.7045209343034395
1073,4.003220372254996
1074,4.179139267299416
1075,4.336548075747542
1076,4.335883446059789
1077,5.73585850200882
1078,5.910484633305311
1079,5.782352705838014
1080,5.810313130822194
1081,5.423999907850215
1082,5.435147148189928
1083,4.313932657532397
1084,4.56578929539001
1085,4.631133935462043
1086,4.487734525433645
1087,4.304246712617895
1088,4.136657276564475
1089,3.9049930225606033
1090,4.153248655025809
1091,5.560852379106972
1092,5.226033620744026
1093,4.956042454794145
1094,4.939713142193748
1095,4.939528282892613
1096,4.932472673280671
1097,4.895233657264593
1098,5.003468174115939
1099,5.197964429424241
1100,5.27631597355678
1101,5.31700949065465
1102,5.194596911740999
1103,5.0805927940529205
1104,4.973553400268697
1105,4.828624970464236
1106,4.410517934648671
1107,4.394512171384944
1108,4.363460398959729
1109,4.419920596502309
1110,4.386410104047211
1111,4.313317384300899
1112,4.1815901220640495
1113,4.143967730236466
1114,3.5730669340965173
1115,3.1068589057113316
1116,3.064899483549763
1117,3.2394068062504138
1118,3.0036248473511207
1119,4.06875341192086
1120,3.7321084061538
1121,4.551432234290917
1122,4.7961664715576475
1123,5.092835184905504
1124,5.166329426951737
1125,4.150302134047013
1126,3.9616272348708517
1127,3.583299913246136
1128,3.9005868876556775
1129,3.470890131204705
1130,3.7389847749534892
1131,3.4654370300093227
1132,3.1840446180858937
1133,2.545813621547307
1134,2.5158633361603413
1135,2.320134619206438
1136,2.2858083546134056
1137,2.3536997848291312
1138,2.401266210139669
1139,2.3278663127224535
1140,2.264322606490758
1141,2.228063338085935
1142,2.3423004558706584
1143,2.3384647432694683
1144,2.1891335461876427
1145,2.216230107696362
1146,2.1643435777383506
1147,2.4058268815861275
1148,2.350247988141145
1149,2.1947431744499095
1150,2.194668150879897
1151,2.692974322922845
1152,2.3224595407429045
1153,2.697554768468836
1154,3.125949012535385
1155,2.7142228233844734
1156,3.3008854958753315
1157,4.096247140498623
1158,4.315705232252372
1159,5.24175359742641
1160,3.3128685132185582
1161,3.2966577624262055
1162,3.4955991754034232
1163,3.5572761030751523
1164,3.642968068265219
1165,3.835088768526873
1166,3.8369116867436093
1167,3.6968901877321394
1168,3.8358184078519058
1169,3.727093208546767
1170,3.7972547981828635
1171,3.753134263780307
1172,3.826390016543441
1173,3.8280908857971894
1174,3.647686257653341
1175,3.5902046786945045
1176,3.651744740564216
1177,3.56742918675298
1178,3.2260971401868628
1179,3.3104581295247213
1180,3.52471841468288
1181,3.4790989436691646
1182,3.4492462936697623
1183,3.360348975501134
1184,3.3520956076834767
1185,3.1128618774045878
1186,3.281443264067731
1187,3.1557720496512722
1188,3.194321298113888
1189,2.648715068411472
1190,2.8274621491854757
1191,2.95561982298127
1192,2.7927744161920507
1193,2.963334259997247
1194,2.990189672557714
1195,3.193784234359099
1196,3.017742481896466
1197,3.0396645019321276
1198,3.026155895982761
1199,3.053171352524292
1200,3.178708865088154
1201,3.2174619969711498
1202,3.1847286209689707
1203,3.2962041436711322
1204,2.7121154176571944
1205,3.4171238336026115
1206,3.4391465858362196
1207,3.8542230367012253
1208,3.2195294548659112
1209,3.732399330879556
1210,3.775436996124349
1211,3.1825405104376747
1212,2.8720932443790526
1213,2.628283453789509
1214,2.4647127225549745
1215,3.136654076167642
1216,2.774143286648888
1217,2.7818995361250365
1218,3.458711974775081
1219,3.271816103001967
1220,2.921016472183974
1221,2.961537518181444
1222,2.8648422209683826
1223,3.022150980632631
1224,3.5273579055715967
1225,2.799460326732343
1226,3.714581366683342
1227,3.5436505630355613
1228,3.391745105367308
1229,4.516140078619139
1230,2.7128315145702278
1231,2.8032077231258112
1232,2.8424776332828854
1233,3.9904131040102615
1234,4.746025987725368
1235,5.0663748278175005
1236,3.712465874079754
1237,3.627205743654376
1238,3.5231777988686916
1239,3.261029155265167
1240,3.299062674443475
1241,3.2940603764210405
1242,3.2567019423027186
1243,3.5317591364546574
1244,3.3593263743087527
1245,3.32412886891984
1246,3.801346503754292
1247,4.594256716678206
1248,4.638649234213768
1249,5.051099548909109
1250,5.384690064263989
1251,5.439701502399462
1252,5.432116769163327
1253,5.779063617177862
1254,5.482324106702449
1255,5.339150426317118
1256,5.27834787239527
1257,5.2476616314127495
1258,5.329786267354426
1259,5.3458127811386795
1260,5.32041600727762
1261,5.276954246853301
1262,5.5324968683569775
1263,4.975936438035642
1264,4.47827434187593
1265,4.406949213535786
1266,4.371427805830058
1267,4.419526455095352
1268,4.410156623414076
1269,4.353258538574167
1270,4.280055716894464
1271,4.258816350009428
1272,4.1619601673521815
1273,4.090956237426811
1274,4.1562110928378
1275,4.000340135883177
1276,4.175234266340412
1277,4.1999686263037415
1278,3.9896863571861805
1279,3.967068278581132
1280,3.775234149874827
1281,3.366264319264492
1282,3.5935070628963888
1283,3.4231615072819603
1284,3.178176417214473
1285,4.093682648808048
1286,3.254261966179479
1287,3.4734651561111685
1288,3.2891676122528875
1289,3.272495629572945
1290,3.2560479226361574
1291,3.3605597949428985
1292,3.333250274595212
1293,3.4433933148626026
1294,3.4718017370208005
1295,3.59652319026037
1296,3.3760802405203223
1297,3.5005628359767558
1298,3.38759733911136
1299,3.358010240077212
1300,3.3095992953350035
1301,3.52327063591141
1302,3.2082439610695537
1303,3.4743428600732695
1304,3.9413187462760426
1305,3.8856457102047672
1306,5.275335049876554
1307,5.483972777797729
1308,5.463746071508695
1309,5.423525999974855
1310,4.789772550615788
1311,4.678509982040214
1312,4.55556421673939
1313,4.271744136810606
1314,3.887061657324232
1315,3.7515741194276964
1316,3.6767719247645267
1317,3.6910263677373405
1318,3.5794239851474017
1319,3.4629991017423216
1320,3.424631883930662
1321,3.2139697228685415
1322,3.1693609746835985
1323,2.7426222588045035
1324,2.749900410870951
1325,2.9763103030165916
1326,2.6027488509092445
1327,2.6028612961543303
1328,2.599699664195429
1329,2.483126436131671
1330,2.6849196187192916
1331,2.6106828065345606
1332,2.830889279487246
1333,2.9315050393788447
1334,2.7103703098159273
1335,2.7574457573985365
1336,2.964075715086518
1337,2.6407054038817668
1338,2.495113075801344
1339,2.493090265945099
1340,2.3986440068290946
1341,3.0684619975835674
1342,2.306787443864626
1343,3.3358413396990607
1344,2.639923420902362
1345,2.832684395586362
1346,2.9372969049095796
1347,2.6060843696273843
1348,2.610193230462878
1349,2.446411504218258
1350,2.6840159996875745
1351,2.9815069122273146
1352,2.867451402297169
1353,2.766334267030704
1354,2.3072659974734124
1355,2.378030040662625
1356,2.3995372461889155
1357,2.4151465527379714
1358,2.0619524352077265
1359,2.1517568989972955
1360,2.240011152301969
1361,2.2172845440213074
1362,2.5918040883599662
1363,2.576880831818072
1364,2.8228024323049157
1365,4.014010195354184
1366,4.209888268728154
1367,5.001558005467488
1368,5.569447482192343
1369,5.42743573348972
1370,5.80407761837632
1371,5.875827738958856
1372,4.613912475344231
1373,4.670263690487607
1374,4.234108925583803
1375,3.687632769360951
1376,3.657461675843856
1377,3.3893429389369762
1378,3.104406375340078
1379,3.322691407389102
1380,3.2938608619611336
1381,3.0976647349284026
1382,2.9469807371340018
1383,2.7916680544274266
1384,3.0407060702075923
1385,3.2568389907984345
1386,3.0799091875528934
1387,2.8755749652212947
1388,3.156389530971257
1389,3.241012848985479
1390,3.6109691400302664
1391,3.1022846340809
1392,3.069918880928593
1393,2.744996329584377
1394,2.802535442930514
1395,3.1367182957333615
1396,3.1315075439412103
1397,3.194936526936386
1398,3.1785341791068924
1399,3.2868878630813967
1400,3.310983233905239
1401,3.378142044797459
1402,3.2356574966719434
1403,3.2003768838909563
1404,3.0818206581184198
1405,2.994518351719886
1406,2.887247852404465
1407,2.87251474332002
1408,2.90040312638133
1409,2.713377044129264
1410,2.836485039760419
1411,2.8877260816609844
1412,2.4640778917745156
1413,2.5107690033698074
1414,2.4972563890700616
1415,2.921614948079522
1416,2.4635482882922606
1417,2.427006849883574
1418,2.5100400777193212
1419,2.174305644049746
1420,2.3071610058164698
1421,2.035012340913087
1422,2.011166982370748
1423,1.9201858565793577
1424,1.7303155265699048
1425,1.8146894017559403
1426,1.791674755729393
1427,1.8620106596490626
1428,1.89333097734847
1429,1.9941105078239514
1430,1.756712492443259
1431,1.728922497380626
1432,1.6717540076869173
1433,1.5788791946238232
1434,1.5775290250906309
1435,1.5181414748284652
1436,1.663998380258856
1437,1.4811042181562497
1438,1.4703429325245303
1439,1.3629767787808553
1440,1.3424242601248257
1441,1.2171795498861917
1442,1.1706914914393276
1443,1.1214928106469604
1444,1.2457101810679707
1445,1.2492815561988893
1446,1.1708213887001837
1447,1.1773673527117392
1448,1.2113358528574307
1449,1.1496378188865504
1450,1.2803503192564247
1451,1.27066709129066
1452,1.1828725630243964
1453,1.3517821262039682
1454,1.5253088208378478
1455,1.4968670319345108
1456,1.730055908928585
1457,1.9086534697112303
1458,1.8141608014708985
1459,1.8697167634929386
1460,1.8374206288434713
1461,2.006315858466723
1462,2.117561278718946
1463,2.737727116288024
1464,2.8216531580040365
1465,2.370236556367173
1466,2.496453537124824
1467,2.5683779488744283
1468,2.4685976329202863
1469,2.521987740750799
1470,2.5168767135709653
1471,2.4487823093750705
1472,2.4178430110263003
1473,2.3478276350279472
1474,2.3733849246486836
1475,2.06819221025683
1476,2.139907205383606
1477,2.0721048014462973
1478,2.039325587201391
1479,1.9905846407636465
1480,1.969191665786718
1481,2.0018269662826866
1482,2.06296312292963
1483,2.103897872887533
1484,2.12432937826364
1485,2.1915521880644993
1486,1.638192177213888
1487,1.6430759851064614
1488,1.5890158775170191
1489,1.6027225630485995
1490,1.546712349764269
1491,1.4927075576129352
1492,1.309584671078181
1493,1.1985923852329392
1494,1.4688235648625867
1495,1.3928250417257912
1496,1.3072971084173641
1497,1.1541918657980725
1498,1.1228220302888758
1499,1.122399288347158
1500,1.105847898418599
1501,1.220413907209803
1502,1.3674314071924962
1503,1.4230431624760915
1504,1.4843823408131824
1505,1.7979293814678459
1506,2.2446547632145264
1507,2.290831854464929
1508,2.5134550441907244
1509,2.9717283191598978
1510,3.010266956183161
1511,2.7245833936866766
1512,2.9590648285772723
1513,2.8500539674841834
1514,2.7263466307325044
1515,3.1505395312805433
1516,2.8305847618367945
1517,2.8355717225742376
1518,2.8770906113329797
1519,2.761468830773645
1520,2.707047569775364
1521,2.6871379651706304
1522,2.664028572729481
1523,2.5941697008259417
1524,2.566549304274087
1525,2.7817815257420286
1526,3.131026387307511
1527,3.3030477832393594
1528,3.5560893240603044
1529,3.8276157694999178
1530,3.7955614953229126
1531,3.8072401255659165
1532,3.852488447585945
1533,3.8552093004883887
1534,4.191821540939095
1535,4.282609942478307
1536,4.079664561414221
1537,4.261894705723691
1538,4.556905035303632
1539,4.5619302698466475
1540,4.587314774141054
1541,4.626902223155917
1542,4.40560553443114
1543,4.1291035156805425
1544,4.050719992960298
1545,4.680018732854954
1546,4.569587827132821
1547,4.796544474773067
1548,4.068022382596509
1549,4.789729244536723
1550,4.212150341201702
1551,4.038931549955928
1552,4.007330732293882
1553,4.266872885683729
1554,4.760555349305945
1555,4.312667542391873
1556,4.924747202934395
1557,4.063234999074015
1558,4.154074981554248
1559,4.17571623405244
1560,3.9834485888927413
1561,4.123258752831817
1562,3.986228023624154
1563,3.8960956446232893
1564,3.9511110147418274
1565,4.18275992837693
1566,4.435613978580068
1567,4.5528825000804805
1568,4.5181950636780375
1569,4.401654875085422
1570,4.289448719035905
1571,4.291814100231761
1572,4.121451394437259
1573,4.07697420574387
1574,4.021893607769441
1575,4.031878624125243
1576,4.019131904080527
1577,4.021163525567486
1578,3.92673568284497
1579,3.943419716703918
1580,3.9123802921583164
1581,3.911401654430734
1582,3.811049900593113
1583,3.7096564561795966
1584,3.626296800301568
1585,3.634040497500362
1586,3.6321317851819472
1587,3.3476203340325017
1588,3.2113708372684995
1589,3.3089417799037024
1590,2.934476702880207
1591,3.1674085193936006
1592,3.1661251330449884
1593,2.83955158317609
1594,2.8480160214028247
1595,2.652281178216458
1596,2.4513362300302948
1597,2.362858572105001
1598,2.1260350546975966
1599,2.1012473113453205
1600,1.9390616303924946
1601,2.108940677790064
1602,2.1370023389634003
1603,2.0749340808503276
1604,2.0827510974483268
1605,2.198198208192445
1606,2.0937443353410377
1607,2.1820225571083216
1608,2.295168977990164
1609,2.1047977736290115
1610,2.09877146099618
1611,2.075931681838
1612,2.395739305251651
1613,1.9916242991750823
1614,1.9491794730898118
1615,1.9096891065677195
1616,1.8317944218740563
1617,1.7580196664286907
1618,1.6910909894435446
1619,1.4742370940242095
1620,1.4058907648484174
1621,1.3301780499041933
1622,1.2184089757644878
1623,1.2200715374886528
1624,1.2421684774619912
1625,1.2273595971477298
1626,1.088336645692405
1627,1.0763871679176342
1628,1.0325013404708763
1629,1.0131234598512566
1630,1.0305045268574569
1631,1.0281523074004395
1632,1.0247410580520144
1633,1.0356828662419963
1634,1.037478757150517
1635,1.0445490167202267
1636,1.0696173721029967
1637,1.2263195179297262
1638,1.2926001566619356
1639,1.733806924448944
1640,1.6618030404661508
1641,1.7305299096501654
1642,2.0143618366923404
1643,2.3037518878190824
1644,2.1463802779420362
1645,1.9962423830385108
1646,2.1704317429975153
1647,2.4533536108708414
1648,2.2056865037565645
1649,2.4583534505615847
1650,2.5194186537272185
1651,2.6094730916938915
1652,2.540479476893719
1653,3.1152158651476465
1654,2.5592009866596794
1655,2.435958941607747
1656,2.1688430862529526
1657,1.990958880198678
1658,2.0264870626446165
1659,1.9324487263614503
1660,1.8127185641858874
1661,1.7861841663155849
1662,1.8105218085305426
1663,1.705235266312906
1664,1.680105387395209
1665,1.6377443491818857
1666,1.6397829086602742
1667,1.5886542410139974
1668,1.464883630122508
1669,1.4532513350026857
1670,1.43323656146875
1671,1.3913002759279232
1672,1.3331310921104904
1673,1.3737969225198006
1674,1.2775207595955647
1675,1.5569771442674185
1676,1.6623597215747439
1677,1.715591051954505
1678,1.6952021990128698
1679,1.6854132960337493
1680,1.6005114662237312
1681,1.697077892200745
1682,1.3489425793618728
1683,1.3115668184704274
1684,1.3122521950197872
1685,1.2747334661771748
1686,1.2585990578591384
1687,1.3223322120373215
1688,1.2789433228843075
1689,1.223548525801427
1690,1.4641188472750446
1691,1.468844056213046
1692,1.4366128754808805
1693,1.5674597646737558
1694,1.5035986949502234
1695,1.462877630977603
1696,1.7474990789120315
1697,1.640263056176165
1698,1.7779748763226622
1699,1.5865529941091345
1700,1.4897713727098554
1701,1.359014360875896
1702,1.5678391228435395
1703,1.6552563268372922
1704,1.6528178206943467
1705,1.648575097535342
1706,1.696198082234327
1707,1.437093846350728
1708,1.5047454312009008
1709,1.6026708017871836
1710,1.498017178192862
1711,1.449056756764998
1712,2.0575651291956114
1713,1.6676207472076456
1714,1.5827323028541058
1715,1.5666953967412254
1716,1.5455511138548523
1717,1.7373655964441124
1718,1.7170440016550923
1719,2.315905860100135
1720,2.5290796779011977
1721,2.422841211664954
1722,2.5393146904990105
1723,2.812940163068678
1724,2.7413576842057044
1725,3.0588468424845594
1726,3.025665439587805
1727,3.1347785908696317
1728,3.9932446169515607
1729,3.912880866265057
1730,3.7683197343081183
1731,3.64094039789792
1732,3.3075372476861116
1733,3.8621136659595563
1734,4.607650436849201
1735,4.792668896907087
1736,5.093428345467175
1737,5.4026781009395455
1738,5.69621909467177
1739,5.749617841392501
1740,5.714575862973571
1741,5.7891417566832475
