,0
0,1.7051401613912176
1,1.5534134095056544
2,1.407918955830494
3,1.6657789097388522
4,1.522432147753086
5,1.5508772811041414
6,1.5372862300742736
7,1.5972675200050077
8,1.5450899117652213
9,1.556463084166247
10,1.6602682267626327
11,1.5590230673580177
12,1.5717524254967008
13,1.3678114885114887
14,1.3620619928380797
15,1.330499668110775
16,1.298725628437585
17,1.4283694916194916
18,1.3984347349231963
19,1.435645817145817
20,1.3049774045679914
21,1.1893155049659574
22,1.3113549179705977
23,1.327108966395923
24,1.3165050739230602
25,1.091889119779165
26,1.0494815569925589
27,0.962680561283738
28,0.9130568599641137
29,0.8970397120024182
30,0.9737175324675327
31,0.9015359420142
32,0.8915595078010369
33,0.8676111895474293
34,0.8873692494632393
35,0.7922307700114605
36,0.8892537019081137
37,0.7999785262851533
38,0.8005388183957097
39,0.8136169977307512
40,0.8081659251959101
41,0.7470103475584245
42,0.7917292753701202
43,0.72038235695928
44,0.7982798745909114
45,0.7673735504209267
46,0.774279533871925
47,0.7280263782415639
48,0.8238603420744804
49,0.8829171169537302
50,0.811388117317465
51,0.8714844421031711
52,0.867761304563144
53,0.9015853415590257
54,0.8704335369266719
55,0.912418883264245
56,0.9233626999780846
57,1.114495937320598
58,1.169601237328732
59,1.130854683159031
60,1.1489927668949407
61,1.2766158807747436
62,1.4576032648188515
63,1.734454840031763
64,1.9789793304324736
65,2.0643562782990568
66,2.1998213133020825
67,2.5704585073046617
68,2.229205002689618
69,2.559827738073892
70,2.2807882023331123
71,1.913843263628627
72,2.132371834902152
73,1.9245246403490168
74,1.6310710493298608
75,1.5180327325084289
76,1.6233956292861975
77,1.6168880286012248
78,1.5992233026014784
79,1.5219313095068538
80,1.5426167513956959
81,1.416958220981298
82,1.3514982420829655
83,1.546814364520208
84,1.468346157059315
85,1.2989860791365289
86,1.59969005205321
87,1.4390587896246374
88,1.6319592626808346
89,1.583136502842549
90,1.7724534469658313
91,1.4529324980574982
92,1.4602160771606472
93,1.6052217891757363
94,2.0956669023535537
95,2.3282046094930706
96,2.0871994592871883
97,2.1594061678348697
98,1.9931475591444032
99,1.9647376960493705
100,2.0719444651564407
101,1.9376108956403073
102,2.021601280255692
103,1.9587881947904326
104,1.9315607327216182
105,1.5904336839883648
106,1.60634373420151
107,1.6006837739284616
108,1.7348776329129925
109,1.8582729450037143
110,1.8921962216897257
111,2.1726181058033283
112,2.2143509629538056
113,2.327948173171857
114,2.483789635802794
115,2.5914317663902335
116,2.7658759990009987
117,2.782443015318015
118,2.527869991119991
119,2.713862686258567
120,2.7833993537887216
121,2.488015379919226
122,2.407253434011412
123,2.5967916453668964
124,2.66246287751639
125,2.6070402542459403
126,2.355499825882179
127,2.536710687921095
128,2.8474094288432945
129,3.122881163576308
130,2.759373750603886
131,2.9724261868218225
132,2.8694667660338156
133,2.894943095467924
134,2.72178686991341
135,2.671013559814556
136,2.937315919815409
137,2.965500535200024
138,3.1256244530151887
139,4.198430158438053
140,4.310805037596893
141,4.39997128160929
142,4.543238858739981
143,4.455530861232784
144,4.433502889204812
145,4.725852524047093
146,4.695850970045541
147,4.904938592882865
148,4.864470061414335
149,4.814391390085662
150,4.489521321752656
151,4.566732860214194
152,4.596303169740476
153,4.483003001429189
154,4.63034764650554
155,4.566024135049677
156,4.335195169249367
157,4.462007871940553
158,5.004673895964143
159,4.639254450360308
160,4.60039576505366
161,4.443906698564593
162,4.682865539612063
163,4.696764141010665
164,5.049075635992973
165,4.420027488725453
166,4.381466940861261
167,4.343296187095386
168,4.258537100028607
169,4.414469246576392
170,4.077729659145398
171,3.913696208253483
172,3.8455675030156726
173,4.150143285224037
174,3.4557544643692886
175,2.81068137514602
176,2.7143546046942495
177,3.1892153504390346
178,3.1843216000051497
179,3.15872453040808
180,3.176342497550344
181,3.1251207134520897
182,2.7623944941982077
183,2.7391611297219276
184,3.256471964551418
185,2.817371685210501
186,2.6184476805441426
187,2.6936950571920204
188,3.195580537388836
189,3.153645515888598
190,3.250633793250599
191,3.273146662373813
192,3.171071402742556
193,3.073038858363858
194,2.8792132277014413
195,2.7756553665632615
196,2.7943051308488953
197,2.734422814091578
198,2.5081970510289904
199,2.5690234819646585
200,2.422817690821576
201,2.1899344985474296
202,2.1726507854656396
203,2.170670880420124
204,2.1427456428497504
205,2.1372127673918744
206,2.2967980807977715
207,2.2256048282075653
208,2.2339759157730263
209,2.237343781391178
210,2.25842954259511
211,2.20144172208229
212,2.4482506968766193
213,2.1067369263877884
214,1.817973982363063
215,1.7759296258490282
216,1.8025441942334979
217,1.7935915921523131
218,1.7845638043119942
219,1.8179311683704724
220,1.7868067849068976
221,1.9446029635326314
222,1.7748869118061426
223,1.6942481315818418
224,1.6299221584984769
225,1.5504942069482939
226,1.6501459829157197
227,1.5572409645909646
228,1.5152963067601077
229,1.8044791757894225
230,1.9271081058857233
231,1.772298631193368
232,1.747832567844952
233,2.2458688122924793
234,2.2230972443242485
235,2.4367037982270423
236,2.7688880244151983
237,2.795343282243135
238,2.8517239196042223
239,2.54514321516974
240,2.560138057398795
241,2.1289847811950597
242,2.085955036135214
243,2.080472963306083
244,2.300044175432411
245,2.448178526012743
246,2.767225516679531
247,2.697112421441435
248,2.483753229676307
249,2.188855221079006
250,1.9796640673297403
251,1.9521594569959952
252,1.9407176716571513
253,1.9788977157044776
254,1.9438813411816065
255,1.7956777064386822
256,2.0900896139098184
257,1.8854492488119752
258,1.889956632946698
259,1.9030451441633323
260,2.1145688894438894
261,2.4728790362134485
262,2.6424548256414124
263,2.6664782295976632
264,2.7908680408970494
265,2.860169306184012
266,2.89932775457323
267,2.746336513272391
268,3.13162803303545
269,2.777552040676218
270,2.697009032526641
271,2.8683508088204333
272,3.5741032116032114
273,3.2345183629837324
274,3.331237381647726
275,3.558925241852165
276,3.344302160600966
277,3.0137407517218935
278,2.754456937827131
279,3.006880435751987
280,2.7859057258683264
281,2.3912446093792252
282,2.357009729653621
283,2.2849678867357897
284,2.1709649303634113
285,2.2202488595710084
286,2.1296716511007583
287,1.8945075439568644
288,2.1520949191247833
289,1.9045941331507465
290,1.8968519022633543
291,2.1046633136631576
292,1.807140606323501
293,2.0127419563628415
294,1.9335065935989522
295,1.8135080764645983
296,1.6250594501284157
297,1.6007847822287475
298,1.4697366028434367
299,1.5213169085188316
300,1.446346958766904
301,1.4309874059218546
302,1.4378488219682553
303,1.415677393636503
304,1.5531815065276604
305,1.4404882319937213
306,1.4327697383251026
307,1.4008637457241133
308,1.2561511806569496
309,1.2842790980948877
310,1.1844624033374034
311,1.1419815675777214
312,1.1898597541208327
313,1.1296322068809281
314,1.0183636674642866
315,1.0219177588112371
316,0.9678549339549339
317,0.9777792767699929
318,0.9549032316717101
319,0.9932900405150403
320,0.9081857352724898
321,0.9554060071211101
322,0.9008336835055214
323,0.9208950396438786
324,0.8068433082617865
325,0.8289869000945661
326,0.7772975606022281
327,0.8307286812804054
328,0.8451780333193376
329,0.7512819055002313
330,0.7077573113652693
331,0.7323707847063066
332,0.7175718064915388
333,0.643048467312675
334,0.6008486250076033
335,0.64241877744362
336,0.6214099341801017
337,0.6399032550782551
338,0.6108882281969238
339,0.6296589346194014
340,0.6233127685180316
341,0.6298576650466238
342,0.6496426509551828
343,0.623842312327666
344,0.6379132637121724
345,0.6081438404440886
346,0.7052325655114117
347,0.8149591860205101
348,0.8509945856054454
349,0.8822603824796924
350,0.6931996278575226
351,0.675593826355613
352,0.8784322109514417
353,0.8838135420386551
354,0.8724388545745029
355,0.8943185646711963
356,0.9686683453131417
357,0.9382631811414706
358,0.9088162672790187
359,1.0314617907464843
360,1.1469098842190946
361,1.141354328663539
362,1.4238504749725978
363,1.3748374704216353
364,1.1964772573580267
365,1.0383075525952659
366,1.0639927196126888
367,1.131839386104092
368,1.0183666451807314
369,1.0474010490078265
370,0.9941562723393351
371,0.9718140394088669
372,0.7953105390985827
373,0.7786971324199091
374,0.8118659147869675
375,0.7554812512049354
376,0.7810047247438551
377,0.7550686608077913
378,0.7255365888073935
379,0.7102831512379023
380,0.6860149518765494
381,0.7452429780284555
382,0.7023657122273097
383,0.7026478525574938
384,0.6984946326341811
385,0.838914196914197
386,0.7605874020387414
387,0.733347579028181
388,0.7435490442296462
389,0.6725888657859205
390,0.6641797748768296
391,0.6288034324029981
392,0.641345069259866
393,0.6117507836684668
394,0.5531388187764139
395,0.55629266493026
396,0.5885926363825595
397,0.5631542616668569
398,0.6225644270933745
399,0.6204789292578766
400,0.5955805815667709
401,0.7102653919855911
402,0.7248800786282927
403,0.6368382734890745
404,0.8071186962837262
405,0.7981684671650189
406,0.9513535214785215
407,1.1009802826661563
408,1.5519211804535336
409,2.163946897496671
410,2.6274733599733597
411,2.967155260209657
412,2.808803932225337
413,2.8364346519744705
414,3.2760244180543365
415,2.9562295180309883
416,2.9840616938127664
417,2.807040557874269
418,2.369904569181609
419,2.6330838613141245
420,2.495565850815851
421,2.324334416651724
422,2.0908737869310556
423,2.6082088584956478
424,2.6226350818449475
425,2.8994687269334376
426,2.808345964380448
427,2.880997150026385
428,2.4855705787425246
429,2.730412637414185
430,2.957205105398425
431,2.9420222670550515
432,2.9939249318080066
433,3.845975598760215
434,3.1587314108471434
435,3.149177922316026
436,3.0223650399904227
437,3.3453475635640166
438,3.196319557557439
439,3.1066719198749553
440,3.3859569476942153
441,4.035106039532126
442,4.222700687579826
443,4.40258100171014
444,4.334392962696014
445,4.361865422928089
446,4.226722633025684
447,4.163196938522257
448,4.321006410256411
449,4.36815270885029
450,4.1684816126295114
451,3.5493695325650703
452,3.7085327751196178
453,4.149621343015303
454,4.276992287640121
455,4.2488928327583935
456,4.299547016294156
457,4.323171335075181
458,4.319776182151182
459,4.413350436843858
460,4.299076288191848
461,4.097173052538614
462,3.6225449640165364
463,3.4461654217727093
464,3.336537631471842
465,3.085234782573851
466,3.002533304991604
467,3.1614947703443654
468,3.411353177711803
469,3.0987670055769607
470,3.5659006586006585
471,3.4344895911868454
472,3.143079480610857
473,3.300611311780138
474,3.152743183245445
475,3.1881289458514988
476,2.6078879778341317
477,3.142613015627877
478,3.1660427764877994
479,2.914067255394179
480,3.040984505772006
481,3.1366966805274497
482,3.1231000993308684
483,2.911779910794334
484,3.0962413164934897
485,2.5335358428964203
486,2.8180432925992145
487,2.4567983435209437
488,2.3639662000812858
489,2.0521983050885764
490,2.382372406884481
491,2.7561505965540363
492,2.1367947624434938
493,2.1055127111614427
494,2.1055127111614427
495,2.1055127111614427
496,2.004351282698953
497,2.018145005316205
498,1.7991554018630942
499,1.9007484225500573
500,1.9506542167060528
501,2.1000663520756087
502,2.1189246574011738
503,2.3798694330926407
504,2.136065103066619
505,1.8264914712957372
506,1.8813579228518438
507,1.7101653305682436
508,1.9317553220840848
509,1.8195986472968646
510,1.681713691137824
511,1.8234958441737221
512,1.7618202971940604
513,1.9152008510733036
514,2.1322794817623327
515,2.0867475619476075
516,2.1032657731105022
517,1.8559575785964535
518,1.845844968771675
519,2.121347871681551
520,2.216460265697791
521,1.9590666048829026
522,2.043749343467847
523,2.0891420390883626
524,1.9417801498518426
525,2.1164452374925227
526,1.884802160511339
527,1.8342473774498422
528,2.200592569110344
529,2.1642098924920905
530,2.1015788979021295
531,2.185790051198538
532,2.0692596163263586
533,2.0281313001980417
534,1.941601245280175
535,1.996739313479035
536,2.0971589419275096
537,2.0732126615743547
538,1.8417617265862898
539,1.764234507573874
540,2.1219682969646056
541,1.8810179483057468
542,1.7430701943230225
543,1.714277444777445
544,1.9153801323739108
545,2.1107955971154353
546,2.031621895640463
547,1.7756803939524526
548,2.1107955971154353
549,1.9591832312986157
550,2.1282430563932113
551,1.8369263426631846
552,1.6825926573426575
553,1.7738430735930737
554,1.7460255492370875
555,1.7634924185291831
556,1.5364920805690037
557,1.884177271446502
558,1.4631438913186403
559,1.8252569597320725
560,1.2574729907101019
561,1.2184953306497424
562,1.185222879684418
563,1.2095892254008769
564,1.2314936030744854
565,1.2546645375321845
566,1.0973373258214885
567,1.0440094235447375
568,1.0882439937077597
569,1.0867650715216766
570,1.0901541227943594
571,1.10836685999186
572,1.1614509368836292
573,1.3242757839546475
574,1.29966194190787
575,1.550062621420415
576,1.9804058543746539
577,2.016279872506769
578,1.7581686311029607
579,1.7914182148525446
580,1.7159504865024633
581,1.7396500238072636
582,1.6773850044378984
583,1.6893927385338674
584,1.7740856064377082
585,1.8577721377437597
586,1.8763419813616802
587,2.2401409471624403
588,2.1643884686858814
589,2.1666530162292768
590,2.1150340735831845
591,1.8612401886722176
592,2.113891264281437
593,2.263216976752661
594,2.2533460527657363
595,2.299598820011594
596,2.4628452056640744
597,2.1198393223712917
598,2.101521326264834
599,2.0596409843844925
600,2.317177423041839
601,2.0719487388745215
602,2.135445242371024
603,2.11631559182833
604,2.115115003397809
605,2.1288207421035477
606,2.1473432537799053
607,2.175300447792529
608,2.121340837445743
609,2.1015499106872566
610,1.9353806749456224
611,1.9576045408233345
612,2.198538562797315
613,1.8597846466002572
614,1.742285235296105
615,1.7446708609444677
616,1.769028033996828
617,1.8310319729748716
618,1.6499855699855697
619,1.6058150947845518
620,1.6638263207380852
621,1.4820767736536968
622,1.4729075070228916
623,1.3339635931546465
624,1.421154400201883
625,1.349434040789216
626,1.3091313280736359
627,1.8100261905013035
628,1.8786684907622846
629,1.8565943582561228
630,1.3356330775164387
631,1.4388642922529562
632,1.31765142883168
633,1.4199478394974345
634,1.2792775561772398
635,1.3210209683478915
636,1.2910335092230871
637,1.2639938576096132
638,1.335805757258426
639,1.1550539611436719
640,1.1347071953853756
641,1.0190003862510297
642,1.023904093991782
643,1.0508624944811353
644,0.9996170511532906
645,0.9886921158524297
646,0.974757548007548
647,0.9794061756956495
648,0.9721033234587642
649,0.938830781673261
650,0.8784989193458804
651,0.7484617485528415
652,0.7466357967268898
653,0.7356324644417274
654,0.7070604654872227
655,0.7117587998326158
656,0.8383416033813631
657,0.708522201729894
658,0.7598901110342264
659,0.6805943402565476
660,0.6824907970897361
661,0.7846908698027117
662,0.7795053886172307
663,0.866581159983334
664,0.8782227776249515
665,1.0064390442890443
666,1.1448377878540257
667,1.5755131002104985
668,1.6353888864833137
669,1.4930776979430829
670,1.4870683760683763
671,1.5419596935528348
672,1.240813888174256
673,1.474697286258655
674,1.2390343499866912
675,1.2583051600944575
676,1.5321750704047084
677,1.3893013970913344
678,1.1683403957463323
679,1.1881293706293707
680,0.9403622637146929
681,0.8541496239046152
682,0.9041332249460815
683,1.0781168740919833
684,1.1559685827469803
685,1.4925815479277758
686,1.429964293371066
687,1.799320484405169
688,1.679648193207523
689,1.6300878190437014
690,1.7335559943956527
691,2.1150340735831845
692,1.9048544248005943
693,1.9264742017054388
694,1.8716526322492542
695,1.8716526322492542
696,1.850098950195104
697,1.8603887198795725
698,1.782647631403287
699,1.7893078802851068
700,1.70063803830841
701,1.7013560998535424
702,1.6133223443223441
703,1.697337547068316
704,1.5890280563666717
705,1.6569975878822032
706,1.7000711065415757
707,1.4256024468869493
708,1.3903345900998618
709,1.373192623747875
710,1.349393783699035
711,1.4333413745697026
712,1.3819759501830235
713,1.4410883731652961
714,1.399264411721485
715,1.3326345726085544
716,1.33290026625157
717,1.3921900693971425
718,1.1510605773572888
719,1.129192445489157
720,1.1570046660474207
721,1.156865015702441
722,1.173958408069056
723,1.0844576552155738
724,1.0772081685910873
725,0.9961137908674648
726,1.0016061544071138
727,0.9881849816221988
728,0.9827504409704882
729,1.000988039063524
730,1.0822523238036104
731,1.161285428014606
732,1.196926861659655
733,1.2974170417704898
734,1.4642836267181094
735,1.3455798628609128
736,1.4155385294192986
737,1.6253361837508895
738,1.6674851001939235
739,1.9181237180244626
740,1.9849478041899111
741,2.2023196785617603
742,2.0946720826329583
743,1.7040551058877107
744,1.675524320996729
745,2.500957533390374
746,3.1954416482210597
747,3.7482367208104854
748,3.9303226522244716
749,4.218823431827421
750,4.042727792604908
751,5.059145955493783
752,5.512886885503942
753,5.69873310691538
754,5.576318577000851
755,5.4883362815185555
756,6.120532700353133
757,6.19789474543675
758,6.056057044675972
759,5.932437635576298
760,5.572080176042369
761,5.310417931404417
762,5.287512324191116
763,5.206713592937278
764,5.373959188472346
765,5.129773011083233
766,5.040612568059163
767,4.657074818318935
768,4.998826119314122
769,4.584858662679704
770,4.6755851728022
771,4.131771839271839
772,3.2426697832837053
773,3.060183725059584
774,3.8198077554532928
775,3.7331636150340683
776,3.809475434900721
777,4.568942727717627
778,4.327354729440014
779,4.4054528074743615
780,3.5272567026289963
781,3.1276764875924794
782,3.0852152607406
783,3.2046695131855927
784,3.2476185450631148
785,3.164645773292534
786,2.8664366990475583
787,3.060583159860083
788,2.9212189284849197
789,2.859197851250057
790,2.5710788524856634
791,2.8763196461218525
792,2.483704339003326
793,2.201763013055321
794,2.1034319406750153
795,1.7999933069067684
796,1.8354821755260715
797,1.669430305056963
798,1.6783314883497071
799,1.543308188479583
800,1.528040516114745
801,1.4791195508126542
802,1.5158064498621908
803,1.39422784302592
804,1.638982143831642
805,1.6332023360326036
806,1.5558069106231538
807,1.5498588143588143
808,1.6682068519551798
809,1.779295481479305
810,1.8067858673012125
811,1.969534182353351
812,1.7053636303227009
813,1.751442930416412
814,1.4625889313677776
815,1.2908419990826259
816,1.2134318616862512
817,1.1711276317625787
818,1.0655704660500058
819,1.1188912201232435
820,1.0232695211646328
821,1.187173945892567
822,1.020652854020747
823,0.97579885774451
824,1.0032696214709946
825,0.9939427903166286
826,1.1405498514096326
827,1.2691955270512962
828,1.300879571642257
829,1.5744773709196787
830,1.5331595133122282
831,1.5962373159248158
832,1.880446855671129
833,1.818590903437253
834,1.6748845661506953
835,1.3782690033197735
836,1.29645211813228
837,1.2861392051792857
838,1.3134193342888996
839,1.1626777813540357
840,1.1091153632291737
841,1.153452123668187
842,1.1388362541397659
843,1.1769212005942775
844,1.3163547342943123
845,1.6661680288037752
846,1.8175797237462843
847,2.1175385114530068
848,2.1558974858119813
849,2.4357528201683376
850,2.457917580570444
851,2.3330800006666883
852,2.1683511560933497
853,2.0413621563516924
854,2.0138198028718386
855,2.1266183056511108
856,2.000581235883272
857,2.1800112222038015
858,2.2594986219098603
859,2.2570035062711895
860,2.3545438131237137
861,2.3029375409332036
862,2.210752614748278
863,2.3431975579835025
864,2.0870682316972595
865,2.1706296933879066
866,2.366187606808043
867,1.939035454883281
868,1.7341203515333068
869,1.7629941739205075
870,1.8723139309835128
871,1.8380223408109466
872,1.7424538759121784
873,1.7730835030490746
874,1.7729449222125893
875,1.6753612253049595
876,1.7118628373051452
877,1.6466724306367022
878,1.7290207256511605
879,2.2407187371317474
880,1.9609243666327771
881,2.040346491115722
882,1.732128862883388
883,1.7576722274876118
884,1.852130048156971
885,1.7158062132199785
886,1.7435873535051254
887,1.7135986482768717
888,1.9340193963461871
889,1.972195009194877
890,2.242514605524269
891,2.050007845730518
892,2.168468861029776
893,1.7703891635184739
894,1.7023506545789153
895,1.630951797349273
896,1.7352441874364952
897,2.180688305438075
898,2.0440124627004868
899,2.0036191630767424
900,2.1384057289705725
901,2.0598706515144776
902,2.556886008009085
903,1.9939634171752207
904,2.075166289379299
905,1.9964711868150904
906,2.0032095265761636
907,1.9039161968151321
908,1.7545662055809113
909,1.819490185028647
910,1.9078439462958696
911,1.6200909574755729
912,1.51785472040747
913,1.6038756549178377
914,1.555623839817608
915,1.7612235604516147
916,1.909057598022546
917,2.1439216569656763
918,2.5816615344169995
919,3.0957936597716005
920,3.414750399926871
921,4.072620837091557
922,3.2279791200782584
923,2.8635353477476664
924,2.715977320917218
925,2.3603841128097383
926,2.779164842262029
927,2.5130426856094865
928,2.8186181989508077
929,2.747361312414824
930,2.9054273609065864
931,2.8906838684304206
932,3.1357417670895926
933,2.8217349826218117
934,3.1090382996256296
935,2.850322766772432
936,2.8281633026219644
937,3.084519634501108
938,3.4097962493887186
939,2.895671268651659
940,2.9016556610708344
941,2.97311198724679
942,3.002633071439446
943,2.7403685354036527
944,2.7055679862527566
945,2.6114012026435103
946,2.654270264493342
947,2.875183064478257
948,2.52017181218731
949,2.8795649683649684
950,2.57509682926425
951,2.542930927299561
952,2.5554595913701688
953,2.3771795351707117
954,2.344587553609631
955,2.238506722233955
956,2.1974250145836414
957,2.1608292769405892
958,2.4535565294608768
959,2.412304251304251
960,2.4521996863040347
961,2.598713330866165
962,2.7631321050744124
963,3.0574988236401275
964,2.8163969334084715
965,3.794119573754424
966,3.4821874432883813
967,3.7980626873126875
968,3.429004214772265
969,3.9786016871514613
970,3.58087616986594
971,3.710236966234729
972,3.047534432234433
973,3.1017714644330034
974,2.960620953043113
975,3.192320879761264
976,3.894265039147647
977,3.4230010714356864
978,3.7501748679283193
979,3.7266535363187527
980,3.5037225416723747
981,3.6184754477406647
982,3.60156356976357
983,3.96745276827505
984,3.7064912858354337
985,3.6960299187991494
986,3.366681958845752
987,3.7558069622685006
988,3.196562381363111
989,3.336722326767965
990,3.1439158868320005
991,3.32824197408169
992,3.250076740845553
993,3.200968887342235
994,3.152106002331002
995,2.99261240885811
996,2.976435696670479
997,3.1196119777658238
998,3.007112568461355
999,2.9835732985655032
1000,2.760946164971306
1001,2.9152632204284785
1002,3.170456401860248
1003,3.1500616355402307
1004,2.8964012983435024
1005,3.0363223606145637
1006,2.8089631113769267
1007,3.0943747642161172
1008,2.647108680801296
1009,2.9767681586387473
1010,2.829943026523392
1011,2.387999128091065
1012,2.738414353190669
1013,2.569949897741578
1014,2.557198421440101
1015,2.4454005564356827
1016,2.8277266806420127
1017,2.137047842696574
1018,2.635278324913952
1019,2.5676124610769344
1020,2.0734549842261845
1021,2.5341311212919813
1022,2.0437077717569556
1023,1.8679164081106134
1024,2.038777144490808
1025,1.9239472355250933
1026,1.9444121186594914
1027,1.8052190989324985
1028,1.8414400659996193
1029,1.9521106269209718
1030,1.683260022678919
1031,1.9001877072472604
1032,1.5657679116015832
1033,1.700147707123794
1034,1.5601349369584663
1035,1.4677947387370465
1036,1.4838297975528747
1037,1.535659859832527
1038,1.4475730313567272
1039,1.4133315939650306
1040,1.3573619418223017
1041,1.5197099656098378
1042,1.757265628939212
1043,1.7468100428586257
1044,1.7597784846732216
1045,1.8055912136109502
1046,1.8880363543266767
1047,1.9879277887664175
1048,2.0370993358781004
1049,2.1066469995521717
1050,1.9747927138221257
1051,2.0379646795375694
1052,2.133472543806992
1053,1.9531287218563236
1054,1.8314082761967376
1055,1.8530966620862106
1056,1.8822497251911967
1057,1.8440579737214355
1058,1.8535566283555414
1059,1.9172225634459614
1060,2.018644882530234
1061,1.861948346525269
1062,2.361168093265949
1063,2.052182782863791
1064,2.5602221749807437
1065,2.6391678820954123
1066,2.601676281071869
1067,2.711701042107716
1068,2.808420773356859
1069,3.6233483337580523
1070,3.816671798031885
1071,4.689438443204198
1072,4.771383413618398
1073,5.2818911872198955
1074,5.281033790755471
1075,4.962587453849195
1076,5.253387001791213
1077,4.918439029494757
1078,5.2658945724104695
1079,5.331610537325262
1080,4.4991485398741204
1081,4.595579994771132
1082,4.561691655079813
1083,4.5320816251243885
1084,4.635342918142117
1085,5.064684924877758
1086,5.318455226659938
1087,5.747856515571515
1088,5.7537899593385236
1089,5.954741252077615
1090,6.546701560416401
1091,5.979148336203765
1092,6.164423977229406
1093,6.6333478087090505
1094,6.568668321529564
1095,6.8532143757592
1096,6.769120737703132
1097,6.335952196902339
1098,6.072761044444958
1099,5.949568736752649
1100,5.7490647962487085
1101,5.585565218902978
1102,5.4732723194946935
1103,5.4732723194946935
1104,5.260975812896716
1105,4.804984523845102
1106,4.794958178395679
1107,4.443130563325981
1108,4.012700255727179
1109,3.529745105322028
1110,3.346390304081418
1111,3.4250550880154327
1112,3.2949474674308896
1113,3.1067380223053296
1114,3.1636867402540476
1115,3.8236128846627184
1116,3.9356906696228564
1117,4.638822643911272
1118,4.657263841421737
1119,4.892481435172313
1120,4.309181203299625
1121,3.5105355982429565
1122,4.139040039953787
1123,3.5396667579354872
1124,3.6410782754636943
1125,3.368043615360299
1126,3.1963984813650375
1127,2.5855510700126088
1128,2.78931039069626
1129,2.5633850317773392
1130,2.605595311472938
1131,2.7558195470664324
1132,2.670092874659437
1133,2.6655905974618928
1134,2.634025571810055
1135,2.6652817584266093
1136,2.6033460742327237
1137,2.6882159181833933
1138,2.247411166042702
1139,2.305562739292937
1140,2.364278048132704
1141,2.896762761831468
1142,2.7435620411722645
1143,2.6885092276228955
1144,2.6900642740257674
1145,2.9585316021897956
1146,2.7045602935160664
1147,2.706478342418003
1148,2.9665972276089922
1149,2.7428827941923917
1150,3.14882416784693
1151,3.3467403188566838
1152,3.872160900443929
1153,4.303146518079312
1154,3.1751849995066563
1155,3.1826375497889066
1156,3.1235872047758297
1157,3.3834105289275174
1158,3.4015810540545646
1159,3.325919742254236
1160,3.564910096313943
1161,3.3441097779710285
1162,3.8844587548636307
1163,3.3777812893873786
1164,3.656991365472136
1165,3.9473162435288116
1166,3.6044791366250637
1167,3.625933095771331
1168,3.540778572176017
1169,3.666739878638084
1170,3.433031849695599
1171,3.4257227555564014
1172,3.5594524048372245
1173,3.7568879344579527
1174,3.7998109973678935
1175,3.882230270687168
1176,4.048742473209308
1177,3.885937807290749
1178,3.6232396061050887
1179,3.158005032146976
1180,3.3711400893453516
1181,3.2931919932920817
1182,3.1628954513353396
1183,2.911643824911715
1184,3.0933836551910714
1185,3.1457094006324233
1186,3.0347822507244535
1187,3.071740040468636
1188,3.1077637069108346
1189,3.3159683239465845
1190,3.011190908136609
1191,3.1966091367332465
1192,3.031743528593076
1193,3.1908808578715186
1194,3.3402827985991634
1195,3.1796481027519485
1196,3.0561223416679937
1197,3.0923586054042578
1198,2.820454748598429
1199,2.9958396214896217
1200,3.060628115348704
1201,3.055018998539587
1202,2.9825343329662113
1203,3.038810808346279
1204,3.35997731175431
1205,3.0166362905068786
1206,2.8444827610233347
1207,2.9114848831723834
1208,2.795699007936508
1209,3.014312068432657
1210,2.8992645580914815
1211,2.6574773551235094
1212,3.0715930336129427
1213,2.961391786724981
1214,2.9416555527805532
1215,2.818713444210936
1216,2.9329075347357954
1217,2.8693080539119
1218,3.2639608392001462
1219,2.79637780890607
1220,3.1721640439500165
1221,3.343245344399191
1222,3.209353395322626
1223,3.095757291426522
1224,2.7381684058230884
1225,2.857355637801113
1226,2.9943686562765053
1227,3.235566262508671
1228,3.706095318688675
1229,4.015822459398316
1230,4.4790127822337205
1231,4.4667065946899625
1232,4.14482318930701
1233,4.338030336877913
1234,3.9740169331011455
1235,3.6215465136407587
1236,3.6931828941684435
1237,3.8721797818123904
1238,3.686213587307832
1239,3.7926890898956116
1240,3.580197703779378
1241,3.9170623460991503
1242,4.042765005728964
1243,4.395209574483488
1244,5.121488690536516
1245,6.179331620078651
1246,6.789953334652038
1247,7.016433593718743
1248,7.016433593718743
1249,6.423536853665903
1250,6.256744690363618
1251,6.041764152325804
1252,5.973634842889904
1253,6.549182841240208
1254,5.985033262857183
1255,6.450836960582818
1256,6.324947066163512
1257,5.701928767747295
1258,5.570415621536782
1259,5.526235570818269
1260,5.629514923044989
1261,5.40691604419105
1262,5.592591846121913
1263,5.3135970491166375
1264,5.127009051348835
1265,4.757945952499403
1266,5.011995594060223
1267,4.730771730887682
1268,4.86020423465842
1269,4.823345267348751
1270,4.6575801265832375
1271,4.342369656258345
1272,4.199546852521509
1273,4.176708355030697
1274,4.031777873622766
1275,3.417353012313357
1276,3.918008355318918
1277,3.7470446128193617
1278,3.295390430023852
1279,3.3267994005994
1280,3.486067509413664
1281,3.65601139000353
1282,3.471151410128334
1283,3.324881718281719
1284,3.280479325802403
1285,3.3767611491073035
1286,3.260672268506298
1287,3.424062121212121
1288,3.3575342601471365
1289,3.5264967204850146
1290,3.511181699639392
1291,3.431992696192696
1292,3.5524805528919234
1293,3.5306647869224794
1294,3.611571624993364
1295,3.9610318805235685
1296,3.5002529787845007
1297,3.6762589581767595
1298,3.9976495622226738
1299,4.167721025658691
1300,4.750947351074477
1301,5.366603382824286
1302,5.83716374202273
1303,5.722219758874744
1304,4.931579001880472
1305,4.85682340530986
1306,4.4599479527197285
1307,4.176204084719823
1308,4.2468393135546805
1309,4.261870343932702
1310,3.881161017452019
1311,4.149844563191701
1312,3.89864399704183
1313,3.7221682436654273
1314,3.7179381418274664
1315,3.4183644675986784
1316,3.5029661159503274
1317,3.119772305681218
1318,3.174438407988496
1319,3.281536903230548
1320,2.8428737207840467
1321,2.9212229206466054
1322,2.9358014809751656
1323,2.6950827090321168
1324,3.028438275804268
1325,2.406915511415343
1326,2.7193041791186023
1327,2.6728793098255945
1328,2.3404944336709046
1329,2.6502164428276105
1330,2.6717179265179265
1331,2.7388152211964925
1332,2.714290501165501
1333,2.782752594009679
1334,2.7043128197713218
1335,2.9842309312482382
1336,2.5331230131105693
1337,3.0508087782943547
1338,2.755814747218593
1339,2.9709479625766386
1340,2.802710824122115
1341,2.689811618936619
1342,2.704371406371407
1343,2.478108528726176
1344,2.7734847282888704
1345,3.087610129482633
1346,3.0626487051153535
1347,2.9436484013827267
1348,2.4722129591541355
1349,2.445646817285279
1350,2.4207269352065737
1351,2.497862185937437
1352,2.1593229455336878
1353,2.3750232077290905
1354,2.194050926141207
1355,2.2329207010937777
1356,2.3297192658218973
1357,2.5385481677566695
1358,2.7232295366642822
1359,3.126908472292453
1360,3.9429358395319904
1361,4.017173665642659
1362,4.3982181686509625
1363,4.897404864106536
1364,6.4314851499332875
1365,5.7523488354854475
1366,5.107576005607739
1367,4.495892665438099
1368,4.419716478855902
1369,4.380044268772583
1370,4.404439542828967
1371,3.7701024940368835
1372,3.5043559258652897
1373,3.7767520649787616
1374,3.899446726920647
1375,3.5849616611301633
1376,3.2616479476178473
1377,3.1376493382638624
1378,3.3344561192059516
1379,3.6339441964009116
1380,3.450275972055891
1381,3.09784654104721
1382,3.529114990138067
1383,3.38814639286443
1384,3.656803803906004
1385,3.2051153444256895
1386,3.162004780488202
1387,2.8540786226818615
1388,2.826942328420568
1389,3.1162374210743575
1390,3.1795758608323594
1391,3.291566638501983
1392,3.319650629285245
1393,3.235357453171644
1394,3.8885449339710205
1395,4.103759448499563
1396,3.8495124970347376
1397,3.9102364417809494
1398,3.098252486134612
1399,3.1438089261166184
1400,3.13011336996337
1401,3.0474039079712028
1402,3.0146312695851156
1403,3.0190618218382923
1404,3.0626831564261328
1405,3.178397117211308
1406,2.842676814413657
1407,2.8078045333452724
1408,2.834694453338133
1409,3.0211269377513723
1410,2.8613463223025026
1411,2.7908847039797915
1412,2.7590223892524506
1413,2.4796850175885643
1414,2.3333644291642606
1415,2.164202356616937
1416,2.1596636688090185
1417,2.19840987011109
1418,1.768809754997882
1419,1.8727691328712326
1420,1.7838523090605087
1421,1.9471888325349864
1422,1.8933974118619419
1423,1.9799127900576414
1424,1.8025722384807727
1425,1.891230040441964
1426,1.725553682475087
1427,1.6534719942149882
1428,1.6064462775223423
1429,1.5402608203478945
1430,1.7447726124983651
1431,1.40527061455824
1432,1.3511333091619293
1433,1.3997186759319113
1434,1.3273802863802864
1435,1.3051142619635268
1436,1.2406465470538677
1437,1.2184884552229382
1438,1.3370008054932805
1439,1.31629613516361
1440,1.23640800547701
1441,1.1306809091306531
1442,1.1306759135515199
1443,1.2279947726629066
1444,1.1610055134479051
1445,1.0851079648335713
1446,1.1408755891180744
1447,1.1446527685850316
1448,1.2124556972557927
1449,1.3132812884336498
1450,1.4287492382191118
1451,1.647334320144543
1452,1.6984240580854808
1453,1.661764034228031
1454,1.6043299682939651
1455,2.0421465269125116
1456,2.3622942085990046
1457,2.8438351034561102
1458,2.8943911819929573
1459,2.6003840779858547
1460,2.6566957685992167
1461,2.7148649389717963
1462,2.762871267210291
1463,2.7676179764885624
1464,2.8361473469662775
1465,2.8321468127154605
1466,2.79227169700991
1467,2.823139203531511
1468,2.6561143476803153
1469,2.238350218587616
1470,2.472234140821471
1471,2.1583527128254048
1472,2.090873383365711
1473,2.064181198181887
1474,2.0967309767527165
1475,1.8930890814019836
1476,2.0923570833826592
1477,2.303955209227785
1478,1.9934921445638545
1479,1.903392988563308
1480,1.8106705648626726
1481,1.7436285668885991
1482,1.7494935591044585
1483,1.5475119816465392
1484,1.5056390084274702
1485,1.468760589425569
1486,1.169568844083267
1487,1.1690718053000295
1488,1.357709981443677
1489,1.3327857184312037
1490,1.1740032922917538
1491,1.1647189243505032
1492,1.0267858807858807
1493,1.0145766171818362
1494,0.958403874611146
1495,0.9538744938748254
1496,0.9894072613210545
1497,1.1065158987452597
1498,1.1851084993447032
1499,1.1904521705747477
1500,1.3596487615832444
1501,1.7529112900171724
1502,1.7737549300372828
1503,1.923217220451399
1504,2.193672246998507
1505,2.258636362572921
1506,2.235772587557943
1507,2.148699707348163
1508,2.599298206991624
1509,3.0072836722101424
1510,2.5097133069359785
1511,2.440905912463605
1512,2.7993970766076033
1513,2.0019584756577657
1514,2.6262144910771905
1515,2.4394446318087764
1516,2.8535370926597716
1517,2.8594546123671827
1518,2.9741050977052113
1519,3.1996325842507014
1520,3.532905819700045
1521,3.795420641194553
1522,3.958496709278517
1523,4.034778134997576
1524,4.32879890012988
1525,4.117204083749899
1526,4.496510288841853
1527,4.97940435003593
1528,4.484272663688836
1529,4.622898658468228
1530,4.845123018622245
1531,4.939607608106836
1532,4.936938277666605
1533,4.966199898398815
1534,5.42892060829409
1535,4.634027942473983
1536,4.600412918795105
1537,4.68947260982052
1538,4.624631204975156
1539,4.542986850756082
1540,4.814289350135332
1541,5.087868455618456
1542,4.857925615792876
1543,4.994593149225502
1544,4.501407903975837
1545,5.067567071817073
1546,4.673446550095931
1547,4.926524431450902
1548,5.3798959290050625
1549,5.132298424360165
1550,5.080204544237439
1551,4.810878873448534
1552,4.643785723177752
1553,4.5650079878492935
1554,4.675381194770577
1555,4.555809799551307
1556,4.5560044697403885
1557,4.541854359614783
1558,4.901342943692014
1559,4.833519968550541
1560,5.151834586601644
1561,5.069130068897126
1562,4.585370501670275
1563,4.8427931012485965
1564,4.681521850321625
1565,4.677241924255083
1566,4.332504627231054
1567,4.4047405882857396
1568,4.5440556485219545
1569,4.6005107767270825
1570,4.598401729343531
1571,4.243882010907636
1572,4.282686917404648
1573,4.330967691944119
1574,4.285944958829281
1575,4.280840186150978
1576,4.2671298741555
1577,4.559257158887433
1578,4.195664337740967
1579,3.8604869213166695
1580,3.89103637186612
1581,3.4910793055131886
1582,3.3945410580675834
1583,3.4220257721810357
1584,3.1632793046008145
1585,3.5384102727447204
1586,3.383111475329615
1587,3.087761387735072
1588,3.096433893007577
1589,2.8624551023051024
1590,2.7261435523918514
1591,2.7357554677201126
1592,2.445908658050666
1593,2.446316008684738
1594,2.17590028417164
1595,2.354001382959586
1596,2.443505436016975
1597,2.4541265836764157
1598,2.4257370577465722
1599,2.650670141786131
1600,2.3248494576115317
1601,2.6773942928500656
1602,2.720258069873762
1603,2.2980520151754256
1604,2.274386927882021
1605,2.1646417343538844
1606,2.4962261341222884
1607,1.9481580134551597
1608,2.1107164538111935
1609,1.8682217051629597
1610,1.8703447126350352
1611,1.8097911436853744
1612,1.8041850427350425
1613,1.6276102141448296
1614,1.535043924932839
1615,1.410259642209422
1616,1.3743452513669907
1617,1.3821781609195405
1618,1.3255052953235977
1619,1.309740422265621
1620,1.1996584626158158
1621,1.2339534155941316
1622,1.1167684114131482
1623,1.0418659048069336
1624,0.9566800022198825
1625,0.9461281784397978
1626,0.9721748168070049
1627,0.964071682368344
1628,0.9622605477427357
1629,1.0150443374116649
1630,1.0651229439866317
1631,1.1433546871926028
1632,1.1197871659812197
1633,1.7753309551447203
1634,1.61647512473159
1635,1.636528449576117
1636,2.0404863142622958
1637,2.333639362853685
1638,2.1709340431733652
1639,2.109352808302808
1640,2.0089889056418415
1641,2.4777981505673816
1642,2.18369074424821
1643,2.5588616703809013
1644,2.6140470783983365
1645,2.7618890902471955
1646,2.598306782841816
1647,2.863033719769323
1648,2.513222159178596
1649,2.4993652680275984
1650,2.115531981232748
1651,2.0333514690437764
1652,1.9731242646242644
1653,1.958174263654855
1654,1.9733251333722797
1655,2.0481843267843267
1656,2.0818342227820494
1657,1.9689038570835247
1658,1.7557877266663393
1659,1.7491932011533509
1660,1.8125760632798493
1661,1.7300556459847234
1662,1.6474151125946046
1663,1.6666807002458195
1664,1.691660035004015
1665,1.5510187580482502
1666,1.528398135542101
1667,1.5171223082754712
1668,1.5186866105496937
1669,1.7493716799394936
1670,1.799146486268003
1671,2.035596946512269
1672,1.7739109608340375
1673,1.8698710651139738
1674,1.650148220995038
1675,1.7368052584020752
1676,1.4845960353372119
1677,1.4277650778840358
1678,1.4988942381148265
1679,1.4609894397625167
1680,1.484154931569185
1681,1.5318117524557182
1682,1.53847815576918
1683,1.5517894828478986
1684,1.5876712992889463
1685,1.6045102651245184
1686,1.5858602250264653
1687,1.574308551533099
1688,1.6380746691983894
1689,1.5328647379392855
1690,1.4510886790467057
1691,1.644413013193443
1692,1.405621137409599
1693,1.5710964182122553
1694,1.6498802645318482
1695,1.5415856393005
1696,1.6295984950193094
1697,1.6519785865090162
1698,1.6158932557769463
1699,1.4050343615303487
1700,1.6424481270154347
1701,1.367726649984003
1702,1.3938108533590194
1703,1.3507522376873062
1704,1.4436975080138035
1705,1.4036637452938954
1706,1.4931373908367835
1707,1.607779485471793
1708,1.5924878381852068
1709,1.4806661279896571
1710,1.4395159231871186
1711,1.5440096574228088
1712,1.59489631563639
1713,1.7028972416472414
1714,1.880343356798183
1715,1.7854892223161452
1716,2.1276123835215883
1717,2.184529203984804
1718,2.1403208574818087
1719,2.8341989109569026
1720,3.2509692976141507
1721,3.287048436481796
1722,3.9914084533214798
1723,3.8614304648019884
1724,3.90697559344387
1725,4.414203046953047
1726,3.691656692686508
1727,4.051323931331826
1728,4.594614344226252
1729,4.853077109481778
1730,5.165459590008661
1731,5.139383332932404
1732,5.361909746777502
1733,6.438659077790066
1734,6.183313223425884
1735,6.46991160957201
1736,6.282811434384879
1737,6.343267055686654
1738,6.639258904506316
1739,6.57880328320454
1740,6.1853928087046155
1741,6.245848430006391
