,0
0,1.7918754127974665
1,1.8538248764983538
2,1.957282914123799
3,2.448954951657288
4,2.545697680268051
5,2.3535755475501436
6,2.261747186093167
7,2.191009741340261
8,2.299730282028427
9,2.297618690313974
10,2.2593804305823886
11,2.3216855713566935
12,2.1874347751414867
13,2.2511051342512967
14,2.196610765842003
15,2.0187830721860958
16,2.2208470201932626
17,2.0886660631915297
18,1.7342400465546697
19,1.5089322280446222
20,1.4435613830141698
21,1.7608161143450236
22,1.8792610937482541
23,1.7374959992050438
24,1.6341119035465417
25,1.527981662681083
26,1.5623298665356917
27,1.5075203892760434
28,1.4353506000445544
29,1.3604244790117683
30,1.3966494250208554
31,1.4432511701056858
32,1.4881603094910039
33,1.4207302630366128
34,1.541651268595473
35,1.6699891336575798
36,1.6175475012854543
37,1.4358639581203925
38,1.542503918548247
39,1.362349611248503
40,1.4794357178999404
41,1.4754682716025873
42,1.4250724848282297
43,1.6238894216118047
44,1.3964074020629649
45,1.2575953061805192
46,1.3369825649780829
47,1.6255655229726282
48,1.6897282707553305
49,1.5808514186735114
50,1.5714889216451693
51,1.184169724808966
52,1.098042972815451
53,1.1624354730239566
54,1.065995927417503
55,1.0854663146724544
56,1.4075500748932532
57,1.4375674871585455
58,1.4508127001873214
59,1.551792456446007
60,1.5273347017497838
61,1.907091759706728
62,2.034361586682948
63,1.2656995392747752
64,1.3653703940018678
65,1.38145356088927
66,2.0033578404267174
67,1.7684940202852641
68,2.0068872754003375
69,2.095655078059094
70,2.113954341182857
71,2.056499049787357
72,1.9336645417650462
73,2.05233923053933
74,2.1257527925722117
75,2.1089397810566854
76,2.0225041662961165
77,1.906676011917223
78,1.8314435290002582
79,2.028018161939748
80,2.2175419691786593
81,2.433596324680882
82,2.4421504179108946
83,2.6193116478969207
84,2.8329542097551728
85,2.9009967514675825
86,2.937598849839063
87,3.16820148328041
88,3.326966345812645
89,3.596176054665185
90,3.5129989358350735
91,3.4636921445066866
92,3.463904401265639
93,3.379401153376493
94,3.2600397880979166
95,3.1164962099419093
96,3.0895671886640246
97,3.191892592567464
98,3.2619367656631177
99,3.176094652181594
100,3.007932216185338
101,2.999802390784798
102,2.986564545045111
103,2.871758996727213
104,2.7226625455258984
105,2.8129238409081077
106,2.8316473447621617
107,2.7684831908520944
108,2.834920446810212
109,2.8077638089490184
110,2.7059218416358317
111,2.715145576424849
112,2.7230294256910508
113,2.7562142994963117
114,2.810231629781396
115,2.742141909560631
116,2.790687740154539
117,2.762455847759185
118,2.759047320088563
119,2.7169192150896833
120,2.734131888630645
121,2.8017547492833272
122,2.733712306012313
123,2.860909426610877
124,2.7093475572212293
125,2.4252374446267586
126,2.498274569014963
127,2.373198086584905
128,2.323122547249094
129,2.2491127879494193
130,2.10697132602052
131,2.0184278748474647
132,1.9647622840590164
133,1.965719865391917
134,1.9072677175260686
135,1.8814472086056857
136,1.8417571853191963
137,1.8589202109938496
138,1.8603584867798204
139,1.8546346517089818
140,1.9090057325997891
141,1.975742896021133
142,1.960696935874834
143,2.119891579512862
144,2.270810040855693
145,2.420135176906385
146,2.477590677404544
147,2.53718463279718
148,2.4532237648210797
149,2.4359261434247217
150,2.572186568686209
151,2.8911339877943467
152,2.4660436424612513
153,2.34659334594986
154,2.5041650647513767
155,2.8732230036966744
156,2.5204299284985927
157,2.53814386638004
158,2.4760833313411537
159,2.320282436753357
160,2.4169591303846993
161,2.452686955646043
162,2.36150076695825
163,2.279843968894847
164,2.4515725514158344
165,2.432241949887951
166,2.5056383218897533
167,2.809575521102698
168,2.6353563221409413
169,2.894274484288621
170,2.494766057087202
171,2.57698375282356
172,2.888535701418547
173,3.0946019755192165
174,3.1274906302682997
175,3.0748368156507224
176,3.2077426364682964
177,3.2048749081920667
178,3.153385923041307
179,3.339095552514231
180,3.305129421109416
181,3.3740906439697596
182,3.6380786693683564
183,3.644531596492101
184,3.584982853257734
185,3.471135978979283
186,3.4299765494221424
187,3.380306722575406
188,3.360072061861508
189,3.4210164142749133
190,3.4241459134946735
191,3.3453301295568596
192,3.2865006418322387
193,3.1669238482082482
194,3.0857337590383116
195,3.0679985943194374
196,2.933813315026206
197,2.877291085237188
198,2.9169296132483677
199,3.008378734476741
200,2.984526228015013
201,2.991295518719706
202,2.9888464300379245
203,3.0823922631231966
204,3.1203960153286636
205,3.091925749632913
206,3.050832335889802
207,3.080953540879274
208,3.070940695330867
209,3.1153047071360556
210,3.1268013868892295
211,3.01637812392992
212,2.962631167675942
213,2.9841081844012725
214,2.9228202102885326
215,2.810748473527072
216,2.8921232452405454
217,3.079912117247414
218,3.0378298841420595
219,2.980850502553629
220,3.1195120183021716
221,3.2382449411867906
222,2.805003419716365
223,3.0389825762479106
224,3.2065198616124184
225,2.963686421899518
226,3.238649830984703
227,3.2295366928176974
228,3.2099423165282377
229,3.2677528513306973
230,3.143361330665557
231,3.0013078727802163
232,3.0306080551208425
233,2.9139436609324183
234,2.763316129293636
235,2.9105633630949233
236,2.81780823370126
237,2.974280241105644
238,3.03006892022345
239,2.7466252990785023
240,2.8522829833309276
241,2.8931195312887046
242,2.7355057198968282
243,2.9079536880519985
244,2.6022484570556026
245,2.594976699887413
246,2.624290356134233
247,2.657064146932222
248,2.4492898306141027
249,2.433098596804626
250,2.3543209499310542
251,2.4860709090443702
252,2.383523773507075
253,1.9611205414192547
254,1.8822156012424813
255,1.9294850011962046
256,1.7525236266483455
257,1.9205174112907017
258,1.8507241329349893
259,1.8105893306663305
260,1.784640090995287
261,1.8073927105372882
262,1.8408715616115432
263,1.9779849411155992
264,1.8633582938467637
265,1.8391392966705529
266,1.8271169371963285
267,1.8267207850292433
268,1.7421468982658037
269,1.727186782481389
270,1.6831554647475742
271,1.7135184854564356
272,1.7010521892841326
273,1.66367176144445
274,1.7636762548912803
275,1.964070892813934
276,2.0838238203121704
277,2.199667232942612
278,2.217058592341165
279,2.218664337730082
280,2.3643698531752664
281,2.3327737079890873
282,2.2156314313594407
283,2.271522225151198
284,2.357662884450339
285,2.659863364357352
286,2.597790172370001
287,2.742037309631698
288,2.9248956423508448
289,2.85493088504027
290,2.7017484549392585
291,2.7677911989760893
292,2.7071756614638947
293,2.6251466542502127
294,2.589182946125905
295,2.602129893130289
296,2.6021404728449853
297,2.5024332580256323
298,2.4607771813099477
299,2.4033423738468227
300,2.4027266162630805
301,2.879036691449974
302,2.5087053076049246
303,2.7240072343523143
304,2.4240934483543533
305,2.6028184769952443
306,3.1571266793389436
307,2.9195123087650874
308,2.39061337958213
309,2.2843338857153137
310,2.166838624604246
311,2.3388777464743447
312,2.2345691439946673
313,2.1384725682281074
314,2.2217242513094506
315,2.2303495080378584
316,2.15234869552117
317,2.3498584742371276
318,2.229987426027391
319,2.2230290412438203
320,2.0005102960656354
321,1.996110243486276
322,1.8565783782104628
323,1.7992569639746734
324,1.7699337398332013
325,1.7583424709808457
326,1.7571012914125737
327,1.783635292376021
328,1.848683895776385
329,1.892612990328533
330,1.9703267539196325
331,1.9427940082654593
332,1.9359249520005708
333,1.8263427096495477
334,1.8180389351361803
335,1.8315657158685568
336,1.9130012527625457
337,1.8372540757361608
338,1.8781268144823744
339,1.8107254818726488
340,1.8878190883319304
341,2.3006111554851105
342,2.4774277469286163
343,2.486374372500231
344,2.565768839558686
345,2.761155203600531
346,2.716696004019997
347,2.564857594227896
348,2.4466254170515525
349,2.5064963810604164
350,2.340488870391707
351,2.1855113439114016
352,2.0301269658543104
353,1.9638352728177684
354,1.813975147477608
355,1.6905650269768884
356,1.6592698044064327
357,1.9037209196059994
358,1.8619198211603587
359,1.8635807092901926
360,1.7387299752986847
361,1.9564068957462035
362,1.8617695339840887
363,1.684918330306744
364,1.5425337855072045
365,1.6586285787671735
366,1.4189565063180942
367,1.2799497014225645
368,1.2892528743413227
369,1.3354332902200738
370,1.4134244732062429
371,1.4420306670230842
372,1.3503603110069582
373,1.4473115465053885
374,1.5128681736895564
375,1.4879624169011407
376,1.508420526487999
377,1.5521264414464995
378,1.634110961323469
379,1.7140231156856696
380,1.7299331351004137
381,1.9092309900505047
382,1.932402139150344
383,1.8866955534905303
384,2.044151040841312
385,1.9702152654606655
386,2.015619554060222
387,1.9909616575704896
388,2.0069950983889373
389,2.006361557487613
390,1.989514478042884
391,1.978833383906847
392,2.037272492100424
393,2.034467108561657
394,2.0554594365201866
395,2.0389405538558876
396,2.0536929466185203
397,1.959320034288167
398,1.9907950179332887
399,2.006754131327288
400,2.2231843148809034
401,2.4662222371017144
402,2.5673254397052094
403,2.5594200057870835
404,2.5988317061641006
405,2.549030769018585
406,2.5703130795195723
407,2.805467719500646
408,2.8549969998777858
409,3.117315090889554
410,2.9194943796637918
411,2.945899004865295
412,2.8210053237704305
413,2.8795240274674336
414,2.764535457691736
415,2.7024146127124986
416,2.7627005603174033
417,2.739005192038284
418,2.7174635570870023
419,2.7818364407363343
420,2.6953534017909972
421,2.7883947663309754
422,2.7444162153262197
423,2.674132046751492
424,2.733161720556274
425,2.757685602008097
426,2.8287590454089107
427,3.0756763027317926
428,3.125264858863244
429,2.8370644534800245
430,2.8159582541657087
431,2.7283216037154685
432,2.655407928783259
433,2.6654799244652123
434,2.585503016460151
435,2.6959937415512107
436,2.659826513284342
437,2.6674700887310263
438,2.6845842360149086
439,2.6956040495969864
440,2.5708099541182725
441,2.527499704709427
442,2.3590018970283877
443,2.3883003140886383
444,2.3766315010537524
445,2.425755766257472
446,2.320149477503284
447,2.260480578125288
448,2.2510685473196603
449,2.1677433320856845
450,2.2082181596360804
451,2.0924935306894867
452,2.132210057287825
453,2.071115220293204
454,2.0564095972968475
455,2.099810676408705
456,2.080586514279087
457,1.9745075393469895
458,2.002502157472218
459,2.0391897856432086
460,2.063257079631414
461,2.079592268453779
462,2.0560251617479444
463,2.039009171759052
464,1.9951123337142307
465,1.9928713563517055
466,1.9351712424340313
467,1.908170670750084
468,1.9329831932004733
469,1.913310083650039
470,1.9415168103369314
471,1.9478428506930363
472,1.9773753878573817
473,1.8390537213263976
474,1.8769436020774124
475,1.8473033306848246
476,1.7960538449768562
477,1.7208193946044545
478,1.578605848696705
479,1.5863849529685865
480,1.5607154586093779
481,1.5153383062895076
482,1.5514701440618972
483,1.3905136000690852
484,1.3827609472371607
485,1.4320482510298524
486,1.4561944766900292
487,1.4534612650162113
488,1.518938189820678
489,1.4693779968236058
490,1.483928203715779
491,1.9290346129318932
492,1.4817676260079324
493,1.3219589772977707
494,1.3600248211724517
495,1.4117440434697384
496,1.3777800959833306
497,1.409642211065078
498,1.3442584317711335
499,1.380465734820947
500,1.4291642069323516
501,1.3987393618035875
502,1.52563625620046
503,1.5568853842350996
504,1.6122177047521828
505,1.593507105068453
506,1.3851397346569747
507,1.342895427770685
508,1.5435897458870003
509,1.5966262938636049
510,1.658809896202617
511,1.6351760043253072
512,1.8327543056480913
513,1.8122888554038632
514,1.836264320456098
515,1.8781569009604546
516,1.8206319862478462
517,1.8680558738382902
518,1.8356899733817764
519,1.8543697663976821
520,1.8221498244098155
521,1.7974754957803711
522,1.9740895877262141
523,2.0910062756260306
524,2.1296586859056164
525,2.299354248132129
526,2.37846394992994
527,2.447374921153401
528,2.3503524196038112
529,2.303552573352697
530,2.4474326513097218
531,2.302101143302377
532,2.219432865303498
533,2.1505502594580923
534,2.1755086406029056
535,2.033799665706159
536,2.280548626796256
537,2.179618555640885
538,2.193620501246052
539,2.1761157076381528
540,2.6671772593508365
541,2.406356743020597
542,3.4871034741175206
543,3.9916159156735307
544,4.001484400419492
545,4.249205578625385
546,4.217290718432517
547,4.210571028323171
548,4.26076615693311
549,4.227558940893945
550,4.139133342607564
551,3.927462658080572
552,3.821617983490621
553,3.619218398883483
554,3.541941076801417
555,3.4886313563209637
556,3.4581488262016364
557,3.417689085911253
558,3.3793601232274435
559,3.2917920290893825
560,3.373756470963542
561,3.2907378247835624
562,3.1182172676743165
563,3.084473479474645
564,2.9920939101080632
565,2.919700355205492
566,2.999173324071535
567,2.86770701968918
568,2.66366577138878
569,2.6510962051558136
570,2.519689226399746
571,2.599551419192366
572,2.644072813102426
573,2.6414488842116466
574,2.5294265662151774
575,2.4972724536320676
576,2.471348651470093
577,2.5417154357747305
578,2.672632876952011
579,2.638243623913334
580,2.726903368627823
581,2.607227654638227
582,2.634223582356714
583,2.7681407888936453
584,2.6522900076550506
585,2.586060998583123
586,2.71462595816806
587,2.6841041394275287
588,2.692009958109722
589,2.8015480783876163
590,3.0403842307948947
591,3.0533393561917226
592,3.3389874752044797
593,2.8763214473350005
594,2.5629853660023456
595,2.320491158611808
596,2.3285349655905296
597,2.2870256813041023
598,2.4066824871275414
599,2.2933320372645998
600,2.500197875578399
601,2.669493812562838
602,2.7903496540902677
603,2.8333900612467455
604,2.8057895098317034
605,2.886048642379827
606,2.7733424756704914
607,2.7040133813559626
608,2.590800223743819
609,2.617586270888525
610,2.5370211103709224
611,2.4185723623256794
612,2.3684873567100104
613,2.380628081314887
614,2.4106562706255907
615,2.468398237796953
616,2.4260953787898365
617,2.3807414286205657
618,2.360644024560419
619,2.3567253902814227
620,2.4067803943712867
621,2.4446426363767384
622,2.4777767959737496
623,2.538047941450859
624,2.5917987264123727
625,2.7140630005699404
626,2.751929185212767
627,2.5851038713543404
628,2.4982560930251494
629,2.44430342324964
630,2.4959088990120986
631,2.571485635934967
632,2.6194922715450737
633,2.8073193766141324
634,2.8318280161655687
635,2.8716528514135797
636,2.773617062848699
637,2.5987578866813594
638,2.508513518645315
639,2.532260731482363
640,2.5273840178278495
641,2.505853838799681
642,2.4780097814195483
643,2.475521514660154
644,2.5186030374583797
645,2.4652075889859675
646,2.5350134221800236
647,2.5182713218339607
648,2.419124397280948
649,2.4808446210291444
650,2.4562059559137834
651,2.555033317930484
652,2.8173932964111006
653,2.933976689245761
654,3.1199908660111553
655,3.3301204965910354
656,3.4240330394448844
657,3.4829565193604353
658,3.2125994662291393
659,3.2151610838810387
660,3.072361870378364
661,3.1777820669968535
662,2.851923037616943
663,2.881193614154814
664,2.703586837263789
665,2.7705142949737027
666,2.8568152782931193
667,2.7068001041011955
668,2.4073172566978642
669,2.2097708816378376
670,2.4179751133735605
671,2.1607393936695036
672,1.9973278538139205
673,1.8634714304302589
674,1.808550359369882
675,1.8382329014571528
676,1.8361087203510298
677,1.8026486164221365
678,1.9753185002649296
679,1.7866838768123663
680,1.6763214335955672
681,1.6260062856210025
682,1.8027613924606776
683,2.098957296859056
684,1.9245677994797974
685,2.030071168914832
686,2.006701204394691
687,1.8012490811807418
688,1.7740063862407314
689,1.7112589852806332
690,1.8528077228383024
691,1.9248884235401473
692,1.9688074785356333
693,2.080293991193619
694,1.8874146495688977
695,1.981070614478597
696,1.8807352399624726
697,1.7935118809484172
698,1.7487641915149341
699,1.6958517457732785
700,1.7462617282531883
701,1.7416141099931455
702,1.8210697233691124
703,1.7915662751499688
704,1.904258234786433
705,1.9585755229797432
706,2.0602442694522654
707,2.035263810660246
708,1.9926186771583951
709,1.8211597787387412
710,1.830602315476091
711,1.9194590360569703
712,1.9744559758582794
713,2.066533136504475
714,2.072812708959465
715,2.0650820964136702
716,2.0555562198442425
717,2.155680749823741
718,2.398173902150101
719,2.3744577764034682
720,1.9956334789411987
721,2.672754258173128
722,2.0557217710938516
723,2.200568269425081
724,2.335889450875941
725,2.2715770148741368
726,2.4720134718973084
727,2.615510848029767
728,2.8089717502339346
729,2.8441416135159754
730,2.8580186221583648
731,2.8275990186463384
732,2.481348764654451
733,2.4537080041502106
734,2.4699606676597647
735,2.4060624593973188
736,2.3957394817001907
737,2.421481134511803
738,2.561496053410939
739,2.790580837961951
740,3.1456072237241037
741,3.062537979046202
742,2.973338951400906
743,3.544865041923342
744,3.557177222521015
745,3.1811008558802274
746,3.0443764092308494
747,3.082449842489122
748,2.8360689354513866
749,2.94167866048873
750,3.299965969862777
751,3.275828855143909
752,3.2257480795421274
753,3.152751284391722
754,2.976113556747231
755,2.9680502389166055
756,2.9089809733054963
757,2.9370486097108874
758,3.005131574834554
759,2.9563612529611074
760,2.865537634588548
761,2.9143522773353343
762,3.276130179895108
763,3.0518446670828334
764,3.21967823507678
765,3.2535124424531814
766,3.4640897911717734
767,3.6231603739362312
768,3.454360928676796
769,3.341831815492414
770,3.2507396494600527
771,3.4388531230494297
772,3.2430211387705263
773,3.2380827017964298
774,3.222106904594182
775,3.262718963219817
776,3.227484631162332
777,3.1505018661316004
778,3.196989382456578
779,3.183772387652137
780,3.198345223346721
781,3.0664130386250896
782,3.1045905176571003
783,3.208067273680695
784,3.1893404584667717
785,3.2218194838084053
786,3.2098740508397237
787,3.4111656959449794
788,3.4316491361850634
789,3.57556697882731
790,3.797745381993923
791,4.074218006256387
792,4.158276583418016
793,3.818209260347398
794,3.3383087267424445
795,3.1184955718463265
796,3.312528348723453
797,3.678635131939297
798,3.782740629520887
799,4.057867144528726
800,3.2755874365361515
801,3.2571386787662266
802,3.955659989128844
803,3.8301643531242355
804,3.778760291348146
805,4.055404485825703
806,3.8265052368317956
807,3.9193853243050674
808,3.3897154262379234
809,3.1345059448105843
810,3.4084109913644243
811,3.2729283627610917
812,3.2030196500842236
813,3.4130010455578965
814,3.3164271842761526
815,3.339520626253759
816,2.8313850947441432
817,2.6757801244334174
818,2.6001986112384796
819,2.4549396068940186
820,2.490876119117194
821,2.4136302294464222
822,2.4311526939523693
823,2.3754891229500172
824,2.421059866105064
825,2.3358625462830425
826,2.397076578545498
827,2.511854691607625
828,2.94761960656175
829,3.132100282177072
830,3.1663460527438683
831,3.036936199500305
832,2.6565758286702934
833,2.475981114309767
834,2.4884560688662134
835,2.4833270742135283
836,2.4538145540313847
837,2.39747550236138
838,2.1345563331693094
839,2.053294748628189
840,2.0389638009313757
841,2.0919132143905403
842,1.9833665661059807
843,2.200421542760758
844,2.3179124330543996
845,2.427739029068592
846,2.261021911783636
847,2.100432174374296
848,2.0034885827537288
849,2.010999608617109
850,2.118346013424932
851,2.2481011305450496
852,2.3333076498994596
853,2.3693785137725625
854,2.4789798532176452
855,2.5004735085046543
856,2.5935135222807872
857,2.616437208753743
858,2.648400887627924
859,2.6038029760839345
860,2.4123392614278014
861,2.5181145630455912
862,2.4593034991375444
863,2.373595421738743
864,2.510086365390613
865,2.4670386354964364
866,2.161351101415762
867,2.175872082788381
868,2.054058969604966
869,2.2217472973859547
870,2.2019180317554943
871,2.0860139435611362
872,1.9267996199078385
873,1.7607961506654157
874,1.8457565104673361
875,1.706394032677475
876,1.664134936572193
877,1.642226223576373
878,1.5411460478102197
879,1.5345443308670692
880,1.5447520633667606
881,1.530991114857254
882,1.6212706569701438
883,1.5575655096219125
884,1.4122279316701256
885,1.3840629877872166
886,1.5217071891074694
887,1.5005377426858377
888,1.4326564750373876
889,1.517733259002103
890,1.6099198865449351
891,1.7236557767453213
892,1.5454413441879291
893,1.584189067283041
894,1.4919050642882292
895,1.4223421417123716
896,1.46554535822399
897,1.4691379029915357
898,1.6253945162074255
899,1.6123546215059612
900,1.5810328497884887
901,1.5797640833514308
902,1.6093427525663462
903,1.52532558558419
904,1.5817343310431768
905,1.7430777343811001
906,1.9284501582755789
907,1.85084112298819
908,2.120830945085528
909,2.1359777709783807
910,2.144588515959631
911,1.777500485456647
912,1.709713041316099
913,1.652357423533639
914,1.6604560493402258
915,1.6618160935617952
916,1.7665016349282818
917,1.7263490065489948
918,1.8201754230789344
919,1.7353518916903452
920,1.888166492599528
921,2.004290551162177
922,2.4364937333601495
923,2.5514242889407313
924,2.521365005005923
925,2.419036824433773
926,2.3256044997017074
927,2.2541429973366545
928,2.254362630290054
929,2.19531130526293
930,2.047211303910418
931,2.1118195449379304
932,2.1333849034214776
933,2.1126601246122405
934,2.6735782999784843
935,3.4464045301832056
936,3.712093465394797
937,3.8251273068266682
938,3.769604871527802
939,3.814881699187526
940,3.7172583076291104
941,3.7507061536247512
942,3.6824075538629635
943,3.7978795271866463
944,3.818095871600142
945,3.7319917020004785
946,3.694898745427124
947,3.610695534978117
948,3.553285440326137
949,3.4162745850465814
950,3.370491486488882
951,3.25405236553321
952,3.1064778272122937
953,3.2260907658056133
954,3.0466808598441566
955,3.0373382432230542
956,2.938279821462325
957,2.888374553981502
958,2.8132506709013496
959,2.74460673246232
960,2.7113176287691196
961,2.8405066583517065
962,2.869350558611972
963,2.8143924665473294
964,2.891465821841685
965,2.895073655844788
966,2.9662872536279763
967,3.3394986951016996
968,3.692214655106571
969,3.7361845210295637
970,3.6841443194925256
971,3.9053204367924157
972,3.702716629923653
973,3.6829591077748955
974,3.633539693455686
975,3.6163895075456893
976,3.6072528247995104
977,3.5128217570991356
978,3.437419428182552
979,3.458555988456933
980,3.1219202801068637
981,3.038441755121942
982,2.799229605473208
983,2.799016085455733
984,2.7075209060390266
985,2.6132050502413127
986,2.5737182337467996
987,2.588835436106145
988,2.546562891815403
989,2.5069451634964723
990,2.464324232044214
991,2.4257619142273112
992,2.451959967640992
993,2.3225739908488725
994,2.4375955861446714
995,2.368520280360777
996,2.3743808936971895
997,2.4021435274612073
998,2.3491440313978726
999,2.471553300692304
1000,2.4384421367386966
1001,2.4380927088444677
1002,2.29785520053485
1003,2.312424986069072
1004,2.364558250618327
1005,2.143807150499931
1006,2.2518464332080614
1007,2.204945252917345
1008,2.2239273899248797
1009,2.1271175380641196
1010,2.0317241301559466
1011,1.9630454062043752
1012,1.8718992983492835
1013,1.8969201754606309
1014,1.7608263705127973
1015,1.7658458323037414
1016,1.7592604750999052
1017,1.7679703613852753
1018,1.8748122556925784
1019,1.9598924931830286
1020,1.8951909543877246
1021,1.8902564877742365
1022,1.8787392355394554
1023,1.8203417264146575
1024,1.869032291473643
1025,2.2310984968690795
1026,2.502960831065598
1027,2.419765221961081
1028,2.5967163054477718
1029,2.2408030250903868
1030,2.3424336347403947
1031,2.2760799773186524
1032,2.205753654977204
1033,2.1434882873529366
1034,2.127190720737669
1035,2.0818785144983307
1036,1.6454394057811592
1037,1.458619663262157
1038,1.6214755610136369
1039,1.4511662602845812
1040,1.5757123150414447
1041,1.7121228057188413
1042,3.0638980852249484
1043,3.1665174580782915
1044,3.1283238805174207
1045,3.0802009776167676
1046,2.86667305851087
1047,2.7997945705052887
1048,2.6960853839988808
1049,2.6609196515427107
1050,2.7309587096676693
1051,2.750084721673457
1052,2.8411592737051357
1053,2.906059390249217
1054,2.836021167207364
1055,2.7624177558793854
1056,2.806762243424561
1057,2.8008952618344223
1058,2.8051838002803007
1059,2.8107364261523986
1060,2.8711118326554437
1061,2.743810258760536
1062,2.723035597307878
1063,2.6379756361804105
1064,2.56109033111809
1065,2.3968018265976476
1066,2.478414476203141
1067,2.2892978696173842
1068,2.3900005979364614
1069,2.4431901346490332
1070,2.41356436219629
1071,2.2643727826530795
1072,2.391235918782241
1073,2.315349130902468
1074,2.276748542242788
1075,2.2440810707702434
1076,1.9537655896779569
1077,1.8719424512063552
1078,2.141023165149176
1079,1.8747580154132328
1080,2.1417211200911157
1081,1.8597377323307276
1082,1.847693324296855
1083,1.9980468897501282
1084,1.9343185357171067
1085,1.8611865200843403
1086,1.905178418879414
1087,1.8537657328966408
1088,1.8923741872645496
1089,1.8461158115303795
1090,1.7897224253903745
1091,1.7449491680573361
1092,1.738181933621108
1093,1.6144859195620016
1094,1.5573309772695425
1095,1.6062126683924811
1096,1.5617619883404659
1097,1.6835779062313905
1098,1.7602102322241264
1099,1.7903169966277872
1100,1.72393337356715
1101,1.61844388625349
1102,1.6427726539945162
1103,1.6459285439586793
1104,1.7289522718493733
1105,1.665322403433076
1106,1.6824550013048867
1107,1.7195274683820758
1108,1.7708805790304258
1109,1.706104812845597
1110,1.7197889613365298
1111,1.6411016610001241
1112,1.6938572977165574
1113,1.7818326140559744
1114,1.803024472780862
1115,1.6490036424209578
1116,1.661063053442787
1117,1.596567834122406
1118,1.5059579286104838
1119,1.4534983046167353
1120,1.346414986038046
1121,1.3465090301944656
1122,1.5764442526238487
1123,1.4149027608242235
1124,1.3363279046325676
1125,1.330418948301085
1126,1.4445552101171162
1127,1.5704328696776078
1128,1.6569883117155908
1129,1.814287639592608
1130,1.8700895728326214
1131,1.912571294914497
1132,2.344072327475522
1133,2.3368816677535467
1134,2.1893736674853606
1135,2.7871000408701594
1136,2.9116114488828515
1137,2.7406134928392216
1138,2.554531850963413
1139,2.7429069157307584
1140,2.517344246316574
1141,2.4748270672320816
1142,2.401482039436863
1143,2.2414236178421425
1144,2.1937313613327007
1145,1.8694076238228783
1146,1.9987417536195649
1147,1.9904803612945334
1148,1.8216047348180182
1149,1.688435249369185
1150,1.6030303867134925
1151,1.7625161200501214
1152,1.6324085214970405
1153,1.6148118057839913
1154,1.706136609581501
1155,1.6676386984673064
1156,1.671378911372247
1157,1.931495674525777
1158,2.4043132407149477
1159,2.388009606247344
1160,2.5112046802173964
1161,2.6416576133654566
1162,2.6862817208872865
1163,2.41154551409313
1164,2.1746802187096463
1165,2.18010540631244
1166,2.0324066424733926
1167,2.2219658009023533
1168,2.585391861967106
1169,2.879121541345744
1170,3.2624772789236784
1171,2.7891448969738137
1172,3.162683448796207
1173,3.2883598622788255
1174,3.657018442196598
1175,3.655015052675201
1176,3.9010423862905776
1177,3.8460073241940558
1178,3.8766821877839437
1179,3.854752107590021
1180,3.782915549929657
1181,3.874750561581206
1182,3.818122135957425
1183,3.7641398896445932
1184,3.815244160214744
1185,3.7915523906920625
1186,3.740486273381955
1187,3.22876713686251
1188,3.114115505258976
1189,3.4242435296350178
1190,3.3604231124074677
1191,3.3055464273195625
1192,3.2838549905268866
1193,3.386764189222589
1194,3.2760998801663757
1195,3.1198079317762653
1196,2.957735337897725
1197,2.733986578863646
1198,2.735895575338707
1199,2.7020605078365043
1200,2.887863068310094
1201,2.913735581574107
1202,3.264799526580245
1203,3.51057777075272
1204,3.6325196346047957
1205,3.832893124539093
1206,3.9591761403786796
1207,4.139096890250278
1208,4.266972639287566
1209,4.218013712078902
1210,4.130913523126415
1211,4.038424461075905
1212,3.8500407823391796
1213,3.728808866800234
1214,3.616912044508257
1215,3.6425041608249638
1216,3.51452564273829
1217,3.3267375274061197
1218,3.420736811364973
1219,3.281275393288322
1220,3.248524145470993
1221,3.043779321005599
1222,2.84436043584226
1223,3.013640756686657
1224,2.8764020928370773
1225,2.9116251203571704
1226,2.9600972091260376
1227,2.9671094820815127
1228,2.8609688795636345
1229,2.982886323923778
1230,2.963988729555626
1231,2.9359671449434503
1232,2.9258454598528822
1233,2.906509795970695
1234,2.8799210798807113
1235,2.9083189507970015
1236,3.0413918081325293
1237,3.01526552636256
1238,3.0736949935742373
1239,2.998373445572805
1240,3.0421039846201188
1241,3.0754809383965216
1242,3.010910619883924
1243,3.041283881921349
1244,3.0852108215595204
1245,3.1150296941941553
1246,3.089278002911658
1247,3.0802053456923217
1248,3.264035545516177
1249,3.331873145485074
1250,3.123642728504331
1251,3.1313468655973034
1252,3.193141130237671
1253,3.109012831457808
1254,3.2583453875057184
1255,3.061403908776332
1256,3.4555843619731337
1257,3.554101772198525
1258,3.608599495436448
1259,3.5831253502722915
1260,3.7122904384917637
1261,3.569949430178942
1262,3.596477751276536
1263,3.5926111676222385
1264,3.5840942424959494
1265,3.5006056653577295
1266,3.453981694472343
1267,3.374634593328555
1268,3.162043157798295
1269,3.114700190287244
1270,2.9555306415847817
1271,2.885733084936529
1272,2.870786862628687
1273,2.823543165763946
1274,2.8724316575370175
1275,2.6954042913845506
1276,2.7175666618203795
1277,2.7466048542243033
1278,2.68074936495167
1279,2.6947426541206494
1280,2.54104349528204
1281,2.7332392403759336
1282,2.711916854633926
1283,2.647784405108896
1284,2.641779406776259
1285,2.649639929277586
1286,2.8981353801096152
1287,2.893237092539983
1288,2.948739050638711
1289,2.961439700889118
1290,2.9134741834361733
1291,2.9602533451422253
1292,3.076420612362651
1293,3.1624477262928954
1294,3.2164647804060493
1295,3.198959680485485
1296,3.232875793385228
1297,3.3817535306937447
1298,3.167587103177232
1299,3.226789622684397
1300,2.849815196325917
1301,2.855098497276617
1302,2.8207902971441228
1303,3.0285764630778127
1304,2.9566067525449258
1305,3.01097176640825
1306,2.9185251877449785
1307,2.800516279170398
1308,2.807614260870993
1309,2.7359592734025013
1310,2.622977052940272
1311,2.633246157726282
1312,2.58655075565959
1313,2.5517613929499983
1314,2.727692149050424
1315,2.647489492888523
1316,2.579198985671516
1317,2.701460976367065
1318,2.610858233910445
1319,2.5774013039630717
1320,2.619944132280698
1321,2.6699597042559877
1322,2.692281970171339
1323,2.578070958333902
1324,2.5513794127719245
1325,2.426256850105561
1326,2.3575976425424288
1327,2.271567713188402
1328,2.2538707951064008
1329,2.398351027638839
1330,2.3524502492311123
1331,2.473709803857075
1332,2.649098470703287
1333,2.6850347945080597
1334,2.581066600934469
1335,3.098722305757602
1336,3.5587360794848593
1337,3.5037515587705474
1338,3.0592263272318916
1339,3.104866927821233
1340,2.5486426100005444
1341,2.928454659069706
1342,2.603267057483299
1343,2.339390082301964
1344,3.074561985432356
1345,4.076833277289464
1346,4.0449920377247075
1347,4.039610838061914
1348,3.9513565755791196
1349,2.946538224246071
1350,3.274090302400266
1351,3.2814355046318058
1352,2.976818814959162
1353,3.407198985821967
1354,3.365975309186386
1355,3.643427656753207
1356,4.006033692301227
1357,3.9024392912086983
1358,4.121131417692892
1359,4.120789687681065
1360,4.011418666858453
1361,3.9346964821229373
1362,3.8384348379028315
1363,3.7313516844752592
1364,3.729804285679427
1365,3.6585856298888584
1366,3.5371302853616546
1367,3.3635356193935024
1368,3.4674430429823366
1369,3.211704957856644
1370,2.8428186733438006
1371,2.760280943935358
1372,2.8749799778540615
1373,2.7308230507393425
1374,2.8310334063302953
1375,2.5911597513520888
1376,2.6127882966397022
1377,2.604588235234555
1378,2.596804649881407
1379,2.5358541571988753
1380,2.5684824524303203
1381,2.626221633179772
1382,2.6076072834104567
1383,2.5564311719753046
1384,2.5266099281608
1385,2.5401874144733343
1386,2.693355567024998
1387,2.9630554948104537
1388,3.031399585320129
1389,2.8797046578529537
1390,2.8803240523622278
1391,2.9091215548253255
1392,2.835344966653685
1393,2.6622396957283607
1394,2.762200159753367
1395,2.8550008047003823
1396,2.8572954409691826
1397,2.954287650171869
1398,2.5802502880660123
1399,2.7337706011416203
1400,3.0574934978339887
1401,3.2792792515545237
1402,2.635323411842525
1403,2.6451643800758977
1404,3.086709563372363
1405,3.0383228515167575
1406,3.0281324553027953
1407,2.8831603201103335
1408,2.8448960525138247
1409,2.957854978711676
1410,2.895387762207496
1411,2.9114034515926965
1412,2.7917108410153535
1413,2.951129195648588
1414,2.9241918949694092
1415,2.685539468313743
1416,2.6172415430045595
1417,2.708844527279199
1418,2.6657436552197833
1419,2.810057585091251
1420,2.5090628219143474
1421,2.743498800146217
1422,2.874954805794514
1423,2.9263024870257004
1424,2.7374683401224966
1425,2.6435935367042904
1426,2.556531292158577
1427,2.562581043393865
1428,3.4239560307411137
1429,3.487799585772819
1430,4.2876320231691425
1431,4.325200436980639
1432,4.2265258190622355
1433,2.8662427618454047
1434,2.9054440487673654
1435,2.658031716266592
1436,2.5679635985197686
1437,2.457105961989271
1438,2.368481236808466
1439,2.3950378370663414
1440,2.5985743240613632
1441,2.6763884310159596
1442,2.4103031225760647
1443,2.5248389509193996
1444,2.496858387995198
1445,2.472758302971273
1446,2.4554838197696003
1447,2.5358808416695835
1448,2.471832110905012
1449,2.396490403650757
1450,2.427790505903374
1451,2.4033582905968287
1452,2.4719623786809612
1453,2.4917989238162623
1454,2.332116339945629
1455,2.3674369863489666
1456,2.49129308115634
1457,2.127950984179094
1458,2.2095604648279012
1459,2.108113029581263
1460,2.294365408967805
1461,2.358773855867121
1462,2.0737639937278334
1463,2.0645382120598006
1464,2.029904906068826
1465,2.116742879688764
1466,2.1941288019272887
1467,2.229048818581096
1468,2.2115629155525713
1469,2.2601221174007233
1470,2.3347192346387673
1471,2.3234471389198523
1472,2.330313374866481
1473,2.2144110730774886
1474,2.190443514898683
1475,2.2182497004174073
1476,2.3440915815207983
1477,2.238972283648587
1478,2.2785484727164804
1479,2.1782158268937915
1480,1.9976466175743708
1481,1.89894378693169
1482,1.934253380428735
1483,1.8990453563356247
1484,1.9480042917516989
1485,1.9064506122657314
1486,1.8213636471047912
1487,1.7622059491037885
1488,1.743895194055797
1489,1.6544867921684603
1490,1.786817111354605
1491,1.7419500043502767
1492,1.7493097672997309
1493,1.7817772571187045
1494,1.91377724377812
1495,1.8370709162834729
1496,1.8007966617932687
1497,1.8814450166634051
1498,1.9051579528465499
1499,2.00909330967818
1500,1.8767329079624415
1501,1.9764876148688186
1502,1.8267228361337158
1503,2.138443668335978
1504,1.9467498856372583
1505,2.0317852221816546
1506,1.9767298337860946
1507,2.0445057069931014
1508,2.0448364302402675
1509,2.0691739186397533
1510,2.083963368312933
1511,2.030943432283719
1512,1.9558784243567926
1513,2.03492115326258
1514,1.9442683098219684
1515,2.0773418582256284
1516,1.9730440575861519
1517,2.215759153236924
1518,2.2393996334237127
1519,1.8654766358777533
1520,1.957419053558201
1521,1.8164082234775336
1522,1.9294296435987048
1523,1.6814590169920962
1524,1.5853826419442423
1525,1.5982676806987879
1526,1.885660828585853
1527,2.024553034702243
1528,2.150398112005673
1529,2.2345359812043237
1530,2.3185145658683015
1531,2.565818238006075
1532,2.5333365412056
1533,2.7164774229258675
1534,2.7481850127893392
1535,3.0570070167516694
1536,3.2232020327626607
1537,3.1610702847567302
1538,3.14561847909259
1539,3.2305799500406827
1540,3.012683403885992
1541,3.1100750370128005
1542,3.327469741155387
1543,3.3053374844503676
1544,3.1311813399154174
1545,2.956262050084851
1546,2.867035578121368
1547,3.1858129166466136
1548,2.833420555809995
1549,2.824461736003835
1550,2.903742562270652
1551,2.938758856935052
1552,2.8629543770024077
1553,2.4513575466054354
1554,2.359261137734466
1555,2.2770030709907982
1556,2.242733423479477
1557,2.2051634205108512
1558,2.13399785792968
1559,2.1761764478290355
1560,2.2189641604463293
1561,2.2220749112288707
1562,2.259269615046024
1563,2.179130387605413
1564,2.194953085692806
1565,2.504478424965591
1566,2.6047941868312794
1567,2.6099554225419666
1568,2.6939907282232274
1569,2.7037262954673835
1570,2.7221941507908545
1571,2.6661807104211275
1572,2.548439427109228
1573,2.282206846110334
1574,2.277135293293958
1575,2.300070728558876
1576,2.3050728155409512
1577,2.088183793272248
1578,1.9794092060573794
1579,1.9638359606673714
1580,2.019776393573596
1581,1.9489699017783544
1582,1.9101385913603166
1583,1.9019638330382125
1584,1.85216462322057
1585,1.9238223128817347
1586,1.9278054382310774
1587,2.004707299700509
1588,2.1397065839876728
1589,2.0853946219537933
1590,2.0465374225075905
1591,2.0916714151846048
1592,2.139122062734686
1593,2.2885915381713042
1594,2.247039735158519
1595,2.3375498290947947
1596,2.4031683685662553
1597,2.4232327809404723
1598,2.5585292913101574
1599,2.705885153925289
1600,2.752561980050591
1601,2.85579507532867
1602,2.9843248404082643
1603,3.025005500436604
1604,3.3091672517351283
1605,3.5529464967557054
1606,4.113626521570133
1607,3.7026324228920036
1608,3.2480835845866967
1609,2.77449402202199
1610,2.7106394752458183
1611,2.613622806537432
1612,2.4797349923981535
1613,2.5450465979318624
1614,2.651815452565712
1615,2.634041971559775
1616,2.5716712647263313
1617,2.33538437037521
1618,2.0467037140209516
1619,2.026247143090559
1620,2.0688858905415044
1621,2.0408603636674822
1622,2.455571057518182
1623,2.373177544569785
1624,2.4338054466213626
1625,2.5286239190596165
1626,2.5573388047737793
1627,2.490946721417401
1628,2.5302428364473504
1629,2.5484473666632144
1630,2.494523144053269
1631,2.5265980064283418
1632,2.5197970039629696
1633,2.495664051618215
1634,2.533115971535389
1635,2.376528929145335
1636,2.6984385188774076
1637,2.820950045764362
1638,2.5740481018708077
1639,2.5842536629321784
1640,2.5735650454239907
1641,2.3386047427693346
1642,2.4225669857519905
1643,2.509572637804629
1644,2.438348133890634
1645,2.4124846757338654
1646,2.3632885117029456
1647,2.3054741236286778
1648,2.2632064050680385
1649,2.3304426203923865
1650,2.2146044144541603
1651,2.2342471375478365
1652,2.160503652571154
1653,1.9875465503820067
1654,1.9691367037432341
1655,1.8824580284478838
1656,1.8603411603872835
1657,1.8916287488531793
1658,2.1688842617746014
1659,2.2764210657087056
1660,2.490021343927414
1661,2.622601310673279
1662,2.6117788234959782
1663,2.3269488858356966
1664,2.4333004179240567
1665,2.38695402510688
1666,2.438460748907786
1667,2.255047024257177
1668,2.3462137588549528
1669,2.454683541819038
1670,2.532172208140064
1671,2.4569066985502763
1672,2.3893821114828864
1673,2.333854057190167
1674,2.2288974165447843
1675,2.199590838608874
1676,2.072943774048348
1677,1.9933684652371861
1678,1.9753266200535449
1679,2.02252369519994
1680,1.9897832288955528
1681,2.0249247766616376
1682,2.0183020806083274
1683,2.0467778563262846
1684,2.044888192370228
1685,2.0658694724827313
1686,2.070369039662249
1687,2.0927240501090343
1688,2.0861875725929386
1689,2.0866044555786107
1690,2.19394178725741
1691,2.1972682358601334
1692,2.18890564722273
1693,2.1671154106244557
1694,2.1382264282894323
1695,2.1643303359960178
1696,2.1083237974938953
1697,2.123702788535905
1698,2.125184879223699
1699,2.2557264864217386
1700,2.335259591439202
1701,2.253500743430223
1702,2.2321739318662166
1703,2.230715646369105
1704,2.3086143878419048
1705,2.3149730160559883
1706,2.570778781165797
1707,2.5802352572450777
1708,2.338618440918737
1709,2.306922006433268
1710,2.203293027276569
1711,2.2485986901256343
1712,2.264625678744497
1713,2.2729258749473056
1714,2.3311611384266073
1715,2.3881094517640733
1716,2.449742734447164
1717,2.4851495019923475
1718,2.4940799406152463
1719,2.3575768862521973
1720,2.290856883723522
1721,2.258744893957764
1722,2.369253428028424
1723,2.217874863367054
1724,2.2389869457225173
1725,2.2082351159844946
1726,2.2315212436908904
1727,2.291244843524299
1728,2.2594344636804737
1729,2.2641031670530687
1730,2.2685999068023177
1731,2.2442159804573554
1732,2.2885237207122717
