,0
0,3.256960311578404
1,3.7565139266021146
2,4.1712792327021715
3,5.006733584875059
4,5.0744395853476725
5,5.543663401645635
6,5.508991208745603
7,5.463716316865025
8,6.01278742849115
9,5.369880857306732
10,5.150024803243927
11,4.523060769443644
12,4.378722809144562
13,3.796368256765639
14,4.4291467728611655
15,4.596906226906977
16,4.506530876387142
17,4.701154058186188
18,4.743353293041052
19,3.8929241135814965
20,4.0455957148536426
21,4.279890184985751
22,4.091658338382376
23,4.218067208758174
24,4.179505497839033
25,3.7186133794523566
26,3.0632775322655115
27,2.9427143306183288
28,3.2092810981069535
29,3.3244609361325788
30,3.2769793631178223
31,2.9809643931839744
32,2.8509672532953596
33,2.8867843264693462
34,2.875677270717139
35,2.774872241151935
36,2.554973190054095
37,2.4601044499324605
38,2.522163222952542
39,2.734122762314669
40,2.946155588468161
41,3.1242746405449138
42,3.219904645617118
43,3.948008830318339
44,4.371201438182057
45,4.289908827472783
46,3.9518292354176836
47,4.189810410106792
48,3.747501814215814
49,4.760464152030037
50,4.654137000263357
51,4.849034192069387
52,7.197803567913641
53,7.197803567913641
54,7.111429224316552
55,5.847935528419381
56,7.103157377116134
57,7.0496002342589925
58,5.687353252535977
59,5.678005266568893
60,5.57956289452745
61,4.913359492343972
62,4.940252584680623
63,4.918027192943754
64,5.182599106827436
65,4.891463602849719
66,4.410187239384142
67,4.9411577602904835
68,4.4532650532806315
69,4.624266627127347
70,3.757857843121811
71,3.7015119538942716
72,3.656401226597154
73,3.5904712748180896
74,3.193662779057187
75,3.5114236521005533
76,3.051560233260292
77,2.9034681406480733
78,3.0553414829596974
79,3.021013038317184
80,2.9312853928004357
81,2.595657728459943
82,2.9138930732354567
83,2.604893898574599
84,2.436998462919609
85,2.4171686136014974
86,2.181320527252235
87,2.152657802974422
88,2.1540891934853152
89,2.2817507663381744
90,2.287895470613958
91,2.512051239758225
92,2.5093589594196666
93,2.3807996952134416
94,2.3533701118403867
95,2.254011171602725
96,3.1877850289029634
97,2.761015311608605
98,3.292676596992631
99,3.053075381714422
100,3.321679188192168
101,3.4220228411012936
102,3.7184315325754063
103,3.425540116412669
104,4.180991531111625
105,5.253353364688007
106,6.155663819405141
107,7.2368689396763815
108,7.2368689396763815
109,7.2368689396763815
110,7.1109922925661815
111,6.080631023278197
112,5.164137866884027
113,5.24052908707723
114,5.388326138301243
115,4.982467075828776
116,4.7259356682142135
117,4.5250156858315576
118,4.125864970447866
119,3.7852712884452506
120,4.4845712710814905
121,4.442456750857446
122,3.927343318056481
123,3.6610065996422434
124,3.1092627798716586
125,2.9486929775484403
126,2.557692678519906
127,2.7482387003525663
128,2.5668699624391405
129,2.8577773555886994
130,2.465000912319858
131,2.50722207296023
132,2.5719096617662416
133,2.6403746510208568
134,2.5903132687036834
135,2.659162494509941
136,2.8387335129530826
137,3.106088333315402
138,3.078022956501073
139,3.116782866768337
140,2.9493983166577333
141,2.3047679232964304
142,2.3523224731997896
143,2.4719829288438997
144,2.6834950560760267
145,2.7006750103155106
146,2.9151103036661894
147,3.997119460638917
148,5.297234070456447
149,5.316205501089662
150,5.602185216760029
151,5.192147912292711
152,4.978079037264337
153,4.955447712365791
154,4.591645379627954
155,4.105838010694879
156,4.822203019994707
157,3.8436796289614623
158,4.878110841794423
159,5.533738939796589
160,5.153763355148555
161,4.793223735834132
162,5.3688291313173115
163,5.9354628212362055
164,5.905390211035867
165,5.707817180141317
166,5.270156805960543
167,5.071516899388822
168,5.031831318877211
169,5.0502834943139305
170,5.0407087481551
171,4.841932191008254
172,4.159173974037155
173,3.888097890251946
174,4.225907820056896
175,3.785099646523973
176,3.6733221575547508
177,3.526847295197867
178,3.018165566879926
179,2.850428656622548
180,2.763989126260714
181,2.552167400406469
182,2.4317821217381232
183,2.2951204226181283
184,2.427211289429097
185,2.371561839230486
186,2.3924125978711603
187,2.3747308202020947
188,2.4074693828377485
189,2.3532203342006515
190,2.2962388236151554
191,2.3017205458958263
192,2.247098620267542
193,2.1487578114712003
194,2.122600167489158
195,1.9920166730335287
196,1.9695569528932297
197,1.989645486350239
198,1.9492337360400938
199,1.9549793955332189
200,2.109377357337367
201,1.920900095600902
202,1.7501774545206943
203,1.7337821176917656
204,1.78183079971104
205,1.7821367167000126
206,1.771501752779839
207,2.087118896727596
208,2.299822386823045
209,2.7679323221854952
210,3.164520270673474
211,3.666634324602744
212,3.8910684149805017
213,4.026905140742473
214,4.080241187150157
215,3.9706928303163846
216,4.034772029761672
217,4.070740454499079
218,3.466891471240441
219,3.2974157097114047
220,3.4256922971245634
221,3.69505251173366
222,3.7410586570452353
223,3.1985467563363756
224,3.118664181112008
225,2.9435765695527243
226,2.8948862446116954
227,2.734001161024045
228,2.5301046502312534
229,2.5748599222415
230,2.526740781568014
231,2.6369124667584694
232,2.6406838573253473
233,2.588768128250879
234,2.573014133174898
235,2.7065501673154575
236,2.4949299741128015
237,2.3402139404169677
238,2.1760764259118672
239,2.40955488346488
240,2.5496075947938834
241,2.588001790841108
242,2.5474096538830486
243,2.306571947189718
244,2.432891809060383
245,2.4392055826699988
246,2.5173761055398165
247,3.3676157810648113
248,2.7580839685519782
249,2.3724584382143017
250,2.429715056601807
251,2.4701334181292776
252,2.2646866558440713
253,2.30763863920446
254,2.0705835511820383
255,2.073009066881224
256,1.8837922080672589
257,1.8525415825113485
258,1.984480704354947
259,1.9924381500194397
260,1.9951307683109147
261,1.7993954146366353
262,1.6979655039165618
263,1.812245568553285
264,1.7357362802937044
265,1.6921765663113135
266,1.7187207451281017
267,1.676582023262012
268,1.553160314735662
269,1.4988260923215337
270,1.4891612106257357
271,1.3201339506987992
272,1.3269293407596912
273,1.2500985475868465
274,1.3593589782848075
275,1.3276484906604018
276,1.2998366738381946
277,1.3819709486697147
278,1.0580309397044632
279,0.946680068964455
280,0.9456623728923119
281,0.9153915766594032
282,0.9852059542109293
283,1.001092886669677
284,0.9778165426378317
285,0.9016952558775262
286,0.961150424240858
287,0.9257491046690092
288,0.9112823557661492
289,0.8089943660637654
290,0.9002370667129925
291,0.7940069510863595
292,0.7870079431698181
293,0.7369924620284077
294,0.7820062156141568
295,0.7635119185757673
296,0.7485395401687804
297,0.7382680118301204
298,0.7348688053118424
299,0.8127441924825384
300,0.7477572513250235
301,0.8229022965163815
302,0.9843362436163785
303,1.1541266034907238
304,1.2202121983675474
305,1.2923265645292015
306,1.3600639214643153
307,1.4878639511925573
308,1.3698809134049075
309,1.4369717984631056
310,1.5525508497287663
311,1.5433717734980026
312,1.632431027822905
313,1.8690023841792853
314,1.6034024105822808
315,1.5420044026282482
316,1.2993807687594134
317,1.2572658532738392
318,1.2813585040419946
319,1.245303416826525
320,1.2147536351375972
321,1.180421342019807
322,1.2209065086572237
323,1.2602253599345212
324,1.5300232477016196
325,2.0333985016368223
326,2.1348059900202836
327,2.3796264839506853
328,2.9467289008448834
329,2.847250818084825
330,3.0080377276253514
331,2.9845075478633523
332,2.729475771384726
333,2.5789475881350175
334,2.363013033734298
335,2.156728199389677
336,2.061306814153194
337,2.126295604912324
338,2.0289193104622454
339,2.199123816381908
340,1.7841171626775612
341,1.950941192706121
342,2.058887198399829
343,2.1150706366868666
344,2.108843806486526
345,2.012106023025921
346,2.1839580397103844
347,2.298931129735733
348,2.3136993582265815
349,2.443714070980099
350,2.4975439693137687
351,2.8879455453793903
352,3.0532086199887662
353,3.2834814552742597
354,3.7164921717846213
355,3.1475738161123354
356,3.057204218656251
357,3.104874332596969
358,3.1900648452713196
359,3.126650173429048
360,3.5995379064385458
361,3.880700356362331
362,3.859628475142319
363,3.49810902946714
364,3.6816692657687247
365,3.8052408501989823
366,3.6547331223946276
367,3.6381990297247335
368,3.570425288398419
369,3.3290644515508365
370,3.5255422445129345
371,3.472995390030821
372,3.482562204969348
373,3.3538839382757457
374,3.5224066514747774
375,3.314235646859194
376,3.1774075141486406
377,3.103551116576054
378,3.2165964705858285
379,2.9847688764717724
380,3.2274053482511293
381,2.910178808165348
382,2.7942805799298003
383,2.774502639853225
384,2.735360763650939
385,3.1069547406078155
386,2.660989982621257
387,2.671202021409251
388,2.5246074278649613
389,2.3790009003460333
390,2.3205948443181437
391,2.192188474335879
392,2.173445068017644
393,2.178541794910258
394,2.3014908295060015
395,2.236029023528942
396,2.5858539036718082
397,2.669320318919712
398,2.342313798339072
399,2.2725454645497556
400,2.504542710180069
401,2.280982322095452
402,2.144955967992314
403,2.1854358812237065
404,2.147059963642072
405,2.0784650108133103
406,1.7565282465795267
407,2.136078683415433
408,2.1198797969813117
409,1.9673587837168494
410,1.9680202157280844
411,2.1045402265937216
412,2.075279057758151
413,1.9717773664993503
414,1.93948431398395
415,1.8937620842126168
416,1.8869411083737155
417,1.7552355485629156
418,1.603528712980756
419,1.7545439827978389
420,1.61842212067903
421,1.5307026199400504
422,1.515828329707747
423,1.4896378844083484
424,1.491341806551887
425,1.4054323964513955
426,1.444394210489257
427,1.470286976700958
428,1.4373543860415419
429,1.388203905861814
430,1.3524515487298598
431,1.3684274182735698
432,1.376456418898275
433,1.2018427863334613
434,1.2493007246168804
435,1.340123522603324
436,1.2580980974721026
437,1.107638139205942
438,1.1027882454956177
439,1.1855077453427036
440,1.2553367146774521
441,1.2598045125080903
442,1.3681972477163522
443,1.47000615475639
444,1.4889071200708344
445,1.5866497234191719
446,1.4808216264011431
447,1.54181199745922
448,1.5550400839672822
449,1.5314933206393562
450,1.6722117549168436
451,1.8634954167957982
452,1.8324470599453728
453,1.9747203593615392
454,2.0165829343922317
455,2.1831367171903864
456,2.5844157618186943
457,3.2313550007399052
458,3.1531949459513275
459,3.301578562806242
460,3.2246838459643676
461,3.199074696155806
462,3.16037089920512
463,3.2310896375507836
464,3.7593164323257335
465,3.9361023421714068
466,4.113759517548075
467,4.835850837836642
468,5.003419790504473
469,5.539497452643522
470,5.271194733725422
471,5.104774780430754
472,5.908951031781947
473,5.633330362438527
474,5.503924091495604
475,5.246110598899725
476,4.990853010486979
477,4.85255465992346
478,3.8009006146653834
479,3.7214750642772514
480,3.3262443378809525
481,3.1935171598891805
482,3.420436223628469
483,3.696573892994315
484,3.5875609293039923
485,3.6833735461662376
486,3.3267323498150154
487,3.1856791370863085
488,3.1520935674626953
489,2.8748909125637017
490,2.7083190609990795
491,2.5504888951223696
492,2.3480395616075453
493,2.3813452404182978
494,2.3465524716901376
495,2.206689102703859
496,2.1711350738763966
497,1.947790087157337
498,2.1145018199410837
499,2.067670856179735
500,1.8911117845067031
501,1.7528867068258536
502,1.6504889097875457
503,1.644892578773762
504,1.6937113336768068
505,1.6215742084915261
506,1.6474798832365802
507,1.66528692262468
508,1.551906179778989
509,1.6676614927773215
510,1.6449303919730207
511,1.6503021004100664
512,1.505888828140051
513,1.6190869659219191
514,1.4714642506392441
515,1.3785096614273875
516,1.3431626636611051
517,1.3708339370771503
518,1.1883603137561685
519,1.1408254640051285
520,1.0948640585068936
521,1.1336454824664932
522,1.0783302540441906
523,0.9730878795098582
524,1.0077964874812912
525,1.2161117116237687
526,1.0973985904418055
527,1.0366180535128888
528,0.9748986383749313
529,1.0548420813020207
530,0.9799116486581354
531,1.0048685591479205
532,0.9425048343870058
533,1.0351874896097093
534,1.170554876311342
535,1.3140830218346236
536,1.4948287393446584
537,1.709286584558782
538,1.7278044151033636
539,1.9695747006444209
540,2.4105372166979766
541,2.3504111523706634
542,3.065565740456724
543,3.385521361135166
544,3.8268490922957983
545,4.397627942834144
546,4.338694601660498
547,5.039897288359184
548,4.223273692527821
549,4.098479511681066
550,3.8655144902096032
551,4.018207510044793
552,4.460107540598425
553,4.503666902820974
554,4.549376969147428
555,3.9340355418683033
556,4.415649461043845
557,4.529184559150777
558,4.590420516415497
559,4.4958399731443235
560,3.835266042381523
561,3.7359191609697233
562,3.995180004268559
563,3.7532548284766354
564,3.6983942257439786
565,3.743134345264707
566,3.6879687395532206
567,3.684812794107747
568,3.695233574269072
569,3.7000711164267424
570,3.9661198567492484
571,3.929477723538701
572,4.442950800787295
573,3.9283998724452807
574,3.7244961185936654
575,3.8476233918838108
576,3.9566937126783426
577,3.7454814413629753
578,4.600355234630994
579,4.671095552927619
580,4.680541529535503
581,4.66389075018556
582,4.9598681278242465
583,4.988846344509688
584,4.289122970389939
585,4.686594352773241
586,4.73031970015125
587,5.447342481850381
588,5.735245242117032
589,6.057334834471252
590,5.854146763618231
591,6.198842980077672
592,5.837974951226114
593,5.69109589860145
594,4.801526320546735
595,4.663332568684887
596,4.019836984449026
597,3.79144477596984
598,3.8658659190214273
599,3.7458922697286443
600,3.6957710359059797
601,3.6544298500634382
602,3.586227032858318
603,3.4897925438846693
604,3.473050750082677
605,3.5272660804329647
606,3.467082205987373
607,3.079528362426864
608,3.133984402282089
609,2.7403118818661922
610,2.9251047059775517
611,3.310287420943756
612,2.825249149973596
613,2.8074640066438383
614,2.5329410074058845
615,2.782332290111185
616,2.7352751685933856
617,2.74688636328979
618,2.5955897206571064
619,2.5700612871935635
620,2.468438605613159
621,2.4044068193895747
622,2.3418921345137442
623,2.3740327277404947
624,2.226453087778551
625,2.22875514761984
626,2.0637741845167157
627,2.323687090252137
628,2.372757297009479
629,2.3241317954756693
630,2.186881798070389
631,2.1857092282107704
632,2.31732622296957
633,2.159785041256426
634,2.1517724344998546
635,2.0982888726891433
636,2.1426812940541176
637,2.1899484447451583
638,2.490415963222025
639,2.262354664590464
640,2.2428646242468884
641,2.072296484656919
642,2.0988295676138606
643,2.0658290367539918
644,2.111031188630905
645,2.161689476687058
646,2.1668688309371134
647,2.1299560061122067
648,2.0147350384993215
649,1.9420892708383637
650,1.7746432454933327
651,1.744979304288476
652,1.7842474422860362
653,1.6335678709762331
654,1.6245616813968067
655,1.5346993408802672
656,1.4673709526507293
657,1.4905947825911057
658,1.5193487523999225
659,1.4780730087113052
660,1.5238954134749723
661,1.766204937802049
662,1.8932288807655966
663,1.9702653561356975
664,1.8789104683156448
665,1.881966839223016
666,1.736856695533035
667,1.8870137169791037
668,2.2108790947355366
669,2.2268424056623513
670,2.1840010285280225
671,2.479561074815767
672,2.4010762586653214
673,2.4981080356808016
674,2.608000181674517
675,3.031687486735574
676,2.7703944309347848
677,3.231413488514121
678,2.995095632958065
679,3.2028543304893144
680,3.576521487149104
681,3.480129699232924
682,4.093389443876819
683,3.9990954659083853
684,3.9825536183546024
685,4.2380839672030035
686,4.098922576390391
687,4.180254167334338
688,4.838153879633242
689,4.8018775095540125
690,5.196651861758477
691,5.199339280914591
692,5.269469362648139
693,5.04720396133931
694,4.123807020678685
695,4.61746211608145
696,3.944365735768564
697,3.9880448554198016
698,3.522154446120697
699,2.936563855084831
700,3.3927887004794726
701,2.6953670232796743
702,3.0306277514379674
703,2.8975837609989807
704,2.80464312572246
705,2.6665569322506384
706,2.693025932440753
707,2.495146228821745
708,2.620859591129941
709,2.470983666990405
710,2.4546645924297934
711,2.4214660543527824
712,2.294986396048376
713,2.1804528540158223
714,2.23976852508343
715,2.2101187676957608
716,2.3125179319521934
717,2.42396552927347
718,2.308457222581152
719,2.3610628292946534
720,2.2954604265114824
721,2.3500400877880723
722,2.269892588553979
723,2.4194758810545305
724,2.297484153416565
725,2.3519597311354863
726,2.818231490621952
727,2.6557881348013135
728,2.900239624729687
729,2.638232862534959
730,2.6687403701185577
731,2.3830098079066713
732,2.64890135932774
733,2.6226688152565254
734,2.28740966721254
735,2.1874502808188723
736,2.208897674330169
737,2.447448647942558
738,2.132012244314361
739,2.4264441321482058
740,2.646526596847189
741,3.145160745228652
742,2.704871068407547
743,2.715973930872877
744,3.148942479815703
745,3.700686034814225
746,3.8588725426022816
747,3.6240268375024596
748,3.54164139286479
749,3.5080847444609415
750,3.7102607010544544
751,3.68882317183075
752,3.903094656664031
753,4.029661371863016
754,4.061126273645408
755,3.823178765264605
756,3.6616679682934166
757,3.128519032116479
758,3.073440760002984
759,2.8764139535044833
760,2.892234947206927
761,2.6973767658596053
762,2.9564953100554616
763,2.400794603331242
764,2.517849141455559
765,2.3978202997126212
766,2.389036970432716
767,2.321629205051482
768,2.369605965524955
769,2.14378922721258
770,2.130533853898207
771,2.3572975757656107
772,2.2634848189148364
773,2.1714096343062765
774,2.117604094521333
775,1.9901586610812005
776,2.042933919367806
777,2.049303855405287
778,2.0578300035837787
779,2.2405229947567613
780,1.9950707001707144
781,1.9655396979564044
782,1.8706424604880596
783,1.8142327571481431
784,1.8384255610530058
785,1.6393664198222155
786,1.728154536160859
787,1.8118532913375525
788,1.6009939462763663
789,1.4118705595567265
790,1.297127030894822
791,1.377534228243685
792,1.3499881362996302
793,1.2751639658709182
794,1.2425983676821872
795,1.4091820852873924
796,1.2586351937752562
797,1.229813461039951
798,1.232202599237498
799,1.2922398269294924
800,1.1149798289549901
801,1.0897951879942043
802,1.199557366034512
803,1.093787526307035
804,1.1330836976488392
805,1.2589732217753618
806,1.247876648307737
807,1.2155541554073066
808,1.2340997329593735
809,1.1289323534535152
810,1.1917393992051384
811,1.2303399562229305
812,1.321538726186264
813,1.6777068032878706
814,1.7178138058609511
815,1.9820587328462624
816,1.9063276705152195
817,1.821337055805195
818,1.6621648248493517
819,1.6105331648823116
820,1.4701317832556309
821,1.6070355673825711
822,1.439506251817326
823,1.3618364269470735
824,1.3407216600552088
825,1.3119157068672695
826,1.310752988295954
827,1.2906121340287948
828,1.3619945640608067
829,1.3998017410689967
830,1.2470283629034553
831,1.1316580753536947
832,1.1507900407625054
833,1.0114600037652302
834,0.9856714229713002
835,0.9581361307699776
836,1.0264006622476998
837,0.9947543245129318
838,1.0275640639819454
839,0.9307933876799529
840,0.9385589079219416
841,0.8950048106378787
842,0.9201487250924171
843,0.8938418434490127
844,0.9162864978015728
845,0.8611921056802582
846,0.9407817547427509
847,1.093504999840007
848,0.9861117576246349
849,1.014469638893302
850,0.9344840186307832
851,0.8672873526755948
852,0.8267783094884215
853,0.7268022159959923
854,0.7015023305115414
855,0.7226041380927083
856,0.7821485833663752
857,0.9229158238846139
858,1.0732844152203105
859,1.0315757222733384
860,1.094780193626057
861,1.1881935064403013
862,1.1896474426813959
863,1.2463623171603222
864,1.483776714450281
865,1.5684637014145317
866,1.7484424408658328
867,2.063978102216095
868,2.2544315268304205
869,2.419994737716376
870,2.8423028975560416
871,3.3932125170041494
872,4.258351664092904
873,4.238872188969521
874,5.145377491013013
875,5.515197139023619
876,6.017408100364366
877,6.055670600749133
878,7.2368689396763815
879,7.120362047445805
880,7.197803567913641
881,4.739934321148515
882,5.1653111473355375
883,4.451953693788839
884,4.3788552452978635
885,4.0494059530265645
886,3.8840207787549486
887,4.485961232768576
888,4.492991077648826
889,4.2701828937112545
890,4.248181695462734
891,4.286433705681719
892,4.862627358660416
893,4.585151815383812
894,4.945088066659536
895,5.014275390010294
896,5.109269678634101
897,5.186189349852316
898,5.502595855019214
899,5.5204891972630765
900,5.015288628938026
901,4.838820965346746
902,4.980569257370854
903,4.94512570830566
904,5.001564429137491
905,3.8686109283637644
906,4.584605631114327
907,4.064694799994481
908,3.984107063513497
909,3.821932105845239
910,4.630505328594981
911,4.710204682961292
912,4.740331774804586
913,4.938571860694844
914,4.958491228644566
915,4.769124694988795
916,4.630757103780931
917,4.833313932199415
918,3.9997132302544496
919,4.91040093476371
920,4.545200758229723
921,3.7339759183036527
922,3.8098997808688964
923,3.7313690167336526
924,3.9258905387413825
925,3.7292307194837404
926,3.9252627908900677
927,4.404365362537733
928,3.9025409708910725
929,4.015932955678317
930,3.8647242790179757
931,3.5213115934450845
932,3.2036678025960477
933,3.3683518218079667
934,3.106160324915419
935,3.3537513612757657
936,3.5165083117852505
937,3.6704272315725675
938,3.7489945463836545
939,3.6700446548239936
940,4.133284906849892
941,3.689121907448194
942,3.6425057687504605
943,3.5455712838225093
944,3.3707755626213123
945,3.198916044665162
946,3.488861831656095
947,3.128890629633824
948,2.9250065151660234
949,2.971157862611113
950,2.8265586427668
951,2.5102952137967676
952,2.8578054981512833
953,2.6377865246009775
954,2.546219355299421
955,2.582191795407217
956,2.6151972659667235
957,2.5643981133888154
958,2.803717078331402
959,2.878286834278874
960,2.6775971404368297
961,2.388520254737651
962,2.5462400548178525
963,2.3696590567831777
964,2.2949341746077456
965,2.2193438795403835
966,2.2166732731957524
967,2.293580737287869
968,2.1482447228872523
969,1.8282411176957332
970,1.8319098745512201
971,1.802039910566504
972,1.6771893390907735
973,1.7038011221919869
974,1.7446281693212844
975,1.701687252315517
976,1.6564094371093887
977,1.588896024320007
978,1.4141510091291667
979,1.5025138491171925
980,1.4787672014749198
981,1.4855106588946967
982,1.4042561200491124
983,1.4655804329924897
984,1.3792227456336004
985,1.384934904260461
986,1.275534392755696
987,1.2224895707348404
988,1.1900119332724255
989,1.2099250375937154
990,1.2036692809725695
991,1.2080911320394512
992,1.191649934366191
993,1.1222711479781327
994,1.0648472201280075
995,1.0875852582671763
996,1.034366159992603
997,1.0368165325533294
998,1.0590760913232082
999,0.9709738340175086
1000,0.9357843697273518
1001,1.0514899675828837
1002,1.09126535884512
1003,1.2565733113543125
1004,1.200070885777602
1005,1.2266366292522388
1006,1.3276187995390993
1007,1.3473414378464326
1008,1.7528085701505391
1009,1.5168794373046686
1010,1.474808735921643
1011,1.342421918273164
1012,1.358902818324129
1013,1.2047242985142808
1014,1.2140845466621228
1015,1.2462134259231654
1016,1.1545480951023481
1017,1.1014076933716104
1018,1.1558589352160078
1019,1.2073654570453027
1020,1.1773615066543248
1021,1.2330704468304947
1022,1.1591987700732727
1023,1.3210324425707887
1024,1.1808331144490556
1025,1.3687897652148575
1026,1.2932495055794384
1027,1.2434447568064602
1028,1.2381570092025573
1029,1.3845515843753737
1030,1.4972508513093366
1031,1.4425849454389224
1032,1.6225083831747404
1033,1.7667444730424982
1034,1.6263296351740857
1035,1.8022352084995323
1036,1.814750791595714
1037,1.7820893079137674
1038,1.8002906079530265
1039,2.057964015909759
1040,2.156462676794353
1041,2.169351825158153
1042,2.216830765474021
1043,2.185762247653143
1044,2.17207093620343
1045,2.372260924133424
1046,2.249211194240454
1047,2.627681890076067
1048,2.7734953795817177
1049,2.7379341450474772
1050,2.5825033182928636
1051,2.3235244717948316
1052,2.415619873048508
1053,2.204658331940043
1054,2.2038978561477416
1055,2.248942763062783
1056,2.3477385863002374
1057,2.446259780696923
1058,2.4159889113847846
1059,2.251736998320529
1060,2.223362077668998
1061,2.0247998968808956
1062,1.9569264882091832
1063,2.094273494653666
1064,1.99944369433927
1065,1.9486456241120709
1066,2.041531906533432
1067,1.779749734810659
1068,1.8022026195065999
1069,2.0915910552880264
1070,2.099251870411893
1071,2.148590260762323
1072,2.1905006562554497
1073,2.308046359802423
1074,2.3879244180466745
1075,2.3858130768438084
1076,2.346653665455749
1077,2.207199708594653
1078,1.9664516729996568
1079,1.7989145922931182
1080,1.7815166405429637
1081,1.8351803253991223
1082,1.9887558031713075
1083,2.1332444681121325
1084,1.9243873009259638
1085,1.9943999193170376
1086,1.883951991289965
1087,2.0500044370037442
1088,1.9301741838862172
1089,2.317693189308736
1090,2.3052714784744746
1091,2.6423210621449678
1092,2.3165073174845277
1093,2.271495048102468
1094,2.2707546069305864
1095,2.0722192736721055
1096,2.505862291417678
1097,2.2183341679489788
1098,2.3832349987688484
1099,2.19363831840738
1100,2.3955789875893747
1101,2.603167523603813
1102,2.6386200514534743
1103,3.0557446526172876
1104,2.666824466999538
1105,2.883957441162799
1106,3.01435103354403
1107,2.6107196123688086
1108,2.3623060034700005
1109,2.998796680958181
1110,3.041770265013135
1111,3.0892967475245383
1112,3.103278409370026
1113,3.5327443514459214
1114,3.575549083072194
1115,3.6629221314465834
1116,3.7000499041333224
1117,3.1100144959406903
1118,3.431316515490716
1119,3.0173702780495684
1120,2.7466722863783932
1121,2.715843926746465
1122,2.551556749738553
1123,2.6292479062423255
1124,2.610895329784156
1125,2.51186701501901
1126,2.8819847261895952
1127,2.8561533279475384
1128,2.8563136572295607
1129,2.8933609324631457
1130,2.8822393802570185
1131,2.826514794113996
1132,2.77540148208488
1133,2.5959569801090123
1134,2.1924520915607126
1135,2.2691802470910085
1136,2.2110349653320998
1137,2.2549206143015503
1138,2.4463407869997433
1139,2.4779932598495247
1140,2.425365812145664
1141,2.4482557796949056
1142,2.408658921983512
1143,2.351476309973905
1144,2.431452542571408
1145,2.193646037795023
1146,2.182724016767175
1147,2.2618064090190817
1148,2.1668433287960847
1149,2.036564794049958
1150,2.174189327606068
1151,2.2334813688674253
1152,2.00069639857636
1153,2.165299029413914
1154,2.1837654342819994
1155,2.024059118168771
1156,2.0146005898830217
1157,2.1381557122327517
1158,2.237995670400151
1159,2.0816415311831795
1160,2.132261385328061
1161,2.2286350413144818
1162,2.195145536446703
1163,2.455680236070312
1164,2.517006385921392
1165,2.808297474591126
1166,3.17364644715869
1167,3.5353165616051854
1168,3.499100384459564
1169,3.0520686782288053
1170,3.1505859533551916
1171,4.11293378938007
1172,4.3699136912387635
1173,5.019014371890932
1174,5.497459997907887
1175,5.808778262062461
1176,5.658588985236465
1177,5.628096004680578
1178,5.845096726525104
1179,5.67732377895199
1180,7.117198329199886
1181,5.2918674449489815
1182,5.930812897172199
1183,5.803385336843824
1184,5.340482484147047
1185,5.242736232437597
1186,5.276241490847619
1187,5.314666258088175
1188,5.538044731998915
1189,5.570208811305852
1190,5.032971163131756
1191,5.5986590853045755
1192,5.275231081245693
1193,6.0979757874883305
1194,5.829797200357448
1195,5.251638981268047
1196,5.367006639679889
1197,4.900649072038785
1198,5.091873868545108
1199,5.910755494260543
1200,5.797732252089179
1201,6.1218042383586155
1202,5.829372163834353
1203,5.442746977559224
1204,4.957905006312628
1205,4.637085088077296
1206,3.9767400014991705
1207,4.5894797940836085
1208,4.6010931244127145
1209,3.954726038019041
1210,4.570301080364674
1211,3.9378513296798534
1212,3.3038871801773153
1213,3.2858898347979273
1214,3.4730457634457834
1215,3.2508853951668013
1216,2.83254780414801
1217,3.3462730164398398
1218,2.914867105192355
1219,3.3697890744831027
1220,3.697929101098583
1221,3.3652812568089248
1222,3.3632621653109926
1223,3.3857277242618444
1224,3.5804512007887954
1225,3.4208393403186483
1226,3.144133116268573
1227,2.9983665685656846
1228,2.939414141799151
1229,3.379203266057711
1230,3.0455057599099637
1231,3.0783836858423927
1232,3.0516269839035917
1233,3.1192736595659034
1234,2.9502675742204216
1235,2.9252167731913206
1236,2.8833449444845267
1237,2.879149251211824
1238,2.1356011930091148
1239,2.6378990564675977
1240,2.994006593740448
1241,3.1874030298502904
1242,3.1351120700422626
1243,3.1886074107120694
1244,2.9278899454946705
1245,3.2312710711647386
1246,3.331423955708458
1247,2.9635824988040405
1248,3.0637058173961202
1249,3.028443826346138
1250,3.2749289637754186
1251,3.371905731876189
1252,2.8055256611846064
1253,2.8812897291960056
1254,2.8166137216562093
1255,2.927536596718353
1256,2.9138585755258988
1257,2.6303467300857015
1258,2.9007340571595126
1259,2.586812628771135
1260,2.620569386722852
1261,2.568924817316768
1262,2.770946164219378
1263,2.6063053701975853
1264,2.58746759158497
1265,2.387084935978833
1266,2.3634808324809704
1267,2.22692819828345
1268,2.1487563232401703
1269,2.1803081270446576
1270,2.0047154882196145
1271,2.355498871717485
1272,2.742693366379136
1273,3.083386368527068
1274,2.9799566335464447
1275,3.0664781899532847
1276,2.8144044078136017
1277,2.5501943751866287
1278,3.0956577207216887
1279,2.9441579448066597
1280,3.061161554793738
1281,3.1038386755362755
1282,3.6686341731512306
1283,3.9357150773226177
1284,4.245882990584297
1285,4.26513621179492
1286,4.468166959843617
1287,4.303432171067848
1288,4.328382877053426
1289,4.565710654188109
1290,4.6186131209935315
1291,4.498706504391289
1292,4.555323081119079
1293,4.738949757055838
1294,4.540539078176345
1295,4.649965719918476
1296,4.184546010547277
1297,3.552715057747004
1298,3.3528119568608155
1299,2.940842223728393
1300,2.8987154586187813
1301,2.629612189755877
1302,2.669149559721829
1303,2.370349154600981
1304,2.1285497021056723
1305,2.0039066737937192
1306,2.467938253170615
1307,2.382394512485055
1308,2.371468346649991
1309,2.3441529435178676
1310,2.3295113045436406
1311,2.3686652455451154
1312,2.347812069321505
1313,2.275666667055172
1314,2.071286191327904
1315,1.91556551594608
1316,1.803648297877871
1317,2.0012233561776607
1318,2.0743062189470822
1319,2.7674589470067805
1320,2.635912882937242
1321,2.7460303862077198
1322,2.300366835407619
1323,2.677990615416279
1324,2.628427329439942
1325,3.0990919727047515
1326,2.9917690518984377
1327,3.0424834419547775
1328,2.7809087007311595
1329,2.6229008940934957
1330,2.5417238284451593
1331,2.3951940885616185
1332,2.070154624813467
1333,2.1363571907132344
1334,1.8729640644014156
1335,2.0411169309592743
1336,1.9749263919054156
1337,2.189960212877644
1338,2.6494831858540273
1339,2.5933791591037507
1340,2.6345484810081725
1341,2.947321529163968
1342,2.9509450699317488
1343,3.1644275547943024
1344,3.371954507637346
1345,3.7203812657281725
1346,3.4765086773707963
1347,3.42687535548555
1348,3.646415418719477
1349,3.637272996550577
1350,3.791005044914554
1351,4.019334096303039
1352,4.7417405219955455
1353,4.44742378836505
1354,4.66342485263666
1355,5.249787697510331
1356,5.130981024344875
1357,7.093805374951633
1358,5.821135209049482
1359,7.0229345968158166
1360,7.2368689396763815
1361,7.040606356707972
1362,6.9932389799327
1363,7.103157377116134
1364,6.6846234063528405
1365,7.322975781456156
1366,5.85041759151241
1367,7.213199531268721
1368,6.785999983163379
1369,5.895521787353058
1370,5.895521787353058
1371,5.627707492124479
1372,5.897372153653424
1373,5.632702791269779
1374,5.07922343591064
1375,4.976543595907364
1376,4.768180341493289
1377,4.65450813658288
1378,4.957993753747847
1379,4.747444435038236
1380,5.013068744815626
1381,5.216692412185194
1382,4.714170912541679
1383,4.69202135652981
1384,4.5683737169599175
1385,4.603257920238215
1386,4.453447371481229
1387,3.946069062675212
1388,3.7356260436544355
1389,4.4668610183174815
1390,3.9155310541736608
1391,4.4002726957132365
1392,4.594741578192573
1393,3.83057045265082
1394,4.367271610920198
1395,3.849721695401624
1396,3.70459864363946
1397,3.6964658294909847
1398,3.4853968249342477
1399,3.4691494031891
1400,3.550282186101162
1401,3.0736389523798744
1402,3.2948971972983694
1403,3.4086565591587847
1404,3.406880702931215
1405,3.5484594375097815
1406,3.0548243037737466
1407,3.2309883156392405
1408,3.119441094552717
1409,2.924104599703826
1410,2.865196603067539
1411,2.7419333785886573
1412,2.8657582702046605
1413,2.645615397653478
1414,2.6844779727142685
1415,2.777465510463798
1416,2.754544533183371
1417,2.3697888403429714
1418,2.7754547192707952
1419,2.316942806035725
1420,2.4618430866961103
1421,2.147711171375812
1422,2.284221437609518
1423,2.1260504276568075
1424,2.1501699352156622
1425,2.1343411964671892
1426,2.089660878341708
1427,1.761416405030414
1428,1.744610767291453
1429,1.7373598033695619
1430,1.9935313147163842
1431,1.7585480679817567
1432,2.0834685489726104
1433,1.7502785138541308
1434,1.6973206837234596
1435,1.763676747257735
1436,2.131082874072936
1437,1.8649691555486891
1438,2.188488802995285
1439,1.889064811918816
1440,2.2300870373758697
1441,2.436298131536397
1442,2.4646916439150064
1443,2.5498170379805054
1444,2.4962766623882775
1445,2.6611321951179447
1446,2.562913321194293
1447,2.8923943934721965
1448,2.624494572586109
1449,2.451266420407668
1450,2.4617368981462806
1451,2.3586453096261883
1452,2.471910257685871
1453,2.2820282786771195
1454,2.2311171173128233
1455,1.9982597568998437
1456,1.9075679224862931
1457,2.0869200068233877
1458,1.8711105299355981
1459,1.8032985199239904
1460,1.9481194650514848
1461,2.13225943035574
1462,2.017880390603377
1463,1.729738964474783
1464,1.8934769207342976
1465,1.9263768294847758
1466,1.9265802033887585
1467,1.8904999250877672
1468,2.1246245619181083
1469,2.1392312696261024
1470,1.925927504037544
1471,1.983311295901993
1472,1.7573683063116314
1473,1.769960159923242
1474,1.75154630874754
1475,1.736200119291439
1476,1.5725442949239394
1477,1.5411148726260664
1478,1.6442047843618148
1479,1.7688820367821645
1480,1.5733369846452567
1481,1.5225101420389657
1482,1.5281958559535551
1483,1.3168592674718862
1484,1.3359142512340292
1485,1.321561783789681
1486,1.2684653707120497
1487,1.3909586990693839
1488,1.2685535051197634
1489,1.0892380902142658
1490,1.1875944664833302
1491,1.224258820360568
1492,1.2453686381849878
1493,1.2853634543942998
1494,1.6119426886989547
1495,2.0167267055481286
1496,2.2906505260172754
1497,1.7856992811359036
1498,2.1897600739271836
1499,3.2854696775128875
1500,3.4333709347960295
1501,3.679497190621346
1502,3.718345117766787
1503,3.8977697060782166
1504,3.716019937008131
1505,3.7940093000470525
1506,4.19315113662307
1507,4.384335204424565
1508,4.682325885686818
1509,5.090044884932868
1510,4.8795697968218334
1511,4.635243017518051
1512,4.641701310368604
1513,4.66566700650433
1514,5.08970582299824
1515,4.964217730160578
1516,5.447637194853333
1517,5.545662206106773
1518,5.497855013662041
1519,5.287720272950972
1520,4.83429892831241
1521,5.662302088832369
1522,5.020572087984102
1523,5.250964699918054
1524,4.82567622143175
1525,4.900551035102486
1526,4.788659015213301
1527,4.766945088896225
1528,4.797243626089596
1529,5.020447986672613
1530,4.068884481000743
1531,3.8726602497056453
1532,3.6119366422780272
1533,3.7455762844325524
1534,3.504390381635596
1535,3.5176609162227828
1536,3.164083863715847
1537,2.853902047294462
1538,2.838429063131408
1539,2.945783126231995
1540,3.0135224667535856
1541,2.588845948638958
1542,3.0315309034535285
1543,2.548406443646737
1544,2.4135739217978673
1545,2.4527305872963727
1546,2.2920793279085756
1547,2.1524166063596897
1548,2.3025106734517586
1549,2.0856179930917564
1550,1.9363696989312498
1551,1.8759316936420338
1552,1.8289010598225741
1553,1.825602553868882
1554,1.5204507367785336
1555,1.7351676022020195
1556,1.5980501643831473
1557,1.6588922948781792
1558,1.8066429776392354
1559,1.6379651674881244
1560,1.7693716322951802
1561,2.092483245270567
1562,1.976547108004092
1563,1.9746785615832605
1564,1.7632276584645576
1565,1.7385632714224892
1566,1.728452230970539
1567,1.7906773084155856
1568,1.8400491247848159
1569,2.0140146009794266
1570,1.9312230554925633
1571,2.023909427592298
1572,2.049088724900755
1573,2.041442046141399
1574,1.844807136697561
1575,2.0205170324518993
1576,1.690983066159989
1577,1.7805823966108885
1578,1.7573107583133456
1579,1.9383167735704545
1580,1.7482515791640232
1581,1.7067887882469068
1582,1.8061106729710095
1583,1.665197267217702
1584,1.7236644774218959
1585,1.662505287234306
1586,1.516985033435122
1587,1.551070204552181
1588,1.408811120451875
1589,1.3620667426583057
1590,1.6741857089027854
1591,1.7377235811636569
1592,2.0482289623583947
1593,2.1398325624822925
1594,2.2722378705286235
1595,2.3245264922214393
1596,2.369947443617
1597,2.8214684607898746
1598,2.6732912193541796
1599,2.8032284913813506
1600,3.3210250260390484
1601,3.405191304328684
1602,3.6966762291917816
1603,3.645847434541756
1604,3.5131912137008396
1605,3.769208420002847
1606,3.808422548835665
1607,3.4097940111632092
1608,3.093158057245529
1609,3.120789307978464
1610,3.0553571084860707
1611,3.036358967943387
1612,3.5270703446001184
1613,3.5605718596140257
1614,3.4460497411139133
1615,3.0071954940838235
1616,2.9448057946964967
1617,3.02046909898118
1618,3.5525829791727346
1619,3.6997291560584205
1620,3.9933523527413057
1621,5.135293469803912
1622,5.094649696222832
1623,4.436829923648277
1624,3.990635703755591
1625,3.9808635853450234
1626,3.6828035540308552
1627,3.488901115106874
1628,3.632865570248215
1629,3.7908742510662172
1630,3.353757071317871
1631,3.674939727379319
1632,3.4628418745483316
1633,3.5330094220503416
1634,3.4896109986876187
1635,2.9523457774987514
1636,2.848058518407473
1637,2.7988345960939895
1638,2.8344029475328356
1639,2.6335603627263064
1640,2.4163490454167644
1641,2.5236376627394876
1642,2.580561707408183
1643,2.844848691877628
1644,2.8108379270891453
1645,2.7567644366988926
1646,2.8424650576354704
1647,2.667570751432924
1648,2.5967657092989263
1649,2.5732944390218147
1650,2.986518758808841
1651,3.0070267114626397
1652,3.48230313215682
1653,3.4647364231077917
1654,2.2569741289928413
1655,2.3415586160908415
1656,2.21917674838071
1657,2.256719427795774
1658,1.9656443157752048
1659,1.9912392744184255
1660,2.2651776429600567
1661,2.292666574898216
1662,2.290882399820783
1663,2.034997886709015
1664,2.116898577599658
1665,2.1305072830703
1666,2.058998743015491
1667,2.0552033546914856
1668,2.0369797257634628
1669,1.7585989985317778
1670,1.7503474520879463
1671,1.7242246014299734
1672,1.8968831399410249
1673,1.7611377325990873
1674,1.9993705661813979
1675,1.96252334402086
1676,1.7431541578041065
1677,1.7609791379967976
1678,1.7207324415419583
1679,1.7207523397852036
1680,1.7433995923007242
1681,1.5908976026970731
1682,1.7197271437128472
1683,1.8237381529444732
1684,1.7545578290802313
1685,1.706876672532264
1686,1.5247001348982538
1687,1.4997661153847979
1688,1.5057003859840123
1689,1.5308127878263582
1690,1.335016547124259
1691,1.465665227496668
1692,2.1487444395349695
1693,2.2088812847046815
1694,2.1744229349507767
1695,2.2882652539950277
1696,2.808802122398703
1697,2.9388308655972
1698,2.682814728742753
1699,2.6467610717622674
1700,2.618305699468702
1701,2.27996930781812
1702,2.0804609550958495
1703,2.3351078263230436
1704,2.323515999004083
1705,2.315443244485599
1706,2.2409427670027866
1707,1.9897922943984905
1708,1.8055361047143546
1709,1.7050258003276344
1710,1.4678005852611526
1711,1.8602974530492276
1712,1.657002382700732
1713,1.965931495008307
1714,2.0813961304934128
1715,2.1795100130714546
1716,2.193567541110573
1717,2.7170774404742506
1718,2.7659435643347967
1719,2.747675266215686
1720,3.120086684708979
1721,3.2266213943575606
1722,3.201140330789074
1723,3.1784265174840636
1724,3.7009476924791613
1725,4.18129552971404
1726,4.059374239924834
1727,4.110752509812384
1728,4.967940943385256
1729,4.970983482405381
1730,5.072895285433247
1731,5.629030623749255
1732,5.335795706951924
1733,4.911654787312517
1734,4.568553857500176
1735,4.547055250026844
1736,4.593659751028571
1737,4.62346034256588
1738,4.478289602820812
1739,4.929408832121012
1740,4.606655094147559
1741,4.6692910370808605
