,0
0,2.4244990911324775
1,2.3581262711668773
2,2.2009175767084606
3,2.3382936552127456
4,2.0082758781256036
5,2.188216747332488
6,1.9198571451710376
7,1.7994360265995992
8,1.5099710843854437
9,1.3451673605444612
10,1.3493532631817282
11,1.2471023824031084
12,1.3010075378314587
13,1.24315443961789
14,1.2928760590606267
15,1.2309445443512206
16,1.2816328787485598
17,1.3724331001813417
18,1.5065419157853965
19,1.6862866968633594
20,1.6782319401625736
21,1.606856708910012
22,1.783999565212881
23,1.7327127875782904
24,1.7237675224384057
25,1.7109300904935414
26,1.7442423739313748
27,1.8762402850520212
28,1.9733347315586431
29,2.0017975174708136
30,1.9534026821247772
31,1.8817883443812193
32,2.018667547254373
33,2.028465312472109
34,1.9170094071194108
35,1.9149037214382196
36,1.8581662611380132
37,1.8276533673846627
38,1.5005812226768989
39,1.6063379169190777
40,1.4298695413571711
41,1.4801853086708239
42,1.3824266417316176
43,1.4825198262881827
44,1.3172072158640395
45,1.2411228115202755
46,1.2543098908844303
47,1.1846481129227413
48,1.2310149382969378
49,1.1895161889255113
50,1.16948937247818
51,1.1929805468340424
52,1.1583069156843537
53,1.1437329063798973
54,1.1494002913582
55,1.1261260098610442
56,1.1271665873616281
57,1.1087946686574015
58,1.1441013380734582
59,1.256730660734064
60,1.2423529857940037
61,1.3287708304217345
62,1.5742243089488819
63,1.509318667234007
64,1.5885346712876083
65,1.7157798280416303
66,1.9245550549423216
67,2.041444881700761
68,2.1932838314474745
69,2.401024818439147
70,2.8347187665322013
71,2.380553418279364
72,2.542123050244421
73,3.0512528368689242
74,3.0178664755336615
75,3.070395557210069
76,3.300411356593834
77,3.3014150258747272
78,4.213338445732459
79,4.147608626812959
80,4.069326951605829
81,5.37011910223005
82,5.37011910223005
83,5.37011910223005
84,5.176664753504039
85,4.877716171386241
86,5.1071113070418575
87,3.7439297540510785
88,3.786505338435478
89,4.691260424525152
90,3.53822552901319
91,3.5239633213282566
92,4.03552324391615
93,3.6930065216730634
94,3.989896090763341
95,3.641836512174177
96,3.6883486932557292
97,3.9505188759377194
98,3.6433827034297956
99,3.7361409579891833
100,4.178479552128949
101,4.417855072174348
102,4.495508357557628
103,4.517914426661523
104,4.576250422611724
105,4.588368773945201
106,4.841726267486324
107,4.9352900613637765
108,4.890523812556396
109,5.059717825724103
110,5.148856011332603
111,5.152266394354063
112,5.177927993284005
113,4.9667230330678835
114,5.058581332655602
115,3.5578540793562916
116,4.899690314742557
117,4.396775204254361
118,3.5619491424883334
119,3.2427369025538693
120,3.2213194856414797
121,2.6272210424700764
122,3.204236844275094
123,3.1810641189217836
124,3.175919670689696
125,3.138784848156388
126,3.118515711821206
127,3.2173711556485225
128,2.863814435099669
129,3.2053296769535486
130,3.2783846401990617
131,3.3113310725720333
132,3.3653224104250006
133,2.7115700709818555
134,2.693899371384827
135,3.2931403490247453
136,3.302478821648698
137,2.815064964685669
138,3.2675407390549824
139,3.276548051412774
140,3.2708061410818203
141,3.270855315626038
142,3.3068943420477774
143,3.277522004152266
144,3.3537509701385613
145,3.344058597754255
146,2.845886929867725
147,2.8341486107916234
148,2.8119162719706567
149,2.313189442664863
150,2.484919952903255
151,2.7752588303750865
152,2.694494403122743
153,2.244999106664852
154,2.202401766679401
155,2.121180517002388
156,2.0156412642207404
157,2.016565707402256
158,1.6717980438548088
159,1.6424480188150867
160,1.5387302423218712
161,1.468076428581977
162,1.557296588348629
163,1.5280021033702698
164,1.5289425021997796
165,1.4093528846721268
166,1.3758332044605641
167,1.2427222656500425
168,1.2937821345563647
169,1.189514257050276
170,1.1960619753070825
171,1.1692518269884704
172,1.1636203517779224
173,1.2109589246698678
174,1.2072228596338077
175,1.46768581256494
176,1.6747532027208605
177,1.6718220662979038
178,1.6943138166189124
179,1.6122518994026718
180,1.7482901981237944
181,1.6617617884821267
182,1.8702796553497418
183,1.7103385925485273
184,1.7668371303290054
185,2.211533479218122
186,2.0258183151161
187,2.075468102921585
188,1.9425004775685641
189,1.992155621841933
190,1.9229818349304637
191,2.061036043003842
192,2.0528525593737363
193,2.0348840901940046
194,1.9805667041026453
195,1.9547551694655982
196,1.8942789815576373
197,1.633331332432315
198,1.8269321222892068
199,1.9227980416506727
200,1.9768307023316212
201,1.6284957012832966
202,1.8798770744075062
203,2.0814479311460263
204,2.2739389747609686
205,2.2771338644153087
206,2.5422901282739208
207,2.6057923868193757
208,2.4995518802166194
209,2.5055935068720987
210,2.6520273511325385
211,2.2785542463210877
212,2.417196582154943
213,2.4387520547271033
214,2.696634393654521
215,2.670753078424949
216,2.4205363620669162
217,2.6264750282785143
218,2.638158792986425
219,2.587860377068799
220,2.7455380404320238
221,2.6980605680446854
222,2.543518978634136
223,2.2683783603068246
224,2.0716202663648575
225,2.0726430405503207
226,2.2488838427209057
227,2.1178192501921473
228,2.332513600572977
229,2.257062002029543
230,1.9790691146502017
231,1.9250934823577734
232,1.9124333676205492
233,1.8273426903238892
234,1.6651244748813494
235,1.5168316014104564
236,1.5203655536589196
237,1.4906681563085966
238,1.481316861387165
239,1.477943603672815
240,1.4039990074287896
241,1.4500256133841065
242,1.4282582906516534
243,1.2533347290202574
244,1.450821516065888
245,1.3087555306632048
246,1.2384019920009028
247,1.338029963559619
248,1.331739482547199
249,1.4759545512014112
250,1.4701938928263913
251,1.5089527012025257
252,1.5357808790098155
253,1.4636418372710072
254,1.5038123875396787
255,1.4317534179991365
256,1.4559646671545057
257,1.5805921215591094
258,1.5543873369021333
259,1.38311748977641
260,1.45042584208282
261,1.5734181165376748
262,1.3973191351082233
263,1.4048146587276242
264,1.356875060794541
265,1.4259506366808457
266,1.486034895182157
267,1.531366281945195
268,1.4807429937482677
269,1.3639706833087781
270,1.4990372550838647
271,1.3395192252360502
272,1.3372429756812911
273,1.2611106716989695
274,1.2782958638797977
275,1.2714483884357815
276,1.24685093752164
277,1.216293031316215
278,1.2346032599250516
279,1.3125863992907032
280,1.6872337518123939
281,1.7359455324256254
282,1.9255381263014337
283,2.040391230424565
284,2.201870840165285
285,2.261044227233987
286,2.6216007733388085
287,2.776757976576266
288,2.8964253496376933
289,2.9856886793313184
290,2.96911461128756
291,2.730983228579653
292,3.657822856596351
293,2.529845840670118
294,2.4802269273042636
295,2.4371476167632236
296,2.265639176039762
297,2.225299830826118
298,2.0912524209453474
299,1.8577495857292396
300,1.8017453189973236
301,1.6938661019594887
302,1.7139668131070636
303,1.7143286636052166
304,1.7044528723897792
305,1.7860793735106704
306,1.7454906712734606
307,1.7615616805039844
308,1.6447464812262198
309,1.646484073295426
310,1.5602039448216491
311,1.5064046538270066
312,1.6783143470456
313,1.492139754915301
314,1.2806630335953877
315,1.4640322819005371
316,1.3814705884795486
317,1.6150933163056838
318,1.442843266380732
319,1.4315691695691926
320,1.3786220921109895
321,1.3870810666615419
322,1.394895350803369
323,1.3470904454931674
324,1.4314097501410135
325,1.3178764933520744
326,1.3260772858506582
327,1.2937321997920224
328,1.406702125240249
329,1.4332043415913764
330,1.398032516961889
331,1.390929321699752
332,1.3474942886704961
333,1.7421237747583587
334,1.677457688147716
335,1.7366795114116302
336,1.9923377198038275
337,2.055079200070484
338,2.223998505585561
339,2.127765374596107
340,2.1328444434416984
341,2.103607178591554
342,2.1735499959440294
343,2.0108468909215422
344,1.9606182364588787
345,1.8196821456955254
346,1.604075251249326
347,1.3736508564744447
348,1.3200715189702512
349,1.3640825426963308
350,1.4584367564425174
351,1.2670185933042624
352,1.2764956587412706
353,1.2949640318173037
354,1.2927618653100432
355,1.3884525604537807
356,1.2765793707941155
357,1.309244710435814
358,1.2087187514112998
359,1.213208694457368
360,1.1898739120880777
361,1.1602163136695027
362,1.132409327035407
363,1.1976937691949294
364,1.2038893020751915
365,1.2085571306818348
366,1.5087956236199234
367,1.6872337518123939
368,1.7269102665598894
369,1.7307420967205023
370,1.70831284140749
371,1.698466863994614
372,1.6798475708198262
373,1.7814885217918344
374,1.9303536330055484
375,1.8005962174417647
376,1.9125141277055573
377,1.8344810551331927
378,1.9452597309756845
379,2.0340088673470915
380,1.9828848829275243
381,2.01030057508689
382,1.9992882759324355
383,1.9981807042081432
384,2.010236275866799
385,2.0750929337914377
386,2.069101033838676
387,2.55707904798024
388,2.530227755968887
389,2.501549983189175
390,2.6474392246296574
391,2.979200509062998
392,2.676305593948985
393,3.0476807024462857
394,2.9522273753986257
395,2.9441069917829656
396,2.310740810569289
397,2.5060022079722173
398,2.1963412842999848
399,2.1151192836539034
400,2.1390590018585987
401,2.456292395637509
402,2.287795018930638
403,2.469832916878557
404,2.2514457542320496
405,2.2862696816483594
406,2.413807535356126
407,2.3340451655023227
408,2.465046653962879
409,2.188482354819281
410,2.451266114510941
411,2.2154638106933087
412,2.5077593710882082
413,2.460199002711219
414,2.464312818251892
415,2.6008638348649145
416,2.426586507307558
417,2.7580293477460276
418,2.5340180340590144
419,2.8002113010429306
420,2.5933059012570334
421,2.5750823471317745
422,2.6249881085408773
423,2.759403294668793
424,2.788816326925211
425,3.0362567106589395
426,2.9324691557949367
427,3.462347571254186
428,3.4724450647217173
429,3.245628012113453
430,3.080626100787987
431,2.773105772857318
432,3.087705984571288
433,2.490769736842968
434,2.521530864450006
435,2.3022544899943096
436,2.2132359630915395
437,2.257304154510021
438,2.1195664166337997
439,2.134632586057899
440,2.109270430852642
441,2.0673883362929883
442,1.921730803362279
443,1.9967092426571689
444,1.9436382760279052
445,1.8948799215066114
446,1.9142741104017928
447,1.5718523773683595
448,1.6805603833636336
449,1.6473777766890632
450,1.6711286272147623
451,1.639641505094142
452,1.519516012448896
453,1.6103807530887921
454,1.47580648680432
455,1.515970322914611
456,1.5071872559738533
457,1.5211654733252777
458,1.3267246855739003
459,1.2474928085800436
460,1.2493811270012782
461,1.2685041325683366
462,1.2219948117611559
463,1.1991156159058995
464,1.16410691691433
465,1.196986120151228
466,1.1910020057981117
467,1.1823038476904821
468,1.168663745683713
469,1.2433601006341002
470,1.3000676894763494
471,1.3822002651189718
472,1.2533204384172574
473,1.2235719723804575
474,1.3027025490065778
475,1.3134334028635954
476,1.2786914872869217
477,1.5187354193563185
478,1.2997180503060817
479,1.2874189921234265
480,1.2747299180391514
481,1.3853655748141505
482,1.8261741304515662
483,2.1640649338608333
484,2.4586882214238437
485,1.9557739789556108
486,1.9479741276117213
487,1.8728765588608223
488,2.185740747123759
489,2.6778123034093873
490,2.6968735141574105
491,2.399196380229144
492,2.412614200758001
493,2.3404530339137377
494,2.2942618299155324
495,2.2961812633289203
496,1.8996427669730436
497,2.0458192418540104
498,1.9419217591039262
499,1.9891670032639188
500,1.7811615473870006
501,1.903570282797237
502,1.833325751002118
503,1.852379510608639
504,1.8740207668147242
505,1.9014712548406776
506,1.9315444394163046
507,1.8986902780461605
508,1.9685527140051076
509,1.9451157289544616
510,1.9948355758114262
511,2.1174171224763185
512,2.1288591813568707
513,2.1328057084805145
514,2.084142292818567
515,2.048164595162035
516,1.8359815719296726
517,1.786427510458892
518,1.5734971936983768
519,1.737974696422608
520,1.9512813138043745
521,1.8795593657693483
522,1.893977213562127
523,1.9465884994227671
524,2.1213410766800815
525,2.1536771493052713
526,2.247013842229535
527,2.6165983570339497
528,2.710799665377965
529,2.609623364742118
530,2.7208487655062488
531,2.9212416842980393
532,2.7330049383787847
533,2.608183785253716
534,2.62769935427988
535,2.5264160462548078
536,2.662114014460488
537,2.8799292084910038
538,2.9136378701441794
539,3.1610194120600097
540,3.2118892149538207
541,4.043369829222559
542,3.9638735654666246
543,3.9811790448297155
544,3.162458292278728
545,3.9480466253268323
546,3.826421918838704
547,3.7580520007712988
548,3.148996904361294
549,3.585740717630788
550,3.2151111581090444
551,3.1612508913031223
552,3.1287859222691345
553,3.2356470727385247
554,3.182239938232153
555,3.061274951908799
556,3.16336468336805
557,2.9686766057007823
558,3.0909580840457185
559,3.0607109341156655
560,3.037596097354721
561,3.121412041754923
562,3.037596097354721
563,3.1632903962169006
564,3.116368469040109
565,3.1505998241073274
566,3.1113168816241337
567,3.105013352974837
568,3.084145260033909
569,2.6574117749532387
570,2.5222147948089835
571,2.612635705769816
572,2.987171613482328
573,3.1299787782667945
574,3.097214256785848
575,3.2078087957676695
576,3.177305018426848
577,3.1649881460069063
578,2.7778875788908923
579,2.731593916672739
580,3.3750464688061257
581,3.1121382993708315
582,3.0891156002593982
583,2.7270737556151388
584,2.6215681663554427
585,2.4213375366292675
586,2.9716567794783004
587,2.9274892494271465
588,3.487566942781968
589,3.5059625123921627
590,3.498929081096838
591,3.4741961175944702
592,3.46800907740428
593,3.502483134406851
594,3.5587111532992135
595,4.231942652031016
596,4.250708912536636
597,4.250708912536636
598,4.17707898773993
599,5.347920566485003
600,5.355850638136006
601,5.210127442846377
602,5.0106017051310205
603,4.697640295120365
604,4.679943469201734
605,4.765078872374832
606,4.9153650116591034
607,5.020936494201244
608,4.405192814030664
609,4.032837690022394
610,4.350937718532374
611,4.099451933480771
612,3.988348596422206
613,3.974290048890586
614,3.972130479089002
615,4.127375775060029
616,4.285055675227104
617,4.046061141333021
618,3.64317897302943
619,3.4683539079436967
620,3.492885691969406
621,3.40577613287235
622,3.3607534733304023
623,3.3190572403551712
624,3.3492608250242912
625,3.3647816276295157
626,3.349937593212871
627,3.3583134710765683
628,3.4918401362473843
629,3.5956904898415445
630,3.500242132530619
631,3.52361411551714
632,3.6158018838850996
633,3.4835448997018963
634,3.460333063040626
635,3.5008871304978557
636,3.5675025366520745
637,3.5846733561281052
638,4.758696595426582
639,4.665536419806639
640,3.5748470498424867
641,4.2787581643981225
642,3.4442274993314714
643,3.4644461229579324
644,3.5736587310556294
645,3.5860033845697465
646,3.5708344475399705
647,3.406275277323729
648,3.410228002814999
649,3.2198308343602977
650,3.347513982770622
651,3.3376084792575815
652,3.346517366644863
653,3.329390114382399
654,3.529348298500624
655,3.65621640984248
656,4.2118252632326625
657,4.222592734725855
658,4.088135345525396
659,3.7671717539470877
660,3.74467265116343
661,3.609521616737595
662,3.347838350609375
663,3.3654900192772477
664,3.1908725288229602
665,3.2636672075514794
666,3.2177184454125256
667,3.0334640870361147
668,3.101757517399618
669,2.6267455540014994
670,2.5734345184486873
671,2.4878932132165414
672,2.399305202732699
673,2.3532245732860297
674,2.3748736653384066
675,2.883181205798844
676,3.3252596487425383
677,3.442219629880477
678,3.3942903542303737
679,3.288096203843009
680,2.969633626767788
681,2.7778217541177126
682,2.7074983781082858
683,2.750978733755281
684,2.965160488951
685,3.157047284143819
686,2.7857547539757133
687,3.187101680381284
688,2.6933431890203425
689,2.718916018428698
690,2.747172104376352
691,2.659457065917593
692,2.655307308200294
693,2.623711424392193
694,2.5931447027132224
695,3.0406520345664636
696,3.073489365711291
697,2.922318245980547
698,2.6922870531420604
699,2.545196219892702
700,2.53167035557103
701,2.535401297714203
702,2.50795909686633
703,2.5326757583390567
704,2.458352051871095
705,2.5306181388235323
706,2.5724744960366848
707,2.41147099063153
708,2.2115973075891993
709,2.5894720532379294
710,2.6227787401172455
711,2.6101633096372683
712,2.5392501285150066
713,2.557409195233557
714,2.418488442083488
715,2.3493856350196562
716,2.386154468274609
717,2.274673459894258
718,2.2415120653141365
719,2.279403657371165
720,2.138083020619939
721,2.0817043592280364
722,1.9316928759123888
723,1.9802876884460106
724,2.174256080349631
725,1.8747579567135704
726,1.857454105091999
727,1.9398039154219586
728,2.199670924933816
729,2.141259554532427
730,2.134745768789162
731,2.258538219386634
732,2.3666242388823413
733,2.3439262095251596
734,2.265254437121254
735,2.5450764435489197
736,2.737247530405162
737,3.0407037982783396
738,3.062298497022666
739,3.1037861942917178
740,2.9689974016290894
741,2.977748852982203
742,3.2295197897045376
743,3.7809952235993296
744,3.7771234886201306
745,3.745656693007805
746,3.79095068388916
747,4.953400653114444
748,4.912266191760756
749,4.722079495140655
750,3.5370703492427404
751,4.368186076520723
752,4.146976933721336
753,3.532023543036407
754,4.155790946552619
755,4.30384765278492
756,3.8206191568170835
757,5.149096120135747
758,4.725384742523332
759,4.274462964451658
760,4.47472528147618
761,4.491892232390592
762,4.528247309339164
763,4.673581345133446
764,4.615486689127747
765,4.17562266298077
766,3.6687512097835784
767,3.651011205550887
768,3.6747258949234465
769,4.029408892678899
770,3.6689927561562996
771,3.64826011294758
772,4.005627129733073
773,4.158418619898223
774,4.015828824893704
775,3.68965030245142
776,3.6265138566652677
777,3.9990729497151376
778,3.4171001102587715
779,3.257048081988923
780,3.2068050544948874
781,3.2459385259734033
782,3.361162696673285
783,3.4900811440858184
784,3.4616349248072247
785,3.284037042241634
786,3.609795457172266
787,3.6868000446236584
788,4.190810053432532
789,4.242419875991785
790,4.966821222400976
791,4.955422103599828
792,5.044888261740142
793,3.5596640810239655
794,3.2873087293660284
795,3.259225427623436
796,3.341853204046457
797,3.3605415953150657
798,3.3930843182958075
799,3.346361328106747
800,3.333375514134149
801,3.3661442593624153
802,3.5865027280935524
803,3.5432721083433005
804,4.623923880386993
805,4.84364259657334
806,4.469113138541645
807,4.382791166903043
808,4.471907957610098
809,4.537321642704456
810,4.525753047839776
811,4.442219161533403
812,4.371020011818177
813,4.481285775294079
814,4.593918000258482
815,4.794940489809116
816,5.151475627705692
817,5.169251925137804
818,5.1182270858373125
819,4.983416190972788
820,5.092498364312445
821,4.986854313389316
822,5.065685980695543
823,4.905117620030281
824,4.410926994191871
825,4.192260195926474
826,4.288023271171916
827,4.3205291132929995
828,3.6013729873201075
829,3.6168850996950237
830,3.5669773192607432
831,3.587222693616067
832,3.575194021790685
833,4.147333038652509
834,4.080401599566217
835,4.274492887052244
836,4.3211105871162605
837,4.8667080316298525
838,5.058581332655602
839,4.7553033587389315
840,4.781062777038855
841,4.704796620399851
842,4.612818422496262
843,3.6360905378721493
844,3.5801302774265173
845,3.5588076885795523
846,3.6992908645775486
847,4.342315199450493
848,4.307942015117024
849,3.5848126362872006
850,3.589349301249128
851,3.319902778092167
852,3.5218079503117297
853,3.223560882421616
854,3.1059430840780435
855,3.0929724008154524
856,2.7098340443837055
857,3.1452746099543782
858,3.074530640141069
859,3.0672612804576755
860,3.100361430796518
861,3.1066583719092806
862,3.1528616247495296
863,3.1025637882192445
864,3.106734647830208
865,3.102485401683844
866,3.188843406733916
867,3.0797176254587604
868,3.0890902649219014
869,3.156333072732585
870,3.103247407165559
871,2.7075672868377674
872,2.7135205525915476
873,2.6077678535788036
874,3.173083644751562
875,3.138392483579495
876,3.4023560765933323
877,3.266852881525986
878,3.229688933412411
879,3.224742882339587
880,3.2550530206211463
881,3.108784937341089
882,3.112988297720984
883,3.1079116476064623
884,2.627588196385776
885,2.5966514136606857
886,2.6197631071276484
887,2.6122649087373424
888,2.586274841271776
889,2.48986655251647
890,2.5845745255670742
891,2.7659146918090736
892,2.5480859010728807
893,2.508815772269078
894,2.487503404098708
895,2.406676659666712
896,2.202186197219366
897,2.195330684808072
898,2.130438279222736
899,1.8193542567224987
900,2.0549452712519964
901,1.9730269647101883
902,1.637563895955312
903,1.8391949882662095
904,1.6410413696211412
905,1.6971862504692243
906,1.726775693698772
907,1.7106546196146297
908,1.7308734766536715
909,1.499191826122639
910,1.4884975634156148
911,1.4751690974877378
912,1.356279326477256
913,1.3257904390207902
914,1.2928361905822225
915,1.1845963073340557
916,1.214064945878765
917,1.153754867870067
918,1.1700347043188601
919,1.1459411599505351
920,1.1441512040945898
921,1.1440816893750732
922,1.1245133069376652
923,1.069453901261235
924,1.056877621469282
925,1.1220008616387456
926,0.9384035506830793
927,0.9276482847688766
928,0.8690611603535159
929,0.8361937047046728
930,0.8316293537333734
931,0.7984188339026153
932,0.8379540403585056
933,0.8677563031079407
934,0.8869460244311931
935,0.9466304115390709
936,0.9186117254883283
937,0.8547487741388868
938,0.8629365472423524
939,0.9057565316067149
940,0.9226182165456115
941,0.9054729653176816
942,0.995328397747919
943,1.0646085790613333
944,1.2629056188684893
945,1.8373242497503632
946,2.550947650814264
947,2.6542060366606037
948,2.595013679225392
949,2.653079230950714
950,2.681187639813905
951,2.673747183674377
952,2.580006064454971
953,2.531473406483379
954,2.520428381332727
955,2.520315861101116
956,2.3950881007029245
957,2.6229769099784757
958,2.7785615223197295
959,2.573409171791249
960,2.534239953458574
961,2.412097286562955
962,2.2832527110487484
963,2.4851313776147674
964,2.486298479243647
965,2.5981826390591403
966,3.144985978832634
967,2.7860194435959436
968,3.3275046241089306
969,3.258279636525522
970,3.2093774538700504
971,3.288622400161533
972,3.3436993153485295
973,3.19113545786666
974,3.3399878747113974
975,3.463745608178706
976,3.3145990600660857
977,3.3025522363907083
978,3.484325732009168
979,3.2575681372395473
980,3.182674731471361
981,3.233572333193634
982,3.1936678209661036
983,3.232327315541154
984,3.1875943042020647
985,2.9009632618043257
986,2.999214610008693
987,3.207560203190254
988,3.255539249940793
989,3.2064675803574114
990,3.1294998879227602
991,3.183187498984607
992,3.2512231331440304
993,3.1822549505096926
994,3.2310124770462165
995,3.266125128611195
996,3.2550817784564723
997,3.248177927772047
998,3.669627696786008
999,3.2570626598575054
1000,3.373080989180759
1001,2.741635783472741
1002,3.0771454330354504
1003,3.0292255741553933
1004,3.266065649596619
1005,3.101964358671816
1006,3.0208434740567096
1007,2.951863819770807
1008,2.912728203613705
1009,2.9612001308890195
1010,2.7716735528052276
1011,2.5974530233282365
1012,2.5057378270491593
1013,2.2357897797271793
1014,2.2695908615152938
1015,2.3618469947242224
1016,2.2885073995606504
1017,2.604055932689091
1018,2.14825462459429
1019,2.120468617379381
1020,2.085679353867847
1021,2.0306788986180027
1022,2.254177992533299
1023,2.801168239357697
1024,2.951636268358535
1025,3.356288383659153
1026,3.4317735536051726
1027,4.158710381224592
1028,4.147780596147333
1029,3.3154751985431683
1030,2.5490913105106476
1031,2.6867099188405192
1032,2.882156650827755
1033,3.278968431410284
1034,3.246032648217188
1035,3.345431272148258
1036,3.431225187663217
1037,3.228692279641877
1038,3.7154751178026397
1039,3.736700279287561
1040,4.098505719298682
1041,3.8142777694981067
1042,5.13304278243608
1043,4.795585815247956
1044,4.6746176583695
1045,4.497175421672526
1046,4.534535275520586
1047,4.459290245866012
1048,4.474423764318331
1049,4.528254947440455
1050,4.5461217708180595
1051,4.744250291776477
1052,5.143097964057907
1053,4.881724897502668
1054,4.672598508132818
1055,4.605059340592431
1056,4.533247594029438
1057,4.533247594029438
1058,4.533247594029438
1059,4.533247594029438
1060,4.514187059761465
1061,4.466557041799045
1062,4.135423388712423
1063,3.5206142063318038
1064,3.5600048252303327
1065,3.6424320757461084
1066,3.396703669783908
1067,3.5829515133182355
1068,3.323729398507567
1069,3.5286591142351766
1070,3.2417287337255454
1071,3.284433367813411
1072,3.1759241833414777
1073,3.2335743132907058
1074,3.3930445976069863
1075,3.5125369788431238
1076,3.3243813618109233
1077,3.3692289019563226
1078,3.530478153610639
1079,3.382494123210832
1080,3.388078068091983
1081,3.327980896527278
1082,3.516996408379711
1083,3.368386239454263
1084,3.2098887968911107
1085,3.2569298924874004
1086,3.225803950911432
1087,3.356043771289148
1088,3.177369730037292
1089,2.5956691385321498
1090,2.5580760703061305
1091,2.5847434174894746
1092,2.5587999254048155
1093,2.5779100369812387
1094,2.5114672172260173
1095,2.5910524472221446
1096,2.5272282927783976
1097,2.6006736116735683
1098,2.656126667593246
1099,2.5244923468850793
1100,2.10830429713137
1101,2.561669452003626
1102,2.1893202346783633
1103,2.2291694440815535
1104,2.182558448644369
1105,2.236561601994356
1106,2.2466724778135796
1107,2.3019680844047583
1108,1.9825449667032415
1109,1.9361591832187819
1110,2.288018353672812
1111,1.9893023807707066
1112,2.2608644512373046
1113,2.93843288700929
1114,2.668797773320742
1115,2.716484623846958
1116,3.083922275950685
1117,2.7433294093046086
1118,2.8163296999323437
1119,2.719492638367887
1120,2.7722140279438214
1121,2.83734658404761
1122,2.873963129780696
1123,2.585014644827625
1124,2.6233817708965987
1125,2.547912937643692
1126,2.3099953856713014
1127,2.216347490357779
1128,2.0786757025760108
1129,2.405875244890628
1130,2.0859527663953057
1131,2.162429068641463
1132,1.9927098701183223
1133,1.8133852230190106
1134,1.6252637593318149
1135,1.6415126877903103
1136,1.6771425146247698
1137,1.5823758440422955
1138,1.7626577859055774
1139,1.512868607740794
1140,1.5310960268072824
1141,1.8427295925758354
1142,1.939398713835388
1143,1.852063264900435
1144,1.8974813317515247
1145,1.8835303202568656
1146,1.8817737019642231
1147,1.905207893110513
1148,1.832404819327148
1149,1.85616174004283
1150,2.0174990906313224
1151,2.0828584307140408
1152,2.00062978544954
1153,2.068319968031802
1154,1.9312981952116108
1155,1.94130544979864
1156,1.9603150920124108
1157,2.0030710438737054
1158,2.152264293032411
1159,1.924391317933744
1160,2.1116479782355944
1161,2.0626338264014263
1162,1.7740673509868143
1163,2.039074535069963
1164,1.7703626229402196
1165,1.7718618444195011
1166,1.814730204395735
1167,1.8053624208967396
1168,1.7936670662889977
1169,1.9777113255224048
1170,1.8133544053186939
1171,2.0967676187296895
1172,1.8751990041899955
1173,1.8230167227036351
1174,1.8476907147642625
1175,1.8702394562906783
1176,1.911891576883246
1177,1.9570951042328155
1178,1.982719610873271
1179,2.2478106777392135
1180,1.8764134936750263
1181,2.2724272336451605
1182,2.343912022840724
1183,2.3844559751302223
1184,2.5034720669737514
1185,2.432800915929567
1186,2.515651101768711
1187,2.6222237748178903
1188,2.653687047949352
1189,2.6331362094939856
1190,3.7047485370237547
1191,2.976635474700675
1192,3.1748598477075736
1193,3.7783724454917675
1194,3.553406777039441
1195,3.7324178788747364
1196,3.491831734523184
1197,3.493898955410588
1198,3.5980878725059218
1199,3.5488314572915685
1200,3.2919245248557205
1201,3.25573583840402
1202,3.2418181996342743
1203,3.313711522705283
1204,3.3195363864311402
1205,3.3528257076981416
1206,3.32742505318885
1207,3.392719729577898
1208,3.3840549057626332
1209,3.508794265534929
1210,3.618297760986319
1211,3.522602896386462
1212,3.667605318728196
1213,3.518542703509523
1214,4.401000137371605
1215,4.296657852420975
1216,4.218365765060015
1217,4.3714144028856445
1218,4.4708384999687345
1219,4.537529052199127
1220,4.564352468761101
1221,4.564352468761101
1222,4.564352468761101
1223,4.548994570845063
1224,4.497661916530708
1225,4.31424202047307
1226,4.201633787808748
1227,4.24274831260377
1228,4.090017213294081
1229,4.006323865153753
1230,4.010918646647507
1231,4.11075849297451
1232,4.1289970134299825
1233,3.6681521871094844
1234,4.1289970134299825
1235,3.9813782819266756
1236,3.632420433854529
1237,3.6414963625769685
1238,4.023802323205989
1239,3.4271400816757676
1240,3.578339913358454
1241,3.595358477492828
1242,3.9635280411891136
1243,3.4481325893122
1244,3.607358403676524
1245,3.451405751060313
1246,3.4359969087183284
1247,3.4563668797962803
1248,3.3747730342716755
1249,3.3862900723153846
1250,3.376027431226063
1251,4.0791427478806135
1252,4.026618956848337
1253,4.099259791356457
1254,3.7425738977518437
1255,4.141713716856412
1256,3.7650020943375933
1257,3.981225738582599
1258,3.9451948753546735
1259,3.826392866612647
1260,3.9683199634448787
1261,3.766771429087773
1262,3.9125046221098745
1263,4.3714144028856445
1264,4.179582224909703
1265,3.593190173744425
1266,3.528920401099573
1267,3.4993910499244922
1268,4.208164069899383
1269,4.215138636374747
1270,4.42171535223714
1271,4.520911746588617
1272,4.564352468761101
1273,4.564352468761101
1274,4.410106656486941
1275,4.355913803287972
1276,4.196707297884298
1277,4.163409455637677
1278,4.008097853363522
1279,3.5571070873307025
1280,3.5952712477704316
1281,3.623902088474167
1282,3.710447758270324
1283,3.615813973456274
1284,3.642685667731099
1285,3.658163388493406
1286,3.6237828342007643
1287,3.559232638734874
1288,3.4581820234393397
1289,3.486549131904366
1290,3.5862770366906127
1291,3.5362651531173825
1292,3.987152332020561
1293,3.6218858641601757
1294,3.6285033849329826
1295,3.6355162954579643
1296,4.326895588811241
1297,4.343467826156264
1298,4.2572807697966555
1299,4.125259430824559
1300,4.206124053638777
1301,4.03999691906907
1302,4.224448931850374
1303,4.378932879940624
1304,4.4626021176225885
1305,4.381080520313023
1306,4.272866532985816
1307,4.391235937348332
1308,4.42798580719447
1309,4.465854294320395
1310,4.3175073049920325
1311,4.205576239256471
1312,4.5594803857368635
1313,4.2203116141777866
1314,4.12677418902482
1315,4.499137003540466
1316,3.7893312664654326
1317,4.335601966674067
1318,3.7851892209363935
1319,4.159706807857963
1320,3.5557826382367597
1321,3.481577281795395
1322,3.5257067156974817
1323,3.4333143521567875
1324,3.297301071939852
1325,3.309336586495743
1326,3.2134944366858615
1327,2.643472456508403
1328,3.243433745297337
1329,3.018152933238288
1330,2.5306603264538574
1331,2.5902530237244523
1332,2.5275965765963875
1333,2.5977926683585153
1334,2.633646721946718
1335,2.529863766296046
1336,2.538511018782044
1337,2.337790358290326
1338,2.479373373907259
1339,2.4583454037128543
1340,2.4088999975899195
1341,2.696017333042795
1342,2.8635923972836137
1343,2.9380333725904535
1344,2.871132931212485
1345,2.869078848837459
1346,2.944746553366761
1347,3.1138622884981024
1348,3.1808643661092297
1349,3.176421156927044
1350,3.092049535642626
1351,3.1458810803646955
1352,3.154119331519908
1353,3.241941688659079
1354,3.7865518479590836
1355,3.977229219063649
1356,4.001863893842293
1357,3.984919968292499
1358,3.95697883146675
1359,3.9378115078561855
1360,3.9002422022174223
1361,3.9809795458603996
1362,3.9002422022174223
1363,4.119247832299694
1364,3.929861682721188
1365,4.208145973395615
1366,3.925204500573646
1367,4.318276591703874
1368,4.318276591703874
1369,4.208145973395615
1370,4.411565631154488
1371,4.266729297144379
1372,3.6365539855698423
1373,3.2423784282887573
1374,3.123844697264203
1375,3.0635097555416184
1376,3.0496392726486303
1377,2.657831226055364
1378,2.6770315895198125
1379,3.051021672798141
1380,3.0415468960517
1381,3.174250744954888
1382,3.2161445203033128
1383,3.306901118139269
1384,3.335909935142688
1385,3.2637385047263865
1386,3.0819785710058927
1387,3.311775226480146
1388,2.9888242287828555
1389,2.964381475700387
1390,2.996883027691112
1391,3.2469291825470323
1392,3.251006518476389
1393,3.2282715667856507
1394,3.1607175125656677
1395,3.3007205077902833
1396,3.195556508663187
1397,3.1381269101909854
1398,3.1857662636631465
1399,3.2066189678741415
1400,3.2706505606962653
1401,2.636831456611088
1402,2.5798602970991347
1403,3.244115380521488
1404,3.292984583467634
1405,3.2842176159900167
1406,3.1896413596278013
1407,3.2322903090737243
1408,3.2091516806096028
1409,3.1913450536939236
1410,3.1112388741108803
1411,3.0547550201066445
1412,3.232659506014309
1413,3.2499972075872785
1414,4.081877184752843
1415,3.9882818911245055
1416,4.0738748681577155
1417,4.019228225850639
1418,4.000060902240075
1419,3.8242279536054147
1420,4.0732244670596645
1421,3.9643761757818217
1422,3.98462656337872
1423,4.831028284919798
1424,4.746343857002756
1425,3.507742623692449
1426,3.2684157946891004
1427,3.2836528565680463
1428,3.165235922581139
1429,3.1724425457975074
1430,3.198006782037582
1431,3.1356642373539843
1432,3.0673032672813587
1433,3.1046429558208772
1434,3.048106497527708
1435,3.035272303974578
1436,3.1882014098371636
1437,3.1308184206446827
1438,3.1900138541121836
1439,3.2030054791814755
1440,3.226960093652995
1441,3.216252917198477
1442,3.2298270014512642
1443,3.3306146478785625
1444,3.2982506684808577
1445,3.475062858177091
1446,3.3606592774349733
1447,3.483339796140355
1448,3.4865023038153593
1449,3.3071156638377794
1450,3.3156705482461324
1451,3.287352602071305
1452,3.2847017768013558
1453,3.2362574988746715
1454,2.995309948244758
1455,3.1945931500060536
1456,2.7353384897273645
1457,2.716931541055143
1458,2.9686335409118656
1459,2.641745313358709
1460,2.870383069280637
1461,2.7473942078908666
1462,2.943044102754123
1463,3.0094992637047517
1464,2.850758384059548
1465,2.850414795749414
1466,2.6758200378172963
1467,2.8621359454778093
1468,2.8547501908929327
1469,2.7131494316298816
1470,2.779694060638787
1471,2.702122011718391
1472,2.9008362856063883
1473,2.845399020833787
1474,2.8441016751255814
1475,2.6166618804454167
1476,2.566672874195668
1477,2.412366254120853
1478,2.533279191543466
1479,2.3452400689523025
1480,2.3269168091886794
1481,2.2277745462611422
1482,2.14020059903349
1483,2.178114089932553
1484,2.1082024852476775
1485,2.0691274360019456
1486,2.000022204136002
1487,2.0515462992504725
1488,1.9515024841318431
1489,2.043314084848581
1490,2.1147782969098086
1491,2.0842632792647917
1492,2.062175007704611
1493,1.9994688219990515
1494,2.08411085368309
1495,2.125806121002139
1496,2.1479631694633046
1497,1.983363003114385
1498,1.9275115319412441
1499,1.7892216944173691
1500,1.576694638856235
1501,1.601195585230632
1502,1.4954061570395987
1503,1.6467752226041614
1504,1.6916841304438313
1505,1.5349189352354318
1506,1.3608068788551373
1507,1.714580334519238
1508,1.4194608814000027
1509,1.2952787581258567
1510,1.328989041346614
1511,1.3640779728581347
1512,1.488255132457003
1513,1.6518678166532947
1514,1.474762491688966
1515,1.5089518329939091
1516,1.8859208105823877
1517,1.5927671043867109
1518,1.929886974631373
1519,1.9240568763351826
1520,2.4374585633422
1521,2.495306241361838
1522,2.5683678880223253
1523,2.803887573363454
1524,2.4366577752725043
1525,2.5173695486805028
1526,2.280166837790417
1527,2.436183982890602
1528,2.7572326602220745
1529,2.7401549351727215
1530,2.7163617531621522
1531,3.105865911553764
1532,3.247129483234616
1533,3.688154142061252
1534,4.247821151962892
1535,3.612786826699111
1536,3.5828021031067063
1537,3.28174855295545
1538,3.168568419453643
1539,2.9502917408706892
1540,2.941649846327518
1541,2.9208943325774572
1542,2.983037092104202
1543,2.873545483994087
1544,3.3212094333857975
1545,2.7888431745186293
1546,2.817001921003749
1547,2.8651403767315893
1548,2.8264954893452128
1549,2.8584694741881354
1550,3.2394202778642636
1551,2.7737070219190607
1552,2.773148692083224
1553,2.739714894973724
1554,2.7507781595226324
1555,2.6737013936398495
1556,2.7194525099259814
1557,2.9620974899504295
1558,3.218367186194902
1559,3.2762560533625846
1560,3.33047603787738
1561,3.5468479281981344
1562,3.558035735725321
1563,3.382662182338645
1564,3.3044356226736826
1565,3.290647332205052
1566,3.2542666177382578
1567,3.3425208361385006
1568,3.3268384617492766
1569,2.849335417562703
1570,3.3923426956092837
1571,3.3228181317856293
1572,3.3246174007603315
1573,3.3759886578783247
1574,3.321211935829851
1575,3.2363408816494363
1576,3.2859081383119215
1577,3.244205939727579
1578,3.013154739847317
1579,2.808222217246238
1580,3.469721991900743
1581,3.504569386251764
1582,3.2102172987052064
1583,3.295850854250377
1584,3.1942735243487057
1585,3.217803003191183
1586,3.1743256736050784
1587,3.188988446738347
1588,3.212643065245285
1589,2.7926591587367207
1590,3.017963005415393
1591,3.268198036090494
1592,3.2420526332845245
1593,3.2707861647408367
1594,3.3375211298006064
1595,3.327179715622427
1596,3.5984117948281966
1597,3.614349778508794
1598,4.129225440625905
1599,4.439634014749018
1600,4.723597583218386
1601,4.955686381564343
1602,4.947892647161697
1603,4.70840817331629
1604,4.704833236027123
1605,4.788127456740198
1606,4.687403075216518
1607,4.9482350034519
1608,5.26521979592771
1609,5.243021260182663
1610,5.221875365381051
1611,5.165706315595461
1612,4.8342370863156034
1613,4.932505510907161
1614,4.998573224265528
1615,3.702529893179696
1616,3.8356104994641997
1617,4.264986174922441
1618,4.433368267240335
1619,4.488639513638155
1620,4.554884171524342
1621,4.568354587150847
1622,4.568354587150847
1623,4.568354587150847
1624,4.508864158453875
1625,4.471239788486942
1626,4.676549823602237
1627,5.049868982327039
1628,4.895478925660386
1629,4.699200975187295
1630,4.811284959780446
1631,4.838972889242922
1632,4.63831475036366
1633,4.617112486201165
1634,4.51141648083851
1635,4.481826907371946
1636,4.3717717258171795
1637,4.200329600946508
1638,3.5967758648069794
1639,3.5829715087478853
1640,4.075693778508205
1641,3.5332281935500442
1642,3.306032268277301
1643,3.5556968151159074
1644,4.2046096878375865
1645,4.184189416027347
1646,4.211522380220776
1647,4.290021423254539
1648,4.509970749517764
1649,4.68103100524529
1650,4.1122522227296265
1651,5.04212986603277
1652,4.545073194534027
1653,4.184701909291658
1654,3.439235939635938
1655,3.3632677138667617
1656,3.324792166517169
1657,3.370683740514781
1658,3.4047139739644368
1659,3.3213130518095073
1660,3.4091958740973904
1661,3.367567692461628
1662,3.885685819735893
1663,4.702654697452517
1664,4.689142255963908
1665,4.535446062138289
1666,4.559333196876708
1667,4.545862781250202
1668,4.470216406169652
1669,4.403525853939261
1670,4.358917773547978
1671,4.260101663955464
1672,4.273245678598277
1673,4.016996822473717
1674,3.7204664390152087
1675,3.5641102291804256
1676,3.3964297470326046
1677,3.4116692567731506
1678,3.537083028306288
1679,3.569069323081716
1680,3.413598916415387
1681,3.519527337780682
1682,3.5947423893768704
1683,3.5447832078464607
1684,3.4665120443769974
1685,4.295233780440032
1686,5.113164071962458
1687,5.0650041077472725
1688,3.5848692490055925
1689,3.854968638884325
1690,3.5864428037879907
1691,3.3666216094213657
1692,3.429702583175957
1693,3.5616434237911605
1694,3.536443063916604
1695,3.5161573653299882
1696,3.603891041016393
1697,4.705598321652549
1698,3.6456778214242274
1699,3.732807374250504
1700,4.750566492958746
1701,4.754858106828487
1702,4.629096374477159
1703,4.575350442570654
1704,4.332331014198225
1705,4.277322840752369
1706,4.348222415024968
1707,4.3714549077278315
1708,3.603683994319366
1709,3.6076794278357416
1710,3.6076219970547134
1711,4.335914871563719
1712,3.6837515075571976
1713,3.502442804300862
1714,3.656540416259745
1715,3.4614244829635172
1716,3.572507923400661
1717,3.34115720730406
1718,3.3503101643396414
1719,3.2808728378919216
1720,3.252778632278405
1721,2.7443448941781665
1722,3.320060635107185
1723,2.8063580950409253
1724,2.6928328697689237
1725,2.7355221941445427
1726,2.7397825221089978
1727,2.75226567622315
1728,2.741033456635255
1729,3.2269975572113294
1730,3.2650110237340213
1731,3.225982785939461
