,0
0,4.7855570755614165
1,4.489104416080767
2,4.411343785794444
3,3.7519925805338943
4,3.882027531268566
5,3.834782835497207
6,4.406162676714467
7,3.8139445186993304
8,3.8579111607918635
9,3.7194838535476893
10,3.900770313236674
11,3.8885794028073892
12,3.5459620142524737
13,3.5627847395751986
14,3.2673445693542673
15,3.016340564427593
16,2.860018851600036
17,3.049161312485789
18,3.0604298318331944
19,2.980661967360046
20,2.8324720637377756
21,2.769043138922673
22,2.5695667147997137
23,2.422235649718043
24,2.4136693969347576
25,2.352141564172049
26,2.085469270542349
27,2.0313381975164657
28,1.8865452242609608
29,1.7192159535335603
30,1.6480920277445825
31,1.5600355562928612
32,1.5165790181907628
33,1.5202319813534637
34,1.473834825125768
35,1.4996920925321957
36,1.484528320596392
37,1.450892534358794
38,1.3389927060050086
39,1.2580187397377671
40,1.3701726648096466
41,1.356458023296731
42,1.4168529752141448
43,1.5923852908317726
44,1.7164261292496767
45,1.6804119179293941
46,1.9324149165292759
47,1.9213403120551953
48,2.234605910892108
49,2.6064161704187443
50,2.766456500950574
51,2.784120101126723
52,2.850378667956387
53,2.7604949137591555
54,2.8031487075873187
55,2.7542099906465
56,2.6830575468909075
57,2.5702838914064308
58,2.4079248835267077
59,2.314158631444425
60,2.2832493257629194
61,2.2807933619191587
62,2.2703573960395267
63,2.424349708916147
64,2.5678886776245786
65,2.7812292720352705
66,2.813420957773115
67,3.0516028937839343
68,2.9402731752063636
69,3.009535917383604
70,2.8319157935965293
71,2.904970537311323
72,3.2728395714369105
73,2.98520283813001
74,3.1139291683462504
75,2.892377600262471
76,2.864538510661154
77,2.6353454953658275
78,2.5442349848793806
79,2.822395427402367
80,2.524952509581259
81,2.5378122953718285
82,2.2940308655414645
83,2.1755891995186016
84,2.1608502906760316
85,2.2478494962979294
86,2.0650445129789308
87,1.8479295060165677
88,1.9558326145133726
89,1.8551887329896832
90,1.738112637307022
91,1.8129689986710522
92,1.8929963465163793
93,2.0024440967137322
94,2.328703500971895
95,2.51965769790766
96,2.450348045594785
97,2.2844626353917774
98,2.0817310069724284
99,1.978021878779975
100,1.8262947253369124
101,1.7519879825013143
102,1.6038138948392602
103,1.5717002731288174
104,1.595498012754652
105,1.626763492150958
106,1.6772621638010505
107,1.7072278564845453
108,1.925207863739427
109,1.938335464685069
110,1.9519461343801645
111,2.012902748437239
112,2.2057097812772066
113,2.487350403307712
114,2.593516092805901
115,2.9399994342856672
116,2.6989862113558396
117,2.5858595745835298
118,2.8043035387103847
119,3.074293877072743
120,3.118114802416043
121,2.8233287152841
122,2.796158827333847
123,2.8738880742528043
124,2.8961727535828423
125,2.7393611353846623
126,2.8718752743055846
127,2.789717705873456
128,2.9250439795602112
129,2.740702919696856
130,2.8298001085889037
131,3.1619902595177902
132,3.2045904691936986
133,3.4608754170430327
134,3.325173541645341
135,2.9901927942118793
136,3.174821573221293
137,3.187779854766508
138,3.3033337812104953
139,3.467012623883703
140,3.548254219160531
141,3.807822582775443
142,3.8341674337045393
143,3.9858128990323096
144,4.240304259996885
145,4.813474349610918
146,5.272478636912173
147,5.860039693649759
148,5.699890923712569
149,6.056079919942501
150,5.784443004707146
151,6.100078774471224
152,5.759326954329091
153,5.808820480387046
154,5.311033112819661
155,5.558008383110174
156,5.181918996285764
157,5.2449780321828205
158,5.238634316215101
159,5.1281618788054475
160,5.5359456617429235
161,5.567834462308194
162,5.692133261781706
163,5.6846978808547
164,5.713889598888523
165,5.094630303577528
166,4.8008666693683875
167,4.705592071402729
168,4.853538273018573
169,4.281252308209721
170,4.3467664624237985
171,4.854675372662423
172,4.911498224998884
173,4.805591919543208
174,4.95191171282929
175,4.851204077968358
176,4.938183732508745
177,4.999133841897461
178,4.772486310853176
179,5.067584704328802
180,4.829419286340277
181,4.705910920159934
182,4.307467254967153
183,3.955636928151222
184,3.946094266629407
185,3.6675027367294186
186,3.6862186044133223
187,4.057422187280007
188,3.9699322544479374
189,3.974794098763255
190,4.242041569626953
191,4.602336084906545
192,4.120488425623787
193,3.9666590500523924
194,4.451931395176128
195,3.5831973950399503
196,3.607128026384046
197,3.5407778061262873
198,3.4597125566399765
199,3.242104503870576
200,3.1186535349389066
201,3.102798397293221
202,3.2290397337515593
203,3.4959161580462372
204,3.358344052875724
205,3.2316783027747786
206,3.260522318371888
207,3.289180322816622
208,3.2577040334313896
209,3.0389967888375318
210,3.004310244292754
211,2.986481467244079
212,2.8770820301200186
213,2.856951015310798
214,2.7981221824275764
215,2.4795285169445065
216,2.7403674669440243
217,2.431202600522128
218,2.3614667938859277
219,2.300675122882955
220,2.1914150507841943
221,2.206985610043168
222,2.206828074032053
223,2.2569187190242777
224,2.2319410291957054
225,2.278322871610037
226,2.3967098765563772
227,2.5804251185740736
228,2.6457221526668078
229,2.93588479072887
230,2.9212373880873437
231,3.1431182173242855
232,2.993933726321178
233,3.163457810784312
234,2.9905948458807257
235,3.014008400129921
236,2.933345442908743
237,2.4966670459753737
238,2.569485904974732
239,2.4190245364531333
240,2.312394329945197
241,2.3195068174296822
242,2.3223311047908184
243,2.0603598847414277
244,2.0736229546593203
245,2.1132915155163885
246,2.1518201593819732
247,2.1656326834740263
248,2.204021961978114
249,2.1835197016325796
250,2.263356907691848
251,2.407361996907775
252,2.344224925090878
253,2.2887108555921394
254,2.300664491077528
255,2.389341045916813
256,2.3666405444580336
257,2.360635357114538
258,2.261247578722588
259,2.264512718845401
260,2.262104703826635
261,2.275643777303526
262,2.2580931118464567
263,2.292021445998227
264,2.2740015968309204
265,2.2930388646575564
266,2.2210162770700133
267,2.1373038723381406
268,2.2430092764978324
269,2.3962406714109137
270,2.7497663344837044
271,3.5667310653846407
272,3.7278333429910306
273,4.649313263831165
274,4.044708224197636
275,4.476337361096564
276,4.579980843153419
277,4.555250396550581
278,4.567484062789702
279,4.876338149100018
280,4.915950665785039
281,4.622004943015223
282,4.114803985461354
283,4.068487141178827
284,3.927183219942489
285,3.892122153414986
286,3.9151532005307326
287,3.5904478189218363
288,3.503342367420583
289,3.327743457732546
290,3.1744042402569073
291,3.07832229893979
292,2.804598243006511
293,2.900352561360608
294,2.7945907872360123
295,2.7913386216692526
296,2.8305862799335326
297,2.8321893120387567
298,2.7993263216923556
299,2.4107242886272364
300,2.3010922410958776
301,2.3185494449969735
302,2.257259574062248
303,2.0925585392803128
304,1.9888587639663706
305,1.948090401028173
306,1.958778189872319
307,1.9508454252345495
308,1.845313169862893
309,1.7503127206142777
310,1.6620969829611218
311,1.7010415846475875
312,1.6217423670932944
313,1.4954643864789556
314,1.5489353625099365
315,1.5074382762522394
316,1.474483697354941
317,1.4738154086870245
318,1.4932768362680735
319,1.4845851950375113
320,1.3069167036355953
321,1.3793987271047925
322,1.2389343365751788
323,1.2521970126917212
324,1.1988889460568466
325,1.2286980880364176
326,1.1759402629478903
327,1.1138448757358383
328,1.0856251778955022
329,0.9675509710900732
330,0.9907628218523294
331,0.9835291269498081
332,0.9600919605802505
333,0.9752684808580026
334,0.9363581283727421
335,0.9351505990848702
336,0.9048950313098114
337,0.8915576531969474
338,0.8813069071347736
339,0.8561860762982446
340,0.7812274660247783
341,0.865359200578761
342,0.8478333940634353
343,0.8403830411844896
344,0.8476107704909276
345,0.8432457030916348
346,0.8889110731703437
347,1.0205769452575026
348,1.0703358036179194
349,1.3323293078752945
350,1.5120464055316845
351,1.6154232556599677
352,1.5920227396889568
353,1.7458596747015265
354,1.9374579538660284
355,2.0837727301958737
356,2.0742604765071495
357,2.1099759507050453
358,2.1142899029396203
359,2.1350523814569704
360,2.1151033309300944
361,2.099817427857635
362,2.0717001382832154
363,2.0807767452399477
364,2.0440691849729684
365,2.022999433585539
366,2.198377006104478
367,2.122525254137415
368,2.092003868699348
369,2.2348605616814945
370,2.3317696808816084
371,2.1376216204708527
372,2.11961041625863
373,1.856958531030123
374,1.804924299921845
375,1.8015013123011738
376,1.6767973135659822
377,1.5533711350216244
378,1.4685925199935457
379,1.460796168207735
380,1.5472378172162349
381,1.5173822685551868
382,1.3681108258558417
383,1.3397882367331353
384,1.1919698825766956
385,1.1708271407914932
386,1.116195358189603
387,1.1072609810425926
388,1.097281748331877
389,1.0306496573364698
390,0.9884735135052114
391,0.9740223362364182
392,0.9607373282693462
393,0.9457169943746548
394,0.8606774496052836
395,0.8398901244611817
396,0.8406589029106186
397,0.797051212034002
398,0.7827251164463709
399,0.8071992012684738
400,0.7504858265731552
401,0.738134322055801
402,0.7520889968435136
403,0.7702741972615971
404,0.7724619734181819
405,0.7619904211730866
406,0.7397434387305585
407,0.7503607493227877
408,0.7409394994787869
409,0.7416599590410364
410,0.7299986580831146
411,0.7255876461469667
412,0.7014890107678315
413,0.675973695214561
414,0.7480694530308178
415,1.0117736908693762
416,1.3327187121280073
417,1.632905662050923
418,2.264867792419681
419,3.185618958305447
420,3.5768646696957935
421,3.803806845174004
422,4.81439020658837
423,5.213536522043256
424,6.858841892161454
425,6.938282930358887
426,5.4483837798616666
427,5.277685029896517
428,5.376007305510198
429,5.367256561943666
430,5.381171924674817
431,5.396423942926836
432,6.821892318336895
433,5.497947608960717
434,5.408461448311682
435,5.536049116255539
436,6.665119231309749
437,6.003090012764837
438,6.095392109922154
439,6.018871215927195
440,6.126092630724961
441,6.083452988744251
442,6.052092295350911
443,6.29231593436348
444,5.973404213062859
445,6.191181767767016
446,6.323405014343939
447,6.252013437927022
448,6.173784466188415
449,6.227422456451623
450,6.178375412353211
451,6.093816166910983
452,6.07770631547121
453,5.740135610654582
454,5.226374563033719
455,5.671574218608536
456,5.702673885381697
457,5.7642745816052114
458,5.24787446971688
459,4.958740843396914
460,5.523225901591599
461,4.954495907636286
462,4.6720048878303455
463,4.874135244099152
464,4.489562789318855
465,4.804740361648869
466,4.870830093163095
467,4.5465046878513915
468,4.787051061321007
469,4.768960746855278
470,4.445815354826142
471,4.405022883761536
472,4.455371464499286
473,4.791953914479663
474,4.129409148388287
475,4.065239371225864
476,3.702694827209939
477,3.655629917142408
478,4.223929731411482
479,3.6124728167871023
480,3.790694972747887
481,4.239587657575669
482,4.634172855812361
483,4.719321582703548
484,4.893216149326182
485,3.588331034102867
486,4.23604218118559
487,4.141805773371396
488,3.3474052328373554
489,3.3145871263157134
490,3.147504882858524
491,3.5073994841187077
492,3.277994294752393
493,3.263489154318779
494,3.44376699101833
495,3.4783869605574904
496,3.3620709711028316
497,3.39700659374203
498,3.3072883787214673
499,3.2808755428586123
500,3.200714045956229
501,2.8799291473138178
502,2.8470025340106515
503,2.55484016974984
504,2.947187325474918
505,2.8466821171363637
506,2.867168789076042
507,2.6629218164488866
508,2.6237532078499295
509,2.843176109007447
510,2.7246715042135645
511,2.5996445147965823
512,2.773014761829312
513,2.6570952271515442
514,2.807621578930219
515,3.0651954252782745
516,3.035867097943178
517,3.378594983251554
518,4.096473229851469
519,4.2079857352991485
520,4.561794553339115
521,4.880855385410633
522,4.9544861234981825
523,4.953313444699758
524,5.3181954603000205
525,5.1219254040758075
526,5.769524092244937
527,5.089877314838134
528,5.187201652974697
529,4.585933901864055
530,5.09584110963379
531,4.924341391398071
532,4.882400916105544
533,4.810804046806947
534,4.843715872158285
535,4.779821104609714
536,4.219013263144043
537,4.095588419423564
538,4.452730164749672
539,3.7275521273435634
540,3.7803088488993617
541,3.993170414705917
542,3.812466301609247
543,3.7695295837335396
544,4.083546047073967
545,4.1126126396405605
546,4.249163253423058
547,4.587623127419751
548,5.02424614749348
549,4.829447142355272
550,4.624257498831312
551,4.434340158587293
552,4.056830693369737
553,4.104517901970825
554,3.416439317710167
555,3.763023671028737
556,3.863918771389314
557,3.8772641557300327
558,3.7897478705015937
559,3.3679091578796
560,3.6333048379927875
561,3.3847491176564914
562,3.315063695525745
563,2.584785147271134
564,2.6606502907942686
565,2.7243675821123623
566,2.4821396845112402
567,2.637802855188858
568,2.4588323015898665
569,2.586643355498557
570,2.848701333151109
571,2.92093004751289
572,2.7344322560513703
573,2.9014300915574043
574,3.105695653526152
575,3.2826275404469714
576,3.292745940596797
577,2.9688339797598604
578,3.1592529274409937
579,3.3175526505633575
580,3.530964892083987
581,4.261336990255159
582,5.183101697093165
583,5.098239692289402
584,5.189839574209908
585,5.200221044702447
586,5.161474543111449
587,5.095155452873561
588,5.055720078667164
589,4.55318785321903
590,4.490598280740949
591,4.56115250618573
592,4.127428026558564
593,4.159235988054347
594,4.298203152017719
595,4.546309663291157
596,4.226542331933537
597,4.114687210122999
598,4.088359272611176
599,3.663259877426522
600,3.611717165992656
601,3.5921603687686754
602,3.4783211560407468
603,3.682694000644268
604,4.020480416220332
605,4.020510157414775
606,3.4097197584388077
607,3.39897951132812
608,3.65772997332984
609,3.6356063791197015
610,3.3547853824575857
611,3.2183508679437134
612,3.2493090590073512
613,3.1952635743943127
614,3.150884865542394
615,2.9413842876207372
616,2.8996700840261074
617,2.994472515918876
618,2.957009005810607
619,2.738137511476578
620,2.80652277563521
621,2.87232876701299
622,2.8967255878632425
623,2.809413702515911
624,2.733935251453436
625,2.842092391054072
626,2.57720996907431
627,2.535714612078476
628,2.3182409613528194
629,2.2823661404756956
630,2.239278923778116
631,2.223729054404767
632,2.092455088846734
633,1.979862601254921
634,1.988795964873545
635,2.1031443949997173
636,2.273337800070805
637,2.1880279638550615
638,2.2807267040436305
639,2.261064347697135
640,2.0313458965765516
641,1.976593693582256
642,1.995100392406219
643,1.9580604232948804
644,1.9684103766790269
645,1.9577672970400162
646,1.9791942565191083
647,2.260969947532066
648,2.0482252461920445
649,1.8421230106353779
650,1.8024278364228707
651,1.8024499875665814
652,1.6642998196973224
653,1.644559146134826
654,1.651804430671051
655,1.5115617911891508
656,1.5172318312919069
657,1.463543317368317
658,1.4507589982713314
659,1.4697568033564963
660,1.443766267065555
661,1.336980522544109
662,1.2476618921418112
663,1.2094693875146116
664,1.247771040953664
665,1.2336177372791322
666,1.1888866473880597
667,1.204039851838403
668,1.196632533757484
669,1.2737742588207308
670,1.270325210956372
671,1.4194133406944467
672,1.654891469573809
673,1.950234689452006
674,2.190922272302987
675,2.4270552350310286
676,2.6232295997797364
677,2.7182863481458686
678,3.1321266026850623
679,3.039584621224534
680,2.8477592309873296
681,2.7796476526475296
682,3.013194396616778
683,3.2504445764236434
684,3.433539339322415
685,3.6659388565992064
686,3.7467135937970064
687,3.500811305047601
688,3.863758406585581
689,4.49978395593654
690,4.14116822989245
691,4.39089227666403
692,4.238283244165011
693,4.440221108501512
694,5.041301642244874
695,5.039798712271227
696,4.731235139407103
697,4.429115969098913
698,4.689196393375466
699,4.855311146575116
700,4.895671866563058
701,4.245469583581363
702,4.612324653732349
703,4.198500657220001
704,4.142875446448865
705,3.9392998544270674
706,3.9262268901862667
707,3.9667337288517044
708,3.5916002490412455
709,3.8906529847421956
710,3.864831729309992
711,3.517350820289299
712,3.4626872690790655
713,3.342862296847333
714,3.1768313397961316
715,3.225648677129109
716,3.1955707890526237
717,2.911753008203945
718,2.7491862652424404
719,2.6785277626203152
720,2.7790540750141584
721,2.7674337988270574
722,2.48001438626614
723,2.349044275083389
724,2.2970622662341187
725,2.2979451113469103
726,2.1090998710708506
727,2.091950297895951
728,1.8542523551534709
729,1.8354948620250562
730,1.848987495547091
731,1.6587991407390792
732,1.7317164272008898
733,1.7441557901907012
734,1.6422070813725416
735,1.56864046318271
736,1.5000090115476026
737,1.5635575137470532
738,1.5073760367540399
739,1.798972518227356
740,1.9017758612998725
741,2.105324254005777
742,1.9886285338754692
743,1.9486667681877878
744,1.7984585425968478
745,2.0271853907106085
746,2.700797707684169
747,3.235463504468836
748,3.0976203051745266
749,3.195240661126987
750,3.047467551674433
751,3.4196768924717005
752,3.4906580192709544
753,3.5496167255599693
754,3.7085985237001498
755,3.5218485242511153
756,3.6258559732239677
757,3.6758273567506277
758,3.8192282665131274
759,3.7696357908020475
760,3.8853501714082426
761,3.4680226377125694
762,3.89601116309033
763,3.6332180054117504
764,4.100609575224547
765,3.444965686703283
766,3.2634803310444966
767,3.4409232716108864
768,3.3786309690817915
769,3.2011723281831497
770,3.0734530970263867
771,2.9450303108272746
772,3.1668487012505575
773,2.9046166179052397
774,3.061539470488758
775,3.2127855603486917
776,3.3632016038237906
777,3.3328838231909046
778,3.159605541183335
779,3.0667917095014636
780,3.201489843343018
781,2.9993044761466248
782,3.321760346952157
783,3.3081053942831997
784,3.2373731527244645
785,3.074430521707063
786,2.826796958155822
787,2.6205427515251882
788,2.4790452961122327
789,2.414221786084732
790,2.2517934348098696
791,2.1253655641318563
792,2.1483809714599613
793,2.179554254865701
794,2.110128742277263
795,2.0758843716394
796,2.0401736871222007
797,2.0372716164016644
798,1.8443115618226553
799,1.8543647029346861
800,1.956160934990313
801,1.982370821028287
802,2.3096997712354446
803,2.6671022971506235
804,2.96517328591625
805,2.9420569460016486
806,3.0293332543304423
807,3.209424083417777
808,3.395444365641907
809,3.5806592025940494
810,3.3321356036406704
811,3.334110001740067
812,3.7844547281536847
813,3.7479140712270342
814,3.480136233918283
815,3.615053341311157
816,3.5648780267033757
817,3.4055315126082872
818,3.036467092079918
819,2.9858733218638154
820,2.574996273682733
821,2.4538336817816435
822,2.335415501601008
823,2.1044392643052343
824,2.296234375629469
825,2.3107982968370226
826,2.2780735173897386
827,2.193662554995756
828,2.0989360074092684
829,1.9830866545848866
830,1.8642326430509966
831,1.9133406810872313
832,1.8850484082781962
833,2.096345318058428
834,2.2977430625691766
835,2.066378736969942
836,2.2344426947876426
837,2.4272009525161744
838,2.8086397073865665
839,2.959121323870216
840,3.325593529575534
841,3.4851270701036263
842,4.167721033849784
843,4.075093790333084
844,4.179515918238697
845,4.584233169885233
846,4.363393178217517
847,4.194115362595817
848,4.013880715299411
849,3.7900519840497346
850,4.427502885628978
851,4.3402824167915925
852,4.730873876144607
853,4.5386838540341845
854,4.9483778057543955
855,5.033680326694151
856,4.978945937095132
857,5.018358290632516
858,4.998161750934944
859,5.1071750813454
860,5.11523045681202
861,5.067533818640941
862,5.888374922521966
863,5.3032195626882235
864,5.926145966315992
865,5.246186883209778
866,5.179938664604734
867,5.716807422722786
868,4.896700164534038
869,5.037037479101478
870,4.78931738671344
871,4.953670741897463
872,4.74213918425235
873,4.540288222193298
874,4.743816484767807
875,4.434191955963409
876,4.432958003602858
877,4.284756863025108
878,4.190301101200561
879,4.165572168491913
880,4.4638730874583485
881,4.599802403094863
882,4.524632165652953
883,4.147300701457398
884,3.9621268881701868
885,3.609346099800849
886,3.2574717155017994
887,3.27665113727034
888,3.1875938787366382
889,3.2266688122087293
890,3.2507703237779135
891,3.1696760558007577
892,2.918249651595619
893,2.6813164953780078
894,2.4265886747491305
895,2.7503432911410712
896,2.3888461960086627
897,2.272666254526873
898,2.2550557432881697
899,2.1074974540953244
900,2.024596072134972
901,2.014103075084369
902,2.1235720077407274
903,1.9242181330135213
904,1.8078509291595153
905,1.7980271143586852
906,1.6844350871137224
907,1.6403961851292432
908,1.6931149986142007
909,1.782060835061115
910,1.9336787509971016
911,2.2044055528135185
912,2.229415503882783
913,2.2915843341232867
914,2.622168982895577
915,2.641489422675973
916,2.404679139610937
917,2.348110166772188
918,2.3632683206916756
919,2.3450073861598937
920,2.393063060584726
921,2.4007713295915725
922,2.6657939447113175
923,2.6243783208740923
924,2.642757051734141
925,3.154537334063313
926,4.318592062739561
927,5.480975235469514
928,5.92970411805897
929,6.4801043557990905
930,6.9375770839754205
931,6.277593032508446
932,5.9808266630133105
933,5.877962557102224
934,5.921771566111232
935,5.831378693827184
936,5.684948709520537
937,5.203130752442861
938,5.478876095501932
939,5.195687566983241
940,5.141875644877557
941,4.996353405451431
942,5.08785495159157
943,5.57461456920658
944,5.092685738896571
945,5.725027875126758
946,5.763089889970202
947,5.1939146303257875
948,5.656675406116395
949,5.114428486523577
950,5.690577729492401
951,5.6094292165289925
952,5.677718949659938
953,5.150749685165873
954,5.076936673941097
955,4.999044811696661
956,4.607427545884701
957,4.973015108289652
958,4.764680500751872
959,4.438231828221688
960,4.1058063858271066
961,4.562295565049564
962,4.598188664011461
963,4.250503224233708
964,4.021350345490004
965,3.8534373919047327
966,3.923451356193687
967,3.9045347491669546
968,4.042868134006049
969,3.6718499403314353
970,3.673316304093888
971,4.4313284376400786
972,4.5489942841466044
973,4.778625591100598
974,4.936624244266424
975,5.514614570589474
976,5.55836557580183
977,5.6035095841657325
978,5.662575258259306
979,5.705500677496684
980,5.706694318358441
981,5.7445657198117255
982,5.754951130048179
983,5.729356729587924
984,5.822183079564752
985,5.883358729520654
986,5.906910872995398
987,5.870704993431623
988,5.909685727261429
989,5.70401814359071
990,5.70401814359071
991,5.594616933322277
992,5.255133175323478
993,5.056646742519868
994,5.023374770377394
995,4.987656835731071
996,4.939011817140851
997,4.770283912171521
998,4.933182063181696
999,4.927263026861609
1000,5.5532514969553395
1001,5.26055961042623
1002,5.6586037306673616
1003,5.092227795805269
1004,5.6242415605060785
1005,4.907364422468267
1006,4.840823095158618
1007,4.390589017030502
1008,4.533554404886403
1009,4.213486455583477
1010,4.120862069029188
1011,4.0956466534418885
1012,4.462323965956415
1013,4.562080342693214
1014,4.188705655487403
1015,4.0460826899034945
1016,4.08231053534602
1017,3.8524605277321813
1018,3.3751301759091996
1019,3.327241263477716
1020,3.4512889002539437
1021,3.3440913093110236
1022,3.1080727669984847
1023,2.8946301291775387
1024,3.129165535125392
1025,3.2106403710765172
1026,3.18416605747271
1027,3.0503336334581244
1028,2.9629074413434804
1029,2.946621050714701
1030,2.4007138703705215
1031,2.4117824538477577
1032,2.3413801778409624
1033,2.2639466611265076
1034,2.371535452205295
1035,2.318007770292501
1036,2.2868682049464253
1037,2.230795902101151
1038,2.22727452919864
1039,2.4646990022505255
1040,2.358344129615167
1041,2.1679051820863493
1042,2.1808992423614777
1043,2.2187060038124375
1044,2.1240490423169067
1045,2.067028473568811
1046,2.1175355506233164
1047,2.0910569417116807
1048,1.9422375909908856
1049,2.122461539795038
1050,2.2667132144412028
1051,2.2925213640928104
1052,2.309055168500205
1053,2.413203823723399
1054,2.593139121816257
1055,2.470992228438881
1056,2.5264485755718673
1057,2.478434050387807
1058,2.36863724799692
1059,2.5741077333466795
1060,2.483120000112818
1061,2.444908575414275
1062,2.494445103998486
1063,2.628678847276403
1064,2.6459174142907838
1065,2.6596415401628732
1066,2.8463582505739313
1067,2.902860611197584
1068,2.9549814763574873
1069,2.89917917858083
1070,3.2912267478831296
1071,3.492104663811894
1072,3.529425699326438
1073,4.038132842536514
1074,4.177763268882988
1075,4.34523240905521
1076,4.3988216187377915
1077,4.400194475930064
1078,4.435840883337753
1079,4.133559925807928
1080,4.052069882116729
1081,4.121411346166482
1082,5.362287077718083
1083,6.019826041995381
1084,6.355270952736434
1085,6.947013586193642
1086,7.803852122225898
1087,8.417063292011395
1088,8.574452931651035
1089,8.574452931651035
1090,4.749625051435036
1091,8.296012013803715
1092,8.286276677997998
1093,8.335873852571956
1094,8.49235833705644
1095,8.06636184055994
1096,7.9575049837030845
1097,7.865572824270926
1098,7.76357792761474
1099,7.236610468166632
1100,6.625290490437075
1101,7.145902334626201
1102,6.063274968002487
1103,5.872746165503661
1104,5.806914235083575
1105,5.635528141346812
1106,4.908268372209315
1107,5.032310853502946
1108,4.548733320973139
1109,4.464166843936818
1110,3.9230084233528952
1111,4.055521615795255
1112,3.72156535517098
1113,3.6163786293682336
1114,3.376626663602932
1115,3.257490907307555
1116,3.308570892750588
1117,3.4224323680516666
1118,3.091329344480252
1119,3.0121812617730357
1120,2.79719421550305
1121,3.0518130056308608
1122,2.83746417740484
1123,2.9397888582659584
1124,2.840410946561174
1125,2.8506562731394363
1126,2.7970097304035364
1127,2.826598460533056
1128,2.770469166851968
1129,2.7498856190151684
1130,2.7776645185185456
1131,2.774407397005219
1132,3.1250747827133076
1133,3.1397652714880144
1134,3.005441162319824
1135,2.8804779039978112
1136,3.1446398281780343
1137,2.937956897477509
1138,2.742661716570098
1139,2.8778387363390436
1140,2.9014734156612922
1141,3.187778480628601
1142,3.2061933837221153
1143,3.0951148582425874
1144,3.2292464629110276
1145,3.2834592520698505
1146,3.312912602365633
1147,3.328587613282621
1148,3.422516096416298
1149,3.4054843696891495
1150,3.316046170600153
1151,3.578762766634555
1152,4.151489764659578
1153,3.5547198712300636
1154,3.505981951424209
1155,3.8844590715429543
1156,3.9227238969026668
1157,3.903766019394906
1158,3.568968384487761
1159,3.3623239062475627
1160,3.3010199076779956
1161,3.0520066055197166
1162,3.30110956646729
1163,3.266765567331336
1164,3.3276229089919633
1165,3.4252413344596824
1166,3.5446580380080004
1167,3.848744897302557
1168,3.5226564184899143
1169,3.310167565112702
1170,3.2643204899850726
1171,3.2037364935385617
1172,3.26621614962002
1173,3.284300553862142
1174,3.055965599762503
1175,3.058542089979531
1176,3.2392530845918683
1177,3.192792645172619
1178,3.295643672641679
1179,3.286269591786958
1180,2.851588201056721
1181,2.8468302143440574
1182,3.0067819169527334
1183,3.2050424486682036
1184,3.2491554963498976
1185,3.1243335283330387
1186,2.882031400868074
1187,2.8931570037245486
1188,3.186973063747632
1189,3.2334279880160643
1190,3.249468272784633
1191,3.1217420560766205
1192,2.9027390302080858
1193,3.039482736611032
1194,3.0568587455694884
1195,2.9224809787251926
1196,3.058965370560771
1197,2.9006468505695358
1198,3.0564913483863014
1199,2.583073191803206
1200,2.8792954657087186
1201,2.9135388421343036
1202,2.9397381891841103
1203,2.879750745097187
1204,2.4733182009448607
1205,2.8756200411622017
1206,2.600634291140649
1207,2.552962132356312
1208,2.905066199958333
1209,2.9829258468348345
1210,2.882181487790013
1211,3.1575613154111175
1212,2.8826831443928502
1213,2.9805887429613525
1214,2.60541893810426
1215,2.843758527465092
1216,2.684156096207047
1217,2.833018841935433
1218,2.6170827773472456
1219,2.833117529189093
1220,3.050402318776748
1221,2.7631156010927658
1222,2.812902120796979
1223,2.6403812864150735
1224,3.0542406643265583
1225,2.7417231476566326
1226,2.6586156111194708
1227,2.755275533153904
1228,3.0739953364352135
1229,3.2432697534364396
1230,3.383925168166562
1231,3.434888465430017
1232,3.3668393469941873
1233,3.36940719639363
1234,3.226326838635679
1235,3.272293030388065
1236,3.2218541687579743
1237,3.235230536283919
1238,3.2896788379460764
1239,3.2817900473882986
1240,3.309897432474375
1241,3.2044555011536753
1242,3.3373316080268145
1243,3.5151564063140524
1244,4.501712419517345
1245,4.77459542929762
1246,5.516465295763651
1247,6.544628367136837
1248,6.720161860431893
1249,5.475460883385971
1250,6.081599198815598
1251,5.810788975168116
1252,5.870787405208235
1253,6.072811168417962
1254,6.9185265385809585
1255,6.644801385567514
1256,6.434093582256347
1257,6.7133125989829985
1258,7.3508615275883065
1259,7.154131924766608
1260,6.256729924981054
1261,5.924376772421634
1262,6.465903562275425
1263,6.001174035893839
1264,5.840779069610282
1265,5.786717285507597
1266,5.70161039043401
1267,5.640934809213161
1268,5.158544489292441
1269,5.084107537416538
1270,4.9908435167389795
1271,4.763719394176533
1272,4.433394353366892
1273,4.845339703801373
1274,4.853672678727896
1275,4.926773930648983
1276,4.559887528266929
1277,4.836537304142186
1278,4.637157550927242
1279,4.781370904234295
1280,4.756586501193376
1281,4.039903926144408
1282,3.979870364077562
1283,4.025466730417448
1284,3.9287617796876684
1285,3.9560937456721996
1286,3.882031860457836
1287,3.8847176786955746
1288,3.883122563829378
1289,3.9560029994147023
1290,4.078161338080271
1291,3.3516055055026635
1292,4.049628088533664
1293,3.6083469153823633
1294,4.522535522211278
1295,4.457737273279737
1296,4.476986480763092
1297,4.898524660821276
1298,4.272130289355221
1299,4.880269563726475
1300,5.087901683565656
1301,4.8323763723614555
1302,4.823277685774858
1303,4.309367351980093
1304,4.138021515238781
1305,4.001575428127577
1306,3.875073780756442
1307,3.331902627776946
1308,3.8304906553203413
1309,3.8291331089458502
1310,4.005102828583804
1311,3.5749103818914474
1312,3.5319527751832505
1313,3.29616350093685
1314,3.203973968023552
1315,3.2034742514425454
1316,3.197011766919415
1317,3.0417174031774383
1318,3.0206534549754176
1319,2.9725966364643286
1320,2.907569288505344
1321,2.9088421386834575
1322,2.8754274318374002
1323,2.9092633826045136
1324,2.8292719974367935
1325,2.9268512359865264
1326,2.91011075267128
1327,2.838030112623557
1328,2.8534872087600807
1329,2.63683882846268
1330,2.7349166502077873
1331,2.4397105367707663
1332,2.7421259380589227
1333,2.4856370077125343
1334,2.7648404803409843
1335,2.792618499886769
1336,2.9392659413368567
1337,2.9311207825849235
1338,2.54362145465186
1339,2.7645516316903875
1340,2.4254738257089032
1341,2.2741118119003265
1342,2.2693421812449985
1343,2.2623462673615844
1344,2.42417772057146
1345,2.4353966056316834
1346,2.4422546011397688
1347,2.41142290803913
1348,2.2865171689276744
1349,2.2846821063305116
1350,2.4525356755252887
1351,2.412983433124488
1352,2.8976911161784673
1353,2.9391227710459757
1354,2.9368436883895734
1355,2.8168346546323644
1356,2.642043280073167
1357,2.8532281189047373
1358,2.920077255235239
1359,3.1972888021388948
1360,3.4824865172832737
1361,3.5880299038644137
1362,4.511874587770792
1363,4.703151862939314
1364,4.705746121533572
1365,4.931067990413762
1366,4.785313143532886
1367,4.665516522158559
1368,4.2226735652973035
1369,4.156834132188947
1370,3.6000909931489775
1371,3.949917235421363
1372,3.3111887229130805
1373,3.4632158626571097
1374,3.3683797553672785
1375,3.5026445912551925
1376,3.9315968691913343
1377,4.224159718315918
1378,3.9014458800115057
1379,3.880486608388943
1380,4.0383631891850325
1381,3.902826654634587
1382,4.023658956862672
1383,3.867495605286717
1384,4.070684550964382
1385,4.065737222548625
1386,4.451394942496252
1387,4.532628568742592
1388,4.533741817419082
1389,4.876326600286765
1390,4.708674295610603
1391,4.991443269716803
1392,4.829894740390764
1393,4.6712967334328495
1394,4.646622714924323
1395,4.156916529813972
1396,4.4528727895204705
1397,4.4578906653879775
1398,3.985553506759704
1399,4.010058430508286
1400,4.7718263770483675
1401,4.5614391946331425
1402,4.483471976113389
1403,3.974990989868375
1404,4.453636383748029
1405,4.4956632855124905
1406,4.869252053243958
1407,4.728645879195445
1408,4.769578571820735
1409,4.73744545552329
1410,4.881484081576816
1411,4.5430735732636816
1412,4.554547287758796
1413,3.6198404806489415
1414,3.88684539986926
1415,4.180221424952439
1416,3.8884280535647835
1417,3.9127821241753526
1418,4.539512806472772
1419,3.828876507152218
1420,4.037645632782286
1421,3.86431704023535
1422,4.001941673813615
1423,3.644845579516271
1424,3.7955444361065993
1425,3.66156885408699
1426,3.8406997583298024
1427,4.005672083698765
1428,3.8303212460463745
1429,3.7412888256286507
1430,3.9007668888564475
1431,3.606193260766509
1432,3.5780416798382304
1433,3.851666577631231
1434,3.5672009347072837
1435,3.45673505554863
1436,3.496085946314968
1437,3.4068813109676737
1438,3.470650223510825
1439,3.366421117284651
1440,3.2595912183464057
1441,2.6213442349513505
1442,2.58234899663728
1443,2.7700590465662938
1444,2.5461634713773456
1445,2.500157486374771
1446,2.342775827621322
1447,2.2394694209564894
1448,2.174383440031732
1449,2.2529794064987225
1450,2.262526989975286
1451,2.174275602769739
1452,2.1238349306124897
1453,1.9319346323412019
1454,1.914892832321133
1455,1.7660044718325418
1456,1.7083067509843393
1457,1.9226456905846983
1458,1.9184834386287812
1459,2.2145046016538052
1460,2.262011512391322
1461,2.4611008948434274
1462,2.613536923945037
1463,2.768230165635765
1464,2.664292941532017
1465,2.8792626141252526
1466,2.8967202350534738
1467,2.874058599969752
1468,3.1639392543691685
1469,3.1223176656142178
1470,2.90187463405808
1471,3.027909168473631
1472,3.3781405117998404
1473,3.3405624101112736
1474,3.1341019661566487
1475,3.2269766690876645
1476,3.208615608233457
1477,3.2977850862606854
1478,3.4681949049313827
1479,2.953266959156148
1480,2.8853016792066795
1481,3.078805718071588
1482,2.868471180045095
1483,2.6199252892289624
1484,2.436528983237541
1485,2.2953715110143937
1486,2.2559932580372877
1487,2.305145817761007
1488,2.354350777572079
1489,2.3080445632614257
1490,2.470781682407329
1491,2.8769513096077857
1492,2.845252351140274
1493,2.6824065572834876
1494,2.520203523218974
1495,2.2821456577514425
1496,2.525848788002365
1497,2.392725353341575
1498,2.4246466926240067
1499,2.3037100948575535
1500,2.1733770416294087
1501,2.2417048636383035
1502,2.2121408670160214
1503,2.1942090090691986
1504,2.263991891378089
1505,2.489376182803463
1506,2.5893540575778475
1507,2.707683262971864
1508,2.998955872375734
1509,3.301469505455785
1510,3.5633832042098312
1511,3.9553571449135747
1512,3.905984823234556
1513,4.8244358737638455
1514,4.670779804184328
1515,4.933994260373726
1516,5.35372474359378
1517,5.349061904502371
1518,5.3218199773520025
1519,5.430630043057432
1520,5.944392846452664
1521,6.691201560676242
1522,6.271836437625275
1523,7.299773374098143
1524,7.14555040039756
1525,7.671314578917095
1526,7.841567141268089
1527,8.230441640284477
1528,7.743789384362487
1529,7.896998226946328
1530,7.8372347134328155
1531,7.664497615284428
1532,7.756667896616001
1533,7.592955200492013
1534,7.189465678298972
1535,6.726027604838955
1536,6.949059320514386
1537,6.627017624602194
1538,6.380146220580196
1539,6.161783419524734
1540,6.769421997943283
1541,6.969240273852744
1542,6.448031491074777
1543,6.307921031290594
1544,6.258043043559561
1545,6.425773746636321
1546,6.444582373886412
1547,6.725481372697973
1548,7.266735756781083
1549,6.607442930204499
1550,7.197605385205965
1551,7.427599590100908
1552,7.609617924464248
1553,7.346708672652017
1554,7.6149575969351115
1555,7.664073846133879
1556,7.19082359381726
1557,6.618784601534961
1558,6.286491524598877
1559,5.839008747386109
1560,5.755880625330031
1561,5.748051432812797
1562,5.627603191881545
1563,5.1355583087691095
1564,4.864511741976536
1565,4.882960341019613
1566,4.796169083232473
1567,4.685347360524037
1568,4.781256032675333
1569,4.843691503291368
1570,4.739295627568959
1571,4.798765934083234
1572,4.784417191545711
1573,4.237395630005892
1574,4.526708062589755
1575,3.948007241046395
1576,3.9097754760377414
1577,3.899654151370613
1578,4.046847758320283
1579,3.5256161890721995
1580,3.5241886498502435
1581,3.4851938475582194
1582,3.8884361339252895
1583,3.8901566234893665
1584,3.643741603169685
1585,3.5553790655903876
1586,3.8380901327705583
1587,3.6230751874588636
1588,3.753427667783634
1589,3.573149904910654
1590,3.80102642100558
1591,3.594684612891489
1592,3.590611674332091
1593,3.7862552222529575
1594,3.736821238142198
1595,3.592128421192246
1596,3.524179816415417
1597,3.5850345212119783
1598,3.565825441611363
1599,3.8793934489892
1600,3.3879959781009
1601,3.5046172758528775
1602,3.6769149363409137
1603,3.9145286718138363
1604,3.8497708516494966
1605,3.558500919904454
1606,3.3189491335498515
1607,3.2053820340880605
1608,2.831919894205349
1609,2.803669578828899
1610,2.5524970932268287
1611,2.78357942278258
1612,2.4075247965942848
1613,2.308028687542669
1614,2.2045888109861282
1615,1.9161949460002985
1616,1.8748921800940073
1617,1.7704464083904972
1618,1.6396408562430256
1619,1.5023868929871267
1620,1.5142926632676648
1621,1.4939616366431683
1622,1.4958611894097344
1623,1.4928594025757909
1624,1.458111094028464
1625,1.4639346439839407
1626,1.4521561687323108
1627,1.4935328795455127
1628,1.4002628152519287
1629,1.4964149672896205
1630,1.7096868116609345
1631,1.949313653688115
1632,2.23569522261724
1633,2.247962067054708
1634,2.7763521458839424
1635,2.929467938506799
1636,2.966217650341079
1637,3.1480739934313835
1638,2.543415670774442
1639,2.609282753168372
1640,2.9036678000195755
1641,2.9029475942395946
1642,2.961066388520126
1643,2.9561014521407167
1644,2.861581535285883
1645,3.1733915436006845
1646,3.0402999904798844
1647,3.223748463883238
1648,3.2833264754894356
1649,3.254012047676747
1650,3.2023360545131108
1651,3.14649001607154
1652,3.118323725760725
1653,2.621506594704784
1654,2.9852377737872873
1655,2.913296398066575
1656,2.876732864292483
1657,2.6215963414641683
1658,2.6223490465505557
1659,2.7782820067679097
1660,3.045105503246047
1661,2.82151475132971
1662,3.098536564008824
1663,2.870177334177979
1664,3.2508360427595426
1665,3.197026381780258
1666,3.280863587857123
1667,3.099349088495835
1668,2.8451887613732243
1669,2.807017839098235
1670,2.8060265245656213
1671,2.7830102402065364
1672,2.4464659169563263
1673,2.4741683792025526
1674,2.3728106801579854
1675,2.4708606055213767
1676,2.288799764370899
1677,2.2620662850205764
1678,2.2965539165371274
1679,2.1568640789878746
1680,2.120403826617325
1681,2.1539491406511564
1682,2.1880200975987627
1683,2.1812382308309632
1684,2.190728208697868
1685,2.2265290745166886
1686,2.139008453143857
1687,2.1966711240790824
1688,2.160090601045388
1689,2.1731679155689365
1690,1.9210480870366087
1691,1.8646412536578507
1692,1.971669678758257
1693,1.7272096485273831
1694,1.741771611570799
1695,1.7316775365329156
1696,1.7869517287682573
1697,1.7381708611734175
1698,1.8824454690443015
1699,1.8293973962062706
1700,1.7139070366077753
1701,1.6579501997712482
1702,1.6731943931433144
1703,1.555166080548396
1704,1.5367488124134578
1705,1.5113153307568068
1706,1.532282251253005
1707,1.55818143180275
1708,1.611387647991924
1709,1.8191042737505339
1710,1.9351334555914281
1711,1.949215480211495
1712,1.9586177107497613
1713,1.9793690837477635
1714,2.013715956537436
1715,1.9817182635624864
1716,2.2260606841597284
1717,2.2004528058792974
1718,2.711120659713396
1719,2.945439611680327
1720,3.297122571453811
1721,3.442587196618681
1722,3.8257589040486817
1723,3.658150842675861
1724,4.238670913858099
1725,3.818284956948338
1726,3.918002894560148
1727,3.4971724812817255
1728,3.6676185230960905
1729,3.8819993072493224
1730,4.5193889881176865
1731,4.224535871155893
1732,4.533638783805033
1733,5.382354009000956
1734,5.439944044754024
1735,5.857470939844223
1736,6.106696880714817
1737,6.0195873757953064
1738,6.402957961637469
1739,5.232314811762736
1740,5.209595618842107
1741,5.484565809287659
1742,5.5123252119369015
1743,5.131403149026302
1744,5.041357287539541
1745,4.767607011610071
1746,4.789058479025706
1747,4.67961964435868
