,0
0,1.0685946824377237
1,1.1050364357891638
2,1.1627326525688637
3,1.3084236857821048
4,1.3535075012603845
5,1.2085877819798796
6,1.1793007269039077
7,1.1815045302030756
8,1.2710433357390056
9,1.3110069675551064
10,1.4494013977073938
11,1.2632373732601365
12,1.2411953097446322
13,1.3217086222916827
14,1.315038033229995
15,1.3131679972132986
16,1.374000190775818
17,1.3342329925038263
18,1.313391613150805
19,1.256921397892715
20,1.2293208071929127
21,1.4984852321888855
22,1.500188089295252
23,1.3810031749881135
24,1.400977538637256
25,1.2708167438175935
26,1.2750957852638718
27,1.130482650188726
28,1.2966132687565262
29,1.1231183293378422
30,1.3441699500422717
31,1.2641837210018385
32,1.284258685525683
33,1.206463173850393
34,1.1437793907837632
35,1.1344267230124916
36,1.1139528290993896
37,0.9826028476883484
38,1.065266862811638
39,1.2460901595414562
40,1.213009579094856
41,1.3102405249480369
42,1.5517578854782803
43,1.267386536241311
44,1.2334810416778244
45,1.214144846363508
46,1.2715900138589855
47,1.2117203426214849
48,1.205103203233854
49,1.2919416945827982
50,1.3073596550619577
51,1.2513335073585368
52,1.441020216725773
53,1.3133369440885452
54,1.342790394035689
55,1.1225080797184888
56,1.238893366719187
57,1.249733824649531
58,1.3038679820967574
59,1.5123711086041083
60,1.6708019011151907
61,1.5974939862104416
62,1.4808880968917022
63,1.511891854654039
64,1.6465805988940443
65,1.5771715529663302
66,1.830385169351796
67,1.8091633692728213
68,1.5762959786215491
69,1.4671317676116313
70,1.516268313117586
71,1.5751992860013626
72,1.6544864907715187
73,1.5315225675070763
74,1.6544986223393332
75,1.7922403156182998
76,1.6899595084542072
77,1.6734240345342744
78,1.7302202858680373
79,1.8625912695040523
80,1.7601936880479276
81,1.454134227638693
82,1.4759703076283124
83,1.365322482993167
84,1.4541071470279687
85,1.4500847972926847
86,1.4478622712577072
87,1.7562209578414696
88,1.5969790523206608
89,1.6713893397400506
90,1.783144614352757
91,1.8686354271294983
92,1.8019975554497338
93,1.5672095286255026
94,1.6112154242466903
95,1.4493179771093267
96,1.435742357081597
97,1.4327647548473887
98,1.4267112974280602
99,1.5171577067909618
100,1.4405423998340485
101,1.5757007421651028
102,1.7695347895762668
103,1.497688539376869
104,1.4977553204172263
105,1.501652390748507
106,1.418352669040542
107,1.310233862513843
108,1.4130521137139456
109,1.2676690476126242
110,1.2185428770912703
111,1.3114502962903842
112,1.235483082296715
113,1.1909078730851728
114,1.1703510501540244
115,1.257276786666599
116,1.1615433323221356
117,1.2729651185462887
118,1.2317744515103994
119,1.2774417760734698
120,1.232194176843957
121,1.1401664772746207
122,1.1397009893950913
123,1.1152228789081666
124,1.186348952721806
125,1.3049664604898892
126,1.3086688849342096
127,1.4065360133402804
128,1.3910137622537857
129,1.29783366744658
130,1.197677766868743
131,1.4116119329347208
132,1.5950464568113825
133,1.5440906136905816
134,1.4692686590747743
135,1.5044424027191006
136,1.3377433460860029
137,1.30471318447913
138,1.1497452475670875
139,1.1110608262124075
140,1.1147843747217163
141,0.9838406545355943
142,1.0247603409423063
143,1.2377172253629314
144,1.2883623491967822
145,1.6001929228766587
146,2.031359922283028
147,2.642305562038085
148,2.8548937655436677
149,3.338255114537467
150,3.582030493987115
151,4.154006736035646
152,4.743465905704107
153,4.66945634858878
154,5.50954527861226
155,4.585502099695059
156,4.697637064621099
157,4.137400768909548
158,4.0613671173294295
159,3.982395675282323
160,3.908824750047866
161,3.571781436419625
162,3.982051533219427
163,4.158364753285192
164,4.216734561313217
165,4.5311865783399625
166,4.515935462248219
167,4.084519058520509
168,4.490676217849527
169,4.058708703733181
170,4.167406157231552
171,4.199517222533208
172,3.9960301326794316
173,3.7749582882094757
174,3.594729546803936
175,3.718227331318356
176,4.10438788083051
177,4.151683121999162
178,4.516275246265203
179,4.261842747143964
180,4.2714424658832
181,4.197464733104144
182,4.094972372287996
183,4.073589063387719
184,3.6849931923666035
185,3.742254297873624
186,3.973645225926908
187,3.5604046973979693
188,3.971328464714723
189,3.543796237393795
190,3.6070709568297334
191,3.4953785443249483
192,3.4592787632266426
193,3.115410081707285
194,3.0859819978348786
195,3.1004354148221185
196,2.876990025580492
197,2.542493937069214
198,2.4825860746711577
199,2.5636966716452845
200,2.3837202898277354
201,2.1872237764702827
202,2.2513084541193913
203,2.2288176220189477
204,2.168778696995112
205,2.162009243774901
206,2.138213276483926
207,2.2440207690043956
208,2.1463753387555564
209,2.113024843114271
210,2.2296734324924206
211,2.2493691549718795
212,2.2371083046056275
213,2.250481159865737
214,2.056630979818578
215,1.9958322845451586
216,2.093535328590616
217,2.129100245188923
218,2.0366404587655413
219,2.127896913965569
220,2.0200036344576637
221,1.8802017987422686
222,2.038968386997771
223,1.9553579910201802
224,1.9015799559227335
225,1.905738713249336
226,1.861930768735202
227,1.975151862459011
228,2.0416132435405387
229,1.9944561536289036
230,2.0751729209475673
231,2.1127902004215646
232,2.220867637270562
233,1.9859400981921935
234,1.9735187427887853
235,1.8505896023045099
236,1.7853085379851175
237,1.647078628932781
238,1.8025083251041694
239,1.790061680095542
240,1.7829804644824665
241,1.8506021947011373
242,1.7871956570229826
243,1.582307028150794
244,1.5918530725461568
245,1.6619554936261445
246,1.5698794255848085
247,1.508813884823047
248,1.5403701720731868
249,1.5225622794402054
250,1.4806507724431004
251,1.512792796645458
252,1.535939597646809
253,1.6418858618945202
254,1.5848949789297178
255,1.5933579831198301
256,1.517752803763635
257,1.5561332604119398
258,1.3174098844875213
259,1.33848657943566
260,1.3336440319812393
261,1.3346663429949763
262,1.321283540313726
263,1.278876566769955
264,1.1750452777601033
265,1.175079364337616
266,1.1662864861114879
267,1.0881664518451932
268,1.0488931536581838
269,1.0899402743904791
270,1.0239469892695936
271,1.0814740226604291
272,1.0256059746159107
273,1.1518957445665574
274,1.253563056059322
275,1.3432978762347678
276,1.5257347169267552
277,1.639260086135072
278,1.6617498997915023
279,1.8525478284953272
280,1.8941960988243358
281,1.9090637113809699
282,1.9674682540161692
283,2.237973508374172
284,2.355873584660883
285,2.8548937655436677
286,3.0213236322874515
287,3.49004999347436
288,3.841419222221556
289,4.123049101553181
290,4.340992878534857
291,4.59138172737399
292,4.564927070158568
293,4.772942170388129
294,5.552522259960344
295,5.552522259960344
296,5.552522259960344
297,5.552522259960344
298,5.552522259960344
299,5.536200854312076
300,5.479596362342271
301,5.479596362342271
302,5.436619380994187
303,5.247867917772177
304,5.194501502848098
305,5.409163992624249
306,5.38827706943392
307,4.5980614923717145
308,4.178449801196782
309,4.147494552899135
310,4.81989105974241
311,4.853833358997412
312,5.2204535349971914
313,4.466961039898395
314,4.240506529358506
315,4.164632349508104
316,3.7158919142145828
317,3.4189443538149464
318,3.374864442521083
319,3.5174957161262097
320,3.311877731544584
321,3.570083010575961
322,3.435361367858611
323,4.073239628522211
324,4.027611230133093
325,4.160450922973412
326,3.9878753921729384
327,3.9891624746844068
328,3.452166705868265
329,3.175657104798104
330,2.6176477526668065
331,2.582744250760421
332,2.5006230421679265
333,2.3809041276495666
334,2.493999491766499
335,2.5325500149264313
336,2.4865263559793997
337,2.4635511485906623
338,2.383668463256607
339,2.357563122893961
340,2.271847761955157
341,2.164357685667004
342,2.2746918409584134
343,2.5994830446581387
344,2.697211369395057
345,2.60200694270249
346,2.413804062833243
347,2.2259747325242074
348,2.161050947918377
349,2.6161617109079387
350,2.8577761988147277
351,3.3664067021969513
352,3.350130031460157
353,3.3283543727367535
354,3.3079572158943624
355,3.1016627016582476
356,3.101124612144004
357,3.3301658553945193
358,3.125470673329349
359,3.09478191706633
360,3.2578497503424493
361,3.0560433821723807
362,3.0957126821138923
363,2.6264772039091135
364,2.614750224470878
365,2.2512635506264003
366,2.183608663175121
367,2.027420668552822
368,1.9074675545709787
369,1.8026470018469027
370,1.7988137117859504
371,1.9151788170184592
372,1.8065780912890188
373,1.8094657044926066
374,1.9813915456857083
375,1.9827265940472139
376,1.5948972228622267
377,1.5307903377503147
378,1.4773202099950984
379,1.343894312069586
380,1.330268264395757
381,1.2245959079075226
382,1.343094690552607
383,1.3137788186671218
384,1.327311491134514
385,1.350799173117737
386,1.4604684460836275
387,1.3299669008336492
388,1.2993095351907427
389,1.2589064657512656
390,0.9754515126911364
391,1.064901026977833
392,1.0894460987831809
393,1.109153721055544
394,1.2233106830844735
395,1.1349379841329326
396,1.1964520302125374
397,1.1814443581461398
398,1.205697777646634
399,1.1651367614821104
400,1.1105071131894144
401,1.0922486380515668
402,0.9659826350113221
403,0.9868847135790784
404,1.0912448928322596
405,1.26844562608102
406,1.3869297420590458
407,1.431314026773153
408,1.5470469339145085
409,1.6714970109403635
410,1.9821928931147275
411,1.9137725168256303
412,1.9182270253135836
413,1.9912285223352455
414,1.8354762230106114
415,1.8365747560981938
416,1.9663178172488505
417,2.0925097376512127
418,2.285938496499324
419,2.322078124327132
420,2.178708570496288
421,1.9611794568642311
422,1.7935952625121316
423,1.7229622354431466
424,1.6455593257396395
425,1.531797389079348
426,1.3630069558131286
427,1.3510691544395839
428,1.3495269059612451
429,1.4387109765971722
430,1.5439784424495024
431,1.65783803753741
432,1.5986049387827417
433,1.5368668151012934
434,1.5208277808695256
435,1.5409136516680555
436,1.502556059194546
437,1.463443349690513
438,1.3322813152725157
439,1.2378691979166376
440,1.3103619881478392
441,1.1824360870034405
442,1.3059623096562756
443,1.3627713367000103
444,1.410220226337074
445,1.3202200491128906
446,1.3043531679410014
447,1.2505825086666968
448,1.2351669617355434
449,1.2664534504859362
450,1.2577642910666795
451,1.3056912784402814
452,1.2101231778230677
453,1.1356517583834358
454,1.1335831335187934
455,1.17185595629587
456,1.107172039894386
457,1.089516708721817
458,1.1046322825001451
459,1.0962818233654619
460,1.090760784629707
461,1.1402396124427976
462,1.0892241336099713
463,1.0380082310705858
464,1.014851918864366
465,1.0068701760764038
466,0.8538740494642509
467,0.8611231780962023
468,0.8498756977816438
469,0.851699851880469
470,0.813112578601335
471,0.8454124457888657
472,0.8433733768074172
473,0.8552039180650033
474,0.8581379991286627
475,0.8447765342908147
476,0.7816935798281901
477,0.7885505598447419
478,0.7292212403227333
479,0.7256531075572662
480,0.7087806031765556
481,0.712846261989868
482,0.739093006680972
483,0.7224654965137998
484,0.7568856748144288
485,0.7373209919781174
486,0.7147298565182025
487,0.7203375958337679
488,0.7234904198986327
489,0.7706075266446852
490,0.7706075266446852
491,0.770748149004824
492,0.6978902507351444
493,0.8987681409589361
494,0.9150476968228809
495,0.9060742112460822
496,0.8535740694303312
497,1.0294814102664405
498,1.2996861853120427
499,1.450692574305242
500,1.418642651527015
501,1.3636801836759338
502,1.4214043507684433
503,1.5348255338943364
504,1.5179233158647034
505,1.5399748052799351
506,1.594734127149015
507,1.3794871380834082
508,1.265230467756696
509,1.2998120621414389
510,1.2592387945582153
511,1.4348366720911094
512,1.4942111006474754
513,1.3688705799713343
514,1.5397353075976072
515,1.5551952105920959
516,1.5589160752537496
517,1.6039817275182782
518,1.6542582628604139
519,1.4596129942528717
520,1.3962178815823294
521,1.6402311083548553
522,1.7052013323005741
523,1.5910741792319105
524,1.893364149301477
525,1.8004880664151932
526,1.7826744109704635
527,1.6083490538926297
528,1.9347725869935941
529,1.7710152859495945
530,2.0077804033626325
531,2.0165299268879537
532,2.0169946703212984
533,1.839614452461398
534,1.9425854377288692
535,1.8677114560544417
536,1.9255345147935432
537,1.7660105075798733
538,1.786679079141783
539,1.754603332268673
540,1.7878368693106323
541,1.6926387441790267
542,1.6319048256208328
543,1.6135026935251406
544,1.564350206474088
545,1.7461992315933734
546,1.7079204982770322
547,1.7902921981328586
548,1.8872427237702551
549,2.064400635199156
550,2.181061995538316
551,2.172509684051824
552,2.2012256109880495
553,2.1964249464270837
554,2.171843432561715
555,2.109725639617421
556,2.4899532635477115
557,2.496811903658348
558,2.452970654804808
559,2.9898563068374173
560,2.6604715052721657
561,2.626314571553829
562,2.411831991080017
563,2.2417943292425493
564,1.9604933428174454
565,2.0352719632510015
566,2.1243189620588874
567,1.8712273503581383
568,1.8697546081375576
569,1.8903711753495582
570,1.8000485146148448
571,1.8034950965431846
572,1.720265447921677
573,1.6031823056938477
574,1.6007054473103657
575,1.7096622562118968
576,1.6425751721391784
577,1.7772023318376988
578,1.7066607676035626
579,1.465622397807925
580,1.4617459448499197
581,1.4990109937247882
582,1.4663605990521396
583,1.4532625726564146
584,1.467194080788538
585,1.4647470165483163
586,1.3032194898054414
587,1.4014648336801687
588,1.3315491962431028
589,1.303732576935054
590,1.2654110431796222
591,1.3000722864889422
592,1.2762949655805214
593,1.2969624372214195
594,1.3589620976884746
595,1.4292749408325238
596,1.4752654614554868
597,1.5574376397775962
598,1.7117207736439872
599,1.7600644929112597
600,1.8736158197257367
601,1.6306188300911875
602,1.578258606642897
603,1.6350205086569234
604,1.8847573184671549
605,1.9576203661966174
606,2.061193406633769
607,2.172630852926325
608,2.047750452128197
609,2.0018399230424246
610,2.145089673831875
611,1.7881112938398227
612,1.9566996361469324
613,2.2877710915693616
614,2.629151265958688
615,3.0339917421959233
616,2.5859892881212634
617,2.583199950562278
618,2.5884190320890577
619,2.6683124020105504
620,2.4118252178843136
621,2.566370362853185
622,2.550727446629312
623,2.7503308505082105
624,2.5951714041102862
625,2.567441899266937
626,2.5376730531086595
627,3.0975691236155645
628,2.524578078251375
629,2.438792933110723
630,2.4225748259128577
631,2.4670026237850626
632,2.340902509872142
633,2.3172462268666565
634,2.2538152042493014
635,2.0789727762305863
636,1.9417483470367065
637,1.8116607878660265
638,1.813851231031602
639,1.8064775695540156
640,1.6299060600122706
641,1.8165429974367004
642,1.8430635674135356
643,2.008543018663568
644,1.8123055459298556
645,1.7859299539566147
646,1.8887732823897416
647,1.865444115774391
648,1.7939672578518244
649,1.7343946076386352
650,1.8201492818566893
651,1.7227397890652942
652,1.8336308335729834
653,1.5840305745323353
654,1.4895283309063378
655,1.5687358353891385
656,1.5216782433394056
657,1.5468797264751002
658,1.5815371949572257
659,1.4755037032519283
660,1.5554115651232419
661,1.4177438179944708
662,1.4010916197089311
663,1.667405720790587
664,1.9469642077407285
665,1.7118654228551746
666,2.021035698019776
667,2.024172346262637
668,2.1638893165853466
669,2.4849548062806153
670,2.63149503925185
671,2.5130071016614974
672,2.402996756276391
673,2.4593496180190475
674,2.5254528729349937
675,2.5846250831778845
676,2.590932429655703
677,2.927464851632713
678,3.000731098564693
679,3.006812906345013
680,2.8635670047165056
681,2.741423601310456
682,2.5972012719125184
683,2.4801322952219476
684,2.4937870424839867
685,2.2209100699681317
686,1.9105417204841568
687,1.9464477834017868
688,1.8317843777379852
689,2.096172831609252
690,1.773034962851186
691,1.8264919428062933
692,1.6714008040617088
693,1.6339963920761063
694,1.5600499347504766
695,1.3086259794013317
696,1.3000473357334414
697,1.1658139418223201
698,0.9125439021721662
699,0.8683958225398671
700,0.8304858561031004
701,0.7965408614668684
702,0.8935495538191541
703,0.8553975779732507
704,0.8553599626334853
705,0.8090221994629213
706,0.7921528084679231
707,0.9640965389823279
708,1.2723017705061617
709,1.228873660591841
710,1.1781637352882612
711,1.1134243083311137
712,1.149749075788109
713,1.261717333252416
714,1.0292830729337576
715,1.0303446495675712
716,1.2688094401625254
717,1.4487184399177526
718,1.4978968875626624
719,1.4789702355144803
720,1.5235004080842676
721,1.5275018184542395
722,1.504104817741626
723,1.632933254902598
724,1.7332828451083349
725,1.7517980812758922
726,1.433946453499389
727,1.4083842915298157
728,1.366069053724958
729,1.5538554172296155
730,1.6398887411519776
731,1.7251297120507199
732,1.5983781512763808
733,1.6123124762945733
734,1.8887479547793546
735,2.0381339350682466
736,2.1355816848010245
737,2.4676313936432606
738,2.6735947343004334
739,2.6446495665889698
740,2.465469960017634
741,2.3965903861949513
742,2.6818105239010106
743,2.5985174622224045
744,2.7996667356859146
745,2.964342289885466
746,2.9170223065587884
747,3.0041552980458612
748,2.6361912682540276
749,2.6288800591591586
750,2.6569348640098363
751,2.6232131377756986
752,2.465120085579324
753,2.359545388173238
754,2.3966617651971034
755,2.2773370089621814
756,2.3196987882996356
757,2.2415310769456624
758,2.2638410316342545
759,2.378634781263218
760,2.497185687856848
761,2.279066288271403
762,2.3027390339965557
763,2.471328688096065
764,2.3147505447451633
765,2.1783691955938687
766,2.254757623533409
767,2.092841259942991
768,2.195189079736495
769,2.130092285802414
770,2.231201110076511
771,2.2376143542138585
772,2.2014554631846237
773,2.3220904797454494
774,2.081921006328474
775,1.8862826572815314
776,2.0055412172938523
777,1.7795204825256663
778,1.8516648609114799
779,1.9569445805959218
780,1.868043866651635
781,1.9677453931923057
782,2.053721866871482
783,2.026550435541469
784,2.001499480543105
785,2.1027080596249546
786,2.2290710160382234
787,2.183870142242004
788,2.173640148556206
789,2.1987016548610017
790,2.039906642004416
791,2.178427961475951
792,2.205735262155951
793,2.1097067154707085
794,2.241814880976892
795,2.188882438818371
796,2.190166282631763
797,2.1924842537629723
798,2.2346962374103847
799,2.19250642260434
800,2.216813200271993
801,2.2247586933077206
802,1.901848083360657
803,1.884522462803253
804,1.7206101124562707
805,1.7170420732756004
806,1.6936994578904854
807,1.7226730441328042
808,1.6771664606572991
809,1.733828491462595
810,1.6742119713414187
811,1.5583614893066116
812,1.4681224601323806
813,1.440564471428194
814,1.412207788628656
815,1.3528599628256235
816,1.304203055651033
817,1.316579834960364
818,1.214797736914991
819,1.1632150049052357
820,1.1809581491474892
821,1.1693424909111332
822,1.1135241969897738
823,1.0154300596793056
824,1.017137306783746
825,1.1277805107996572
826,1.1068319868783925
827,1.2839273646766582
828,1.2895981201426496
829,1.5761513406175272
830,1.708431923699815
831,1.8745467916167564
832,2.0261676846281684
833,2.000929986293753
834,2.207752633612888
835,2.4517828673729314
836,2.654716849953815
837,2.6338937567876726
838,2.7428870009077015
839,2.670151176761924
840,2.566172208330156
841,2.67680534005943
842,2.806878218364751
843,2.6510141105955025
844,2.6618189146342814
845,2.5821029527274497
846,2.5906975528602385
847,2.5185846439653834
848,2.6150452703499276
849,2.511450503360834
850,2.315924217121807
851,2.3114980104526652
852,2.2711456400233554
853,2.2564396549586534
854,2.2870269093513924
855,2.280592798950099
856,2.2370751626319874
857,2.193856360513148
858,2.1389015969591765
859,1.9242571910645414
860,1.8377160813471618
861,1.8074901560709897
862,1.9859601669664269
863,1.8118801376778215
864,1.8367347114712267
865,1.7991833597996145
866,1.613104315417986
867,1.634635063268151
868,1.7408476938333106
869,1.7451409719026998
870,1.6823336981496912
871,1.4399932354711629
872,1.5684225829084324
873,1.3663024016801257
874,1.422336620412095
875,1.4622970085692628
876,1.2949604247460804
877,1.308828965022965
878,1.3742747565616513
879,1.403017998263123
880,1.337007404975638
881,1.3824630412437102
882,1.4160642755318582
883,1.2711530284460775
884,1.382272104785273
885,1.3567944527156928
886,1.3571156566252398
887,1.7007882140977237
888,1.8032702627940325
889,2.2256027000308367
890,2.3331803545880723
891,2.5770721831831485
892,2.4416397396656366
893,2.211599194764096
894,2.437388304567498
895,2.4601237388413395
896,2.3449303054454678
897,2.4798930315134307
898,2.490398239947059
899,2.2286250981132243
900,2.2029448714975186
901,1.8003740605354501
902,2.0195899641709816
903,1.6746704149547669
904,1.7710512361403545
905,1.9723248014399326
906,1.976581688830346
907,2.0236093822792376
908,1.983865533578429
909,2.002047663359327
910,1.7285971942602016
911,1.6158948244753069
912,1.462118405914342
913,1.5388631782515756
914,1.5006393896675303
915,1.5386109630403138
916,1.6655479685142378
917,1.4527608820087223
918,1.510569016274652
919,1.468384357128814
920,1.4339284206823788
921,1.5349911681349377
922,1.3584308230478797
923,1.3950042462424956
924,1.2596546703081923
925,1.3021520683198415
926,1.1782676683322855
927,1.2243170477980516
928,1.1882557105602392
929,1.1671299689257322
930,1.1699283005272267
931,1.1681960084083018
932,1.172020338466652
933,1.1570823198166216
934,1.1016036575464574
935,1.0722397888536683
936,0.9647433526821892
937,0.9440573084200934
938,0.8859007204783832
939,0.9554433970748227
940,0.9048010920793534
941,1.0203056473074048
942,1.0583711832504679
943,1.0395995093818067
944,1.0548517553972887
945,1.1027532358456302
946,1.1024497352299423
947,1.0428937522008885
948,1.0805392030207608
949,0.9185479647185394
950,0.889297729039437
951,0.8586853091865266
952,0.8180324909946833
953,0.8649622623587825
954,0.8231344901602071
955,0.8067386373131683
956,0.7598320588673517
957,0.7671947411291401
958,0.6715312421024993
959,0.6271694962646903
960,0.6585333552634185
961,0.6562953016135946
962,0.6475657695143643
963,0.8959697925131686
964,1.0406300154839998
965,1.3274812103484093
966,1.6999377680556575
967,2.1948678674042816
968,2.3942391557644984
969,2.724166335911025
970,3.3122948122788887
971,3.631864286667609
972,3.975670225146233
973,4.4984693162202065
974,4.711497660044418
975,4.581636134021782
976,5.420838031066339
977,4.6865135005690215
978,5.463815012414423
